-1.0000000000000000 0.0000000101717212
-0.9990000000000000 0.0000000012517738
-0.9980000000000000 0.0000000011994885
-0.9970000000000000 0.0000000002382592
-0.9960000000000000 0.0000000007498429
-0.9950000000000000 0.0000000004966836
-0.9940000000000000 0.0000000000413252
-0.9930000000000000 0.0000000002679670
-0.9920000000000000 0.0000000003450928
-0.9910000000000000 0.0000000002549640
-0.9900000000000000 0.0000000001037073
-0.9890000000000000 0.0000000000253380
-0.9880000000000000 0.0000000000926796
-0.9870000000000000 0.0000000000973941
-0.9860000000000000 0.0000000000611351
-0.9850000000000000 0.0000000000118341
-0.9840000000000000 0.0000000000276259
-0.9830000000000000 0.0000000000446825
-0.9820000000000000 0.0000000000374634
-0.9810000000000000 0.0000000000121538
-0.9800000000000000 0.0000000000211458
-0.9790000000000000 0.0000000000520082
-0.9780000000000000 0.0000000000724540
-0.9770000000000000 0.0000000000782485
-0.9760000000000000 0.0000000000692353
-0.9750000000000000 0.0000000000484164
-0.9740000000000000 0.0000000000208935
-0.9730000000000000 0.0000000000076206
-0.9720000000000000 0.0000000000318998
-0.9710000000000000 0.0000000000482068
-0.9700000000000000 0.0000000000545768
-0.9690000000000000 0.0000000000509388
-0.9680000000000000 0.0000000000389129
-0.9670000000000000 0.0000000000211635
-0.9660000000000000 0.0000000000009912
-0.9650000000000000 0.0000000000182965
-0.9640000000000000 0.0000000000339178
-0.9630000000000000 0.0000000000438227
-0.9620000000000000 0.0000000000469669
-0.9610000000000000 0.0000000000433147
-0.9600000000000000 0.0000000000337188
-0.9590000000000000 0.0000000000196962
-0.9580000000000000 0.0000000000031832
-0.9570000000000000 0.0000000000137597
-0.9560000000000000 0.0000000000291784
-0.9550000000000000 0.0000000000414495
-0.9540000000000000 0.0000000000494609
-0.9530000000000000 0.0000000000525873
-0.9520000000000000 0.0000000000508056
-0.9510000000000000 0.0000000000446096
-0.9500000000000000 0.0000000000348948
-0.9490000000000000 0.0000000000228244
-0.9480000000000000 0.0000000000097042
-0.9470000000000000 0.0000000000031708
-0.9460000000000000 0.0000000000146230
-0.9450000000000000 0.0000000000237232
-0.9440000000000000 0.0000000000298250
-0.9429999999999999 0.0000000000326210
-0.9419999999999999 0.0000000000321201
-0.9409999999999999 0.0000000000286544
-0.9399999999999999 0.0000000000228049
-0.9389999999999999 0.0000000000153051
-0.9379999999999999 0.0000000000069988
-0.9369999999999999 0.0000000000012594
-0.9359999999999999 0.0000000000086615
-0.9349999999999999 0.0000000000145146
-0.9339999999999999 0.0000000000183427
-0.9329999999999999 0.0000000000198082
-0.9319999999999999 0.0000000000188454
-0.9309999999999999 0.0000000000155609
-0.9299999999999999 0.0000000000102673
-0.9289999999999999 0.0000000000034444
-0.9279999999999999 0.0000000000043556
-0.9269999999999999 0.0000000000124682
-0.9259999999999999 0.0000000000202327
-0.9249999999999999 0.0000000000270450
-0.9239999999999999 0.0000000000323528
-0.9229999999999999 0.0000000000357172
-0.9219999999999999 0.0000000000368772
-0.9209999999999999 0.0000000000356799
-0.9199999999999999 0.0000000000321467
-0.9189999999999999 0.0000000000264606
-0.9179999999999999 0.0000000000189324
-0.9169999999999999 0.0000000000099938
-0.9159999999999999 0.0000000000001492
-0.9149999999999999 0.0000000000100471
-0.9139999999999999 0.0000000000199964
-0.9129999999999999 0.0000000000291642
-0.9119999999999999 0.0000000000370353
-0.9109999999999999 0.0000000000431779
-0.9099999999999999 0.0000000000472600
-0.9089999999999999 0.0000000000490878
-0.9079999999999999 0.0000000000485318
-0.9069999999999999 0.0000000000456684
-0.9059999999999999 0.0000000000405951
-0.9049999999999999 0.0000000000336442
-0.9039999999999999 0.0000000000251141
-0.9029999999999999 0.0000000000154419
-0.9019999999999999 0.0000000000051195
-0.9009999999999999 0.0000000000053841
-0.8999999999999999 0.0000000000155413
-0.8989999999999999 0.0000000000249027
-0.8979999999999999 0.0000000000330438
-0.8969999999999999 0.0000000000395932
-0.8959999999999999 0.0000000000442686
-0.8949999999999999 0.0000000000468994
-0.8939999999999999 0.0000000000473772
-0.8929999999999999 0.0000000000457021
-0.8919999999999999 0.0000000000419842
-0.8909999999999999 0.0000000000364029
-0.8899999999999999 0.0000000000292086
-0.8889999999999999 0.0000000000207621
-0.8879999999999999 0.0000000000114184
-0.8869999999999999 0.0000000000015525
-0.8859999999999999 0.0000000000083755
-0.8849999999999999 0.0000000000179838
-0.8839999999999999 0.0000000000268869
-0.8829999999999999 0.0000000000346887
-0.8819999999999999 0.0000000000411617
-0.8809999999999999 0.0000000000460005
-0.8799999999999999 0.0000000000490790
-0.8789999999999999 0.0000000000502709
-0.8779999999999999 0.0000000000495728
-0.8769999999999999 0.0000000000470006
-0.8759999999999999 0.0000000000427072
-0.8749999999999999 0.0000000000368470
-0.8739999999999999 0.0000000000296616
-0.8729999999999999 0.0000000000214389
-0.8719999999999999 0.0000000000124381
-0.8709999999999999 0.0000000000030536
-0.8699999999999999 0.0000000000064233
-0.8689999999999999 0.0000000000156550
-0.8679999999999999 0.0000000000243272
-0.8669999999999999 0.0000000000321680
-0.8659999999999999 0.0000000000389235
-0.8649999999999999 0.0000000000443787
-0.8639999999999999 0.0000000000483862
-0.8629999999999999 0.0000000000508589
-0.8619999999999999 0.0000000000517222
-0.8609999999999999 0.0000000000510010
-0.8599999999999999 0.0000000000487628
-0.8589999999999999 0.0000000000450910
-0.8579999999999999 0.0000000000401368
-0.8569999999999999 0.0000000000341096
-0.8559999999999999 0.0000000000272085
-0.8549999999999999 0.0000000000196714
-0.8539999999999999 0.0000000000117470
-0.8529999999999999 0.0000000000036966
-0.8519999999999999 0.0000000000042562
-0.8509999999999999 0.0000000000118483
-0.8499999999999999 0.0000000000188685
-0.8489999999999999 0.0000000000251497
-0.8479999999999999 0.0000000000305018
-0.8469999999999999 0.0000000000347882
-0.8459999999999999 0.0000000000379394
-0.8449999999999999 0.0000000000399094
-0.8439999999999999 0.0000000000406573
-0.8429999999999999 0.0000000000402185
-0.8419999999999999 0.0000000000386411
-0.8409999999999999 0.0000000000360316
-0.8399999999999999 0.0000000000324789
-0.8389999999999999 0.0000000000281464
-0.8379999999999999 0.0000000000231797
-0.8369999999999999 0.0000000000177351
-0.8359999999999999 0.0000000000120099
-0.8349999999999999 0.0000000000061835
-0.8339999999999999 0.0000000000004174
-0.8329999999999999 0.0000000000051301
-0.8319999999999999 0.0000000000102904
-0.8309999999999998 0.0000000000149232
-0.8299999999999998 0.0000000000189342
-0.8289999999999998 0.0000000000222276
-0.8279999999999998 0.0000000000247322
-0.8269999999999998 0.0000000000264002
-0.8259999999999998 0.0000000000272351
-0.8249999999999998 0.0000000000272191
-0.8239999999999998 0.0000000000264002
-0.8229999999999998 0.0000000000248335
-0.8219999999999998 0.0000000000225882
-0.8209999999999998 0.0000000000197495
-0.8199999999999998 0.0000000000164313
-0.8189999999999998 0.0000000000127418
-0.8179999999999998 0.0000000000087894
-0.8169999999999998 0.0000000000047073
-0.8159999999999998 0.0000000000006075
-0.8149999999999998 0.0000000000033875
-0.8139999999999998 0.0000000000071800
-0.8129999999999998 0.0000000000106475
-0.8119999999999998 0.0000000000137295
-0.8109999999999998 0.0000000000163567
-0.8099999999999998 0.0000000000184599
-0.8089999999999998 0.0000000000199858
-0.8079999999999998 0.0000000000209326
-0.8069999999999998 0.0000000000212932
-0.8059999999999998 0.0000000000210676
-0.8049999999999998 0.0000000000202949
-0.8039999999999998 0.0000000000190035
-0.8029999999999998 0.0000000000172555
-0.8019999999999998 0.0000000000150813
-0.8009999999999998 0.0000000000125873
-0.7999999999999998 0.0000000000098321
-0.7989999999999998 0.0000000000069171
-0.7979999999999998 0.0000000000038742
-0.7969999999999998 0.0000000000008562
-0.7959999999999998 0.0000000000021263
-0.7949999999999998 0.0000000000049702
-0.7939999999999998 0.0000000000075957
-0.7929999999999998 0.0000000000099689
-0.7919999999999998 0.0000000000120259
-0.7909999999999998 0.0000000000137206
-0.7899999999999998 0.0000000000150422
-0.7889999999999998 0.0000000000159766
-0.7879999999999998 0.0000000000164828
-0.7869999999999998 0.0000000000166072
-0.7859999999999998 0.0000000000163283
-0.7849999999999998 0.0000000000156906
-0.7839999999999998 0.0000000000147029
-0.7829999999999998 0.0000000000134346
-0.7819999999999998 0.0000000000119105
-0.7809999999999998 0.0000000000101803
-0.7799999999999998 0.0000000000083045
-0.7789999999999998 0.0000000000063345
-0.7779999999999998 0.0000000000043165
-0.7769999999999998 0.0000000000023253
-0.7759999999999998 0.0000000000003855
-0.7749999999999998 0.0000000000014495
-0.7739999999999998 0.0000000000031264
-0.7729999999999998 0.0000000000046345
-0.7719999999999998 0.0000000000059082
-0.7709999999999998 0.0000000000069598
-0.7699999999999998 0.0000000000077520
-0.7689999999999998 0.0000000000082938
-0.7679999999999998 0.0000000000085656
-0.7669999999999998 0.0000000000085834
-0.7659999999999998 0.0000000000083560
-0.7649999999999998 0.0000000000079154
-0.7639999999999998 0.0000000000072706
-0.7629999999999998 0.0000000000064517
-0.7619999999999998 0.0000000000055191
-0.7609999999999998 0.0000000000044587
-0.7599999999999998 0.0000000000033378
-0.7589999999999998 0.0000000000021885
-0.7579999999999998 0.0000000000010445
-0.7569999999999998 0.0000000000000639
-0.7559999999999998 0.0000000000010907
-0.7549999999999998 0.0000000000020268
-0.7539999999999998 0.0000000000028262
-0.7529999999999998 0.0000000000034781
-0.7519999999999998 0.0000000000039577
-0.7509999999999998 0.0000000000042597
-0.7499999999999998 0.0000000000043769
-0.7489999999999998 0.0000000000043112
-0.7479999999999998 0.0000000000040501
-0.7469999999999998 0.0000000000036326
-0.7459999999999998 0.0000000000030429
-0.7449999999999998 0.0000000000023306
-0.7439999999999998 0.0000000000014904
-0.7429999999999998 0.0000000000005471
-0.7419999999999998 0.0000000000004565
-0.7409999999999998 0.0000000000014992
-0.7399999999999998 0.0000000000025633
-0.7389999999999998 0.0000000000035936
-0.7379999999999998 0.0000000000045759
-0.7369999999999998 0.0000000000054978
-0.7359999999999998 0.0000000000062848
-0.7349999999999998 0.0000000000069527
-0.7339999999999998 0.0000000000074856
-0.7329999999999998 0.0000000000078462
-0.7319999999999998 0.0000000000080256
-0.7309999999999998 0.0000000000080149
-0.7299999999999998 0.0000000000078053
-0.7289999999999998 0.0000000000074092
-0.7279999999999998 0.0000000000068283
-0.7269999999999998 0.0000000000060734
-0.7259999999999998 0.0000000000051301
-0.7249999999999998 0.0000000000040519
-0.7239999999999998 0.0000000000028404
-0.7229999999999998 0.0000000000015241
-0.7219999999999998 0.0000000000001297
-0.7209999999999998 0.0000000000013198
-0.7199999999999998 0.0000000000028013
-0.7189999999999998 0.0000000000042686
-0.7179999999999997 0.0000000000057003
-0.7169999999999997 0.0000000000070788
-0.7159999999999997 0.0000000000083595
-0.7149999999999997 0.0000000000095195
-0.7139999999999997 0.0000000000105409
-0.7129999999999997 0.0000000000113971
-0.7119999999999997 0.0000000000120792
-0.7109999999999997 0.0000000000125393
-0.7099999999999997 0.0000000000127987
-0.7089999999999997 0.0000000000128590
-0.7079999999999997 0.0000000000126885
-0.7069999999999997 0.0000000000123048
-0.7059999999999997 0.0000000000116955
-0.7049999999999997 0.0000000000108944
-0.7039999999999997 0.0000000000098996
-0.7029999999999997 0.0000000000087361
-0.7019999999999997 0.0000000000074127
-0.7009999999999997 0.0000000000059668
-0.6999999999999997 0.0000000000043983
-0.6989999999999997 0.0000000000027445
-0.6979999999999997 0.0000000000010552
-0.6969999999999997 0.0000000000006803
-0.6959999999999997 0.0000000000023750
-0.6949999999999997 0.0000000000040803
-0.6939999999999997 0.0000000000057039
-0.6929999999999997 0.0000000000072440
-0.6919999999999997 0.0000000000086562
-0.6909999999999997 0.0000000000099405
-0.6899999999999997 0.0000000000110738
-0.6889999999999997 0.0000000000120313
-0.6879999999999997 0.0000000000127969
-0.6869999999999997 0.0000000000133671
-0.6859999999999997 0.0000000000137259
-0.6849999999999997 0.0000000000138733
-0.6839999999999997 0.0000000000138130
-0.6829999999999997 0.0000000000135429
-0.6819999999999997 0.0000000000130864
-0.6809999999999997 0.0000000000124132
-0.6799999999999997 0.0000000000115641
-0.6789999999999997 0.0000000000105569
-0.6779999999999997 0.0000000000094005
-0.6769999999999997 0.0000000000081180
-0.6759999999999997 0.0000000000067555
-0.6749999999999997 0.0000000000053042
-0.6739999999999997 0.0000000000037925
-0.6729999999999997 0.0000000000022649
-0.6719999999999997 0.0000000000007176
-0.6709999999999997 0.0000000000007976
-0.6699999999999997 0.0000000000022720
-0.6689999999999997 0.0000000000036735
-0.6679999999999997 0.0000000000050040
-0.6669999999999997 0.0000000000061995
-0.6659999999999997 0.0000000000072742
-0.6649999999999997 0.0000000000082174
-0.6639999999999997 0.0000000000090061
-0.6629999999999997 0.0000000000096154
-0.6619999999999997 0.0000000000100719
-0.6609999999999997 0.0000000000103366
-0.6599999999999997 0.0000000000104414
-0.6589999999999997 0.0000000000103650
-0.6579999999999997 0.0000000000101252
-0.6569999999999997 0.0000000000097362
-0.6559999999999997 0.0000000000091749
-0.6549999999999997 0.0000000000084750
-0.6539999999999997 0.0000000000076668
-0.6529999999999997 0.0000000000067413
-0.6519999999999997 0.0000000000057181
-0.6509999999999997 0.0000000000046452
-0.6499999999999997 0.0000000000034941
-0.6489999999999997 0.0000000000023270
-0.6479999999999997 0.0000000000011529
-0.6469999999999997 0.0000000000000249
-0.6459999999999997 0.0000000000011866
-0.6449999999999997 0.0000000000022897
-0.6439999999999997 0.0000000000033307
-0.6429999999999997 0.0000000000042952
-0.6419999999999997 0.0000000000051745
-0.6409999999999997 0.0000000000059455
-0.6399999999999997 0.0000000000066009
-0.6389999999999997 0.0000000000071445
-0.6379999999999997 0.0000000000075389
-0.6369999999999997 0.0000000000078142
-0.6359999999999997 0.0000000000079439
-0.6349999999999997 0.0000000000079456
-0.6339999999999997 0.0000000000078071
-0.6329999999999997 0.0000000000075531
-0.6319999999999997 0.0000000000071694
-0.6309999999999997 0.0000000000066809
-0.6299999999999997 0.0000000000060751
-0.6289999999999997 0.0000000000053877
-0.6279999999999997 0.0000000000046310
-0.6269999999999997 0.0000000000038085
-0.6259999999999997 0.0000000000029363
-0.6249999999999997 0.0000000000020197
-0.6239999999999997 0.0000000000010907
-0.6229999999999997 0.0000000000001634
-0.6219999999999997 0.0000000000007585
-0.6209999999999997 0.0000000000016520
-0.6199999999999997 0.0000000000025064
-0.6189999999999997 0.0000000000033111
-0.6179999999999997 0.0000000000040519
-0.6169999999999997 0.0000000000047269
-0.6159999999999997 0.0000000000053060
-0.6149999999999997 0.0000000000058034
-0.6139999999999997 0.0000000000062048
-0.6129999999999997 0.0000000000065032
-0.6119999999999997 0.0000000000066915
-0.6109999999999997 0.0000000000067910
-0.6099999999999997 0.0000000000067892
-0.6089999999999997 0.0000000000066880
-0.6079999999999997 0.0000000000064873
-0.6069999999999997 0.0000000000061995
-0.6059999999999997 0.0000000000058265
-0.6049999999999996 0.0000000000053788
-0.6039999999999996 0.0000000000048868
-0.6029999999999996 0.0000000000043165
-0.6019999999999996 0.0000000000037002
-0.6009999999999996 0.0000000000030678
-0.5999999999999996 0.0000000000023963
-0.5989999999999996 0.0000000000017248
-0.5979999999999996 0.0000000000010516
-0.5969999999999996 0.0000000000003784
-0.5959999999999996 0.0000000000002665
-0.5949999999999996 0.0000000000008704
-0.5939999999999996 0.0000000000014371
-0.5929999999999996 0.0000000000019682
-0.5919999999999996 0.0000000000024301
-0.5909999999999996 0.0000000000028333
-0.5899999999999996 0.0000000000031743
-0.5889999999999996 0.0000000000034497
-0.5879999999999996 0.0000000000036540
-0.5869999999999996 0.0000000000037765
-0.5859999999999996 0.0000000000038280
-0.5849999999999996 0.0000000000038138
-0.5839999999999996 0.0000000000037250
-0.5829999999999996 0.0000000000035758
-0.5819999999999996 0.0000000000033786
-0.5809999999999996 0.0000000000031211
-0.5799999999999996 0.0000000000028102
-0.5789999999999996 0.0000000000024727
-0.5779999999999996 0.0000000000020961
-0.5769999999999996 0.0000000000016946
-0.5759999999999996 0.0000000000012736
-0.5749999999999996 0.0000000000008527
-0.5739999999999996 0.0000000000004530
-0.5729999999999996 0.0000000000000497
-0.5719999999999996 0.0000000000003304
-0.5709999999999996 0.0000000000006857
-0.5699999999999996 0.0000000000010072
-0.5689999999999996 0.0000000000012825
-0.5679999999999996 0.0000000000015259
-0.5669999999999996 0.0000000000017142
-0.5659999999999996 0.0000000000018439
-0.5649999999999996 0.0000000000019202
-0.5639999999999996 0.0000000000019309
-0.5629999999999996 0.0000000000018900
-0.5619999999999996 0.0000000000017906
-0.5609999999999996 0.0000000000016342
-0.5599999999999996 0.0000000000014193
-0.5589999999999996 0.0000000000011671
-0.5579999999999996 0.0000000000008669
-0.5569999999999996 0.0000000000005222
-0.5559999999999996 0.0000000000001510
-0.5549999999999996 0.0000000000002505
-0.5539999999999996 0.0000000000006590
-0.5529999999999996 0.0000000000010907
-0.5519999999999996 0.0000000000015206
-0.5509999999999996 0.0000000000019593
-0.5499999999999996 0.0000000000023768
-0.5489999999999996 0.0000000000027551
-0.5479999999999996 0.0000000000031157
-0.5469999999999996 0.0000000000034532
-0.5459999999999996 0.0000000000037268
-0.5449999999999996 0.0000000000039648
-0.5439999999999996 0.0000000000041460
-0.5429999999999996 0.0000000000042597
-0.5419999999999996 0.0000000000043201
-0.5409999999999996 0.0000000000042988
-0.5399999999999996 0.0000000000042188
-0.5389999999999996 0.0000000000040590
-0.5379999999999996 0.0000000000038547
-0.5369999999999996 0.0000000000035580
-0.5359999999999996 0.0000000000031974
-0.5349999999999996 0.0000000000027836
-0.5339999999999996 0.0000000000023146
-0.5329999999999996 0.0000000000017870
-0.5319999999999996 0.0000000000012150
-0.5309999999999996 0.0000000000006004
-0.5299999999999996 0.0000000000000462
-0.5289999999999996 0.0000000000007070
-0.5279999999999996 0.0000000000013802
-0.5269999999999996 0.0000000000020766
-0.5259999999999996 0.0000000000027605
-0.5249999999999996 0.0000000000034337
-0.5239999999999996 0.0000000000040785
-0.5229999999999996 0.0000000000047020
-0.5219999999999996 0.0000000000052776
-0.5209999999999996 0.0000000000058122
-0.5199999999999996 0.0000000000062901
-0.5189999999999996 0.0000000000067075
-0.5179999999999996 0.0000000000070557
-0.5169999999999996 0.0000000000073133
-0.5159999999999996 0.0000000000075122
-0.5149999999999996 0.0000000000076170
-0.5139999999999996 0.0000000000076383
-0.5129999999999996 0.0000000000075673
-0.5119999999999996 0.0000000000074039
-0.5109999999999996 0.0000000000071729
-0.5099999999999996 0.0000000000068443
-0.5089999999999996 0.0000000000064357
-0.5079999999999996 0.0000000000059526
-0.5069999999999996 0.0000000000053841
-0.5059999999999996 0.0000000000047624
-0.5049999999999996 0.0000000000040572
-0.5039999999999996 0.0000000000033200
-0.5029999999999996 0.0000000000025260
-0.5019999999999996 0.0000000000017053
-0.5009999999999996 0.0000000000008544
-0.4999999999999996 0.0000000000000124
-0.4989999999999996 0.0000000000008971
-0.4979999999999996 0.0000000000017728
-0.4969999999999996 0.0000000000026219
-0.4959999999999996 0.0000000000034657
-0.4949999999999996 0.0000000000042650
-0.4939999999999996 0.0000000000050324
-0.4929999999999995 0.0000000000057430
-0.4919999999999995 0.0000000000063878
-0.4909999999999995 0.0000000000069704
-0.4899999999999995 0.0000000000074731
-0.4889999999999995 0.0000000000079066
-0.4879999999999995 0.0000000000082512
-0.4869999999999995 0.0000000000085159
-0.4859999999999995 0.0000000000086722
-0.4849999999999995 0.0000000000087486
-0.4839999999999995 0.0000000000087272
-0.4829999999999995 0.0000000000086118
-0.4819999999999995 0.0000000000084004
-0.4809999999999995 0.0000000000080984
-0.4799999999999995 0.0000000000077174
-0.4789999999999995 0.0000000000072466
-0.4779999999999995 0.0000000000067031
-0.4769999999999995 0.0000000000060894
-0.4759999999999995 0.0000000000054117
-0.4749999999999995 0.0000000000046851
-0.4739999999999995 0.0000000000039062
-0.4729999999999995 0.0000000000030917
-0.4719999999999995 0.0000000000022489
-0.4709999999999995 0.0000000000013900
-0.4699999999999995 0.0000000000005249
-0.4689999999999995 0.0000000000003402
-0.4679999999999995 0.0000000000011982
-0.4669999999999995 0.0000000000020304
-0.4659999999999995 0.0000000000028315
-0.4649999999999995 0.0000000000035998
-0.4639999999999995 0.0000000000043112
-0.4629999999999995 0.0000000000049800
-0.4619999999999995 0.0000000000055724
-0.4609999999999995 0.0000000000061045
-0.4599999999999995 0.0000000000065548
-0.4589999999999995 0.0000000000069305
-0.4579999999999995 0.0000000000072262
-0.4569999999999995 0.0000000000074349
-0.4559999999999995 0.0000000000075557
-0.4549999999999995 0.0000000000075904
-0.4539999999999995 0.0000000000075424
-0.4529999999999995 0.0000000000074047
-0.4519999999999995 0.0000000000071818
-0.4509999999999995 0.0000000000068843
-0.4499999999999995 0.0000000000065130
-0.4489999999999995 0.0000000000060716
-0.4479999999999995 0.0000000000055609
-0.4469999999999995 0.0000000000049942
-0.4459999999999995 0.0000000000043858
-0.4449999999999995 0.0000000000037286
-0.4439999999999995 0.0000000000030402
-0.4429999999999995 0.0000000000023173
-0.4419999999999995 0.0000000000015854
-0.4409999999999995 0.0000000000008473
-0.4399999999999995 0.0000000000000933
-0.4389999999999995 0.0000000000006333
-0.4379999999999995 0.0000000000013500
-0.4369999999999995 0.0000000000020384
-0.4359999999999995 0.0000000000026974
-0.4349999999999995 0.0000000000033120
-0.4339999999999995 0.0000000000038831
-0.4329999999999995 0.0000000000043956
-0.4319999999999995 0.0000000000048495
-0.4309999999999995 0.0000000000052447
-0.4299999999999995 0.0000000000055627
-0.4289999999999995 0.0000000000058149
-0.4279999999999995 0.0000000000059925
-0.4269999999999995 0.0000000000060956
-0.4259999999999995 0.0000000000061240
-0.4249999999999995 0.0000000000060778
-0.4239999999999995 0.0000000000059588
-0.4229999999999995 0.0000000000057714
-0.4219999999999995 0.0000000000055094
-0.4209999999999995 0.0000000000051870
-0.4199999999999995 0.0000000000048033
-0.4189999999999995 0.0000000000043663
-0.4179999999999995 0.0000000000038805
-0.4169999999999995 0.0000000000033546
-0.4159999999999995 0.0000000000027915
-0.4149999999999995 0.0000000000021982
-0.4139999999999995 0.0000000000015765
-0.4129999999999995 0.0000000000009521
-0.4119999999999995 0.0000000000003197
-0.4109999999999995 0.0000000000003189
-0.4099999999999995 0.0000000000009379
-0.4089999999999995 0.0000000000015525
-0.4079999999999995 0.0000000000021334
-0.4069999999999995 0.0000000000026903
-0.4059999999999995 0.0000000000032037
-0.4049999999999995 0.0000000000036877
-0.4039999999999995 0.0000000000041149
-0.4029999999999995 0.0000000000044889
-0.4019999999999995 0.0000000000048095
-0.4009999999999995 0.0000000000050697
-0.3999999999999995 0.0000000000052758
-0.3989999999999995 0.0000000000054099
-0.3979999999999995 0.0000000000054792
-0.3969999999999995 0.0000000000054872
-0.3959999999999995 0.0000000000054312
-0.3949999999999995 0.0000000000053069
-0.3939999999999995 0.0000000000051212
-0.3929999999999995 0.0000000000048814
-0.3919999999999995 0.0000000000045803
-0.3909999999999995 0.0000000000042357
-0.3899999999999995 0.0000000000038352
-0.3889999999999995 0.0000000000033991
-0.3879999999999995 0.0000000000029248
-0.3869999999999995 0.0000000000024185
-0.3859999999999995 0.0000000000018892
-0.3849999999999995 0.0000000000013385
-0.3839999999999995 0.0000000000007789
-0.3829999999999995 0.0000000000002149
-0.3819999999999995 0.0000000000003464
-0.3809999999999995 0.0000000000009033
-0.3799999999999994 0.0000000000014397
-0.3789999999999994 0.0000000000019575
-0.3779999999999994 0.0000000000024505
-0.3769999999999994 0.0000000000029123
-0.3759999999999994 0.0000000000033396
-0.3749999999999994 0.0000000000037179
-0.3739999999999994 0.0000000000040563
-0.3729999999999994 0.0000000000043325
-0.3719999999999994 0.0000000000045741
-0.3709999999999994 0.0000000000047500
-0.3699999999999994 0.0000000000048770
-0.3689999999999994 0.0000000000049445
-0.3679999999999994 0.0000000000049498
-0.3669999999999994 0.0000000000048983
-0.3659999999999994 0.0000000000047997
-0.3649999999999994 0.0000000000046363
-0.3639999999999994 0.0000000000044285
-0.3629999999999994 0.0000000000041727
-0.3619999999999994 0.0000000000038680
-0.3609999999999994 0.0000000000035261
-0.3599999999999994 0.0000000000031397
-0.3589999999999994 0.0000000000027285
-0.3579999999999994 0.0000000000022924
-0.3569999999999994 0.0000000000018296
-0.3559999999999994 0.0000000000013527
-0.3549999999999994 0.0000000000008651
-0.3539999999999994 0.0000000000003677
-0.3529999999999994 0.0000000000001252
-0.3519999999999994 0.0000000000006031
-0.3509999999999994 0.0000000000010756
-0.3499999999999994 0.0000000000015312
-0.3489999999999994 0.0000000000019602
-0.3479999999999994 0.0000000000023599
-0.3469999999999994 0.0000000000027232
-0.3459999999999994 0.0000000000030642
-0.3449999999999994 0.0000000000033520
-0.3439999999999994 0.0000000000035998
-0.3429999999999994 0.0000000000037961
-0.3419999999999994 0.0000000000039595
-0.3409999999999994 0.0000000000040581
-0.3399999999999994 0.0000000000041132
-0.3389999999999994 0.0000000000041220
-0.3379999999999994 0.0000000000040732
-0.3369999999999994 0.0000000000039782
-0.3359999999999994 0.0000000000038352
-0.3349999999999994 0.0000000000036549
-0.3339999999999994 0.0000000000034195
-0.3329999999999994 0.0000000000031450
-0.3319999999999994 0.0000000000028431
-0.3309999999999994 0.0000000000025020
-0.3299999999999994 0.0000000000021290
-0.3289999999999994 0.0000000000017408
-0.3279999999999994 0.0000000000013323
-0.3269999999999994 0.0000000000009095
-0.3259999999999994 0.0000000000004752
-0.3249999999999994 0.0000000000000417
-0.3239999999999994 0.0000000000003935
-0.3229999999999994 0.0000000000008171
-0.3219999999999994 0.0000000000012310
-0.3209999999999994 0.0000000000016280
-0.3199999999999994 0.0000000000019984
-0.3189999999999994 0.0000000000023466
-0.3179999999999994 0.0000000000026645
-0.3169999999999994 0.0000000000029488
-0.3159999999999994 0.0000000000031930
-0.3149999999999994 0.0000000000033991
-0.3139999999999994 0.0000000000035589
-0.3129999999999994 0.0000000000036797
-0.3119999999999994 0.0000000000037428
-0.3109999999999994 0.0000000000037712
-0.3099999999999994 0.0000000000037481
-0.3089999999999994 0.0000000000036859
-0.3079999999999994 0.0000000000035714
-0.3069999999999994 0.0000000000034115
-0.3059999999999994 0.0000000000032090
-0.3049999999999994 0.0000000000029718
-0.3039999999999994 0.0000000000026921
-0.3029999999999994 0.0000000000023723
-0.3019999999999994 0.0000000000020366
-0.3009999999999994 0.0000000000016662
-0.2999999999999994 0.0000000000012772
-0.2989999999999994 0.0000000000008669
-0.2979999999999994 0.0000000000004450
-0.2969999999999994 0.0000000000000204
-0.2959999999999994 0.0000000000004174
-0.2949999999999994 0.0000000000008420
-0.2939999999999994 0.0000000000012665
-0.2929999999999994 0.0000000000016724
-0.2919999999999994 0.0000000000020659
-0.2909999999999994 0.0000000000024389
-0.2899999999999994 0.0000000000027764
-0.2889999999999994 0.0000000000030935
-0.2879999999999994 0.0000000000033689
-0.2869999999999994 0.0000000000036131
-0.2859999999999994 0.0000000000038174
-0.2849999999999994 0.0000000000039773
-0.2839999999999994 0.0000000000040874
-0.2829999999999994 0.0000000000041576
-0.2819999999999994 0.0000000000041780
-0.2809999999999994 0.0000000000041531
-0.2799999999999994 0.0000000000040803
-0.2789999999999994 0.0000000000039568
-0.2779999999999994 0.0000000000037854
-0.2769999999999994 0.0000000000035776
-0.2759999999999994 0.0000000000033236
-0.2749999999999994 0.0000000000030269
-0.2739999999999994 0.0000000000026965
-0.2729999999999994 0.0000000000023332
-0.2719999999999994 0.0000000000019416
-0.2709999999999994 0.0000000000015259
-0.2699999999999994 0.0000000000010800
-0.2689999999999994 0.0000000000006271
-0.2679999999999993 0.0000000000001572
-0.2669999999999993 0.0000000000003135
-0.2659999999999993 0.0000000000007878
-0.2649999999999993 0.0000000000012568
-0.2639999999999993 0.0000000000017186
-0.2629999999999993 0.0000000000021636
-0.2619999999999993 0.0000000000025961
-0.2609999999999993 0.0000000000030056
-0.2599999999999993 0.0000000000033822
-0.2589999999999993 0.0000000000037268
-0.2579999999999993 0.0000000000040368
-0.2569999999999993 0.0000000000043059
-0.2559999999999993 0.0000000000045342
-0.2549999999999993 0.0000000000047171
-0.2539999999999993 0.0000000000048566
-0.2529999999999993 0.0000000000049418
-0.2519999999999993 0.0000000000049756
-0.2509999999999993 0.0000000000049649
-0.2499999999999993 0.0000000000049001
-0.2489999999999993 0.0000000000047864
-0.2479999999999993 0.0000000000046265
-0.2469999999999993 0.0000000000044196
-0.2459999999999993 0.0000000000041673
-0.2449999999999993 0.0000000000038662
-0.2439999999999993 0.0000000000035207
-0.2429999999999993 0.0000000000031459
-0.2419999999999993 0.0000000000027347
-0.2409999999999993 0.0000000000022968
-0.2399999999999993 0.0000000000018341
-0.2389999999999993 0.0000000000013447
-0.2379999999999993 0.0000000000008535
-0.2369999999999993 0.0000000000003437
-0.2359999999999993 0.0000000000001714
-0.2349999999999993 0.0000000000006901
-0.2339999999999993 0.0000000000012017
-0.2329999999999993 0.0000000000017026
-0.2319999999999993 0.0000000000021876
-0.2309999999999993 0.0000000000026494
-0.2299999999999993 0.0000000000030882
-0.2289999999999993 0.0000000000035030
-0.2279999999999993 0.0000000000038796
-0.2269999999999993 0.0000000000042242
-0.2259999999999993 0.0000000000045253
-0.2249999999999993 0.0000000000047775
-0.2239999999999993 0.0000000000049889
-0.2229999999999993 0.0000000000051585
-0.2219999999999993 0.0000000000052687
-0.2209999999999993 0.0000000000053308
-0.2199999999999993 0.0000000000053486
-0.2189999999999993 0.0000000000053024
-0.2179999999999993 0.0000000000052189
-0.2169999999999993 0.0000000000050768
-0.2159999999999993 0.0000000000048850
-0.2149999999999993 0.0000000000046496
-0.2139999999999993 0.0000000000043689
-0.2129999999999993 0.0000000000040510
-0.2119999999999993 0.0000000000036877
-0.2109999999999993 0.0000000000032916
-0.2099999999999993 0.0000000000028733
-0.2089999999999993 0.0000000000024141
-0.2079999999999993 0.0000000000019451
-0.2069999999999993 0.0000000000014504
-0.2059999999999993 0.0000000000009468
-0.2049999999999993 0.0000000000004405
-0.2039999999999993 0.0000000000000746
-0.2029999999999993 0.0000000000005835
-0.2019999999999993 0.0000000000010845
-0.2009999999999993 0.0000000000015739
-0.1999999999999993 0.0000000000020499
-0.1989999999999993 0.0000000000024993
-0.1979999999999993 0.0000000000029186
-0.1969999999999993 0.0000000000033138
-0.1959999999999993 0.0000000000036735
-0.1949999999999993 0.0000000000039986
-0.1939999999999993 0.0000000000042784
-0.1929999999999993 0.0000000000045146
-0.1919999999999993 0.0000000000047091
-0.1909999999999993 0.0000000000048548
-0.1899999999999993 0.0000000000049534
-0.1889999999999993 0.0000000000049996
-0.1879999999999993 0.0000000000049978
-0.1869999999999993 0.0000000000049489
-0.1859999999999993 0.0000000000048477
-0.1849999999999993 0.0000000000047020
-0.1839999999999993 0.0000000000045173
-0.1829999999999993 0.0000000000042810
-0.1819999999999993 0.0000000000040057
-0.1809999999999993 0.0000000000036966
-0.1799999999999993 0.0000000000033475
-0.1789999999999993 0.0000000000029683
-0.1779999999999993 0.0000000000025633
-0.1769999999999993 0.0000000000021414
-0.1759999999999993 0.0000000000016920
-0.1749999999999993 0.0000000000012346
-0.1739999999999993 0.0000000000007665
-0.1729999999999993 0.0000000000002904
-0.1719999999999993 0.0000000000001812
-0.1709999999999993 0.0000000000006448
-0.1699999999999993 0.0000000000011058
-0.1689999999999993 0.0000000000015499
-0.1679999999999993 0.0000000000019744
-0.1669999999999993 0.0000000000023812
-0.1659999999999993 0.0000000000027525
-0.1649999999999993 0.0000000000030944
-0.1639999999999993 0.0000000000034079
-0.1629999999999993 0.0000000000036877
-0.1619999999999993 0.0000000000039240
-0.1609999999999993 0.0000000000041203
-0.1599999999999993 0.0000000000042686
-0.1589999999999993 0.0000000000043743
-0.1579999999999993 0.0000000000044373
-0.1569999999999993 0.0000000000044516
-0.1559999999999993 0.0000000000044276
-0.1549999999999992 0.0000000000043539
-0.1539999999999992 0.0000000000042348
-0.1529999999999992 0.0000000000040838
-0.1519999999999992 0.0000000000038760
-0.1509999999999992 0.0000000000036371
-0.1499999999999992 0.0000000000033671
-0.1489999999999992 0.0000000000030553
-0.1479999999999992 0.0000000000027232
-0.1469999999999992 0.0000000000023617
-0.1459999999999992 0.0000000000019789
-0.1449999999999992 0.0000000000015747
-0.1439999999999992 0.0000000000011635
-0.1429999999999992 0.0000000000007372
-0.1419999999999992 0.0000000000002984
-0.1409999999999992 0.0000000000001226
-0.1399999999999992 0.0000000000005489
-0.1389999999999992 0.0000000000009681
-0.1379999999999992 0.0000000000013776
-0.1369999999999992 0.0000000000017648
-0.1359999999999992 0.0000000000021414
-0.1349999999999992 0.0000000000024860
-0.1339999999999992 0.0000000000028075
-0.1329999999999992 0.0000000000030909
-0.1319999999999992 0.0000000000033493
-0.1309999999999992 0.0000000000035660
-0.1299999999999992 0.0000000000037490
-0.1289999999999992 0.0000000000038938
-0.1279999999999992 0.0000000000039933
-0.1269999999999992 0.0000000000040554
-0.1259999999999992 0.0000000000040670
-0.1249999999999992 0.0000000000040439
-0.1239999999999992 0.0000000000039799
-0.1229999999999992 0.0000000000038742
-0.1219999999999992 0.0000000000037330
-0.1209999999999992 0.0000000000035429
-0.1199999999999992 0.0000000000033298
-0.1189999999999992 0.0000000000030758
-0.1179999999999992 0.0000000000027915
-0.1169999999999992 0.0000000000024754
-0.1159999999999992 0.0000000000021432
-0.1149999999999992 0.0000000000017879
-0.1139999999999992 0.0000000000014193
-0.1129999999999992 0.0000000000010312
-0.1119999999999992 0.0000000000006368
-0.1109999999999992 0.0000000000002416
-0.1099999999999992 0.0000000000001679
-0.1089999999999992 0.0000000000005578
-0.1079999999999992 0.0000000000009566
-0.1069999999999992 0.0000000000013323
-0.1059999999999992 0.0000000000016991
-0.1049999999999992 0.0000000000020446
-0.1039999999999992 0.0000000000023626
-0.1029999999999992 0.0000000000026672
-0.1019999999999992 0.0000000000029354
-0.1009999999999992 0.0000000000031726
-0.0999999999999992 0.0000000000033795
-0.0989999999999992 0.0000000000035483
-0.0979999999999992 0.0000000000036842
-0.0969999999999992 0.0000000000037712
-0.0959999999999992 0.0000000000038289
-0.0949999999999992 0.0000000000038449
-0.0939999999999992 0.0000000000038183
-0.0929999999999992 0.0000000000037561
-0.0919999999999992 0.0000000000036593
-0.0909999999999992 0.0000000000035199
-0.0899999999999992 0.0000000000033413
-0.0889999999999992 0.0000000000031308
-0.0879999999999992 0.0000000000028910
-0.0869999999999992 0.0000000000026263
-0.0859999999999992 0.0000000000023270
-0.0849999999999992 0.0000000000020108
-0.0839999999999992 0.0000000000016733
-0.0829999999999992 0.0000000000013172
-0.0819999999999992 0.0000000000009477
-0.0809999999999992 0.0000000000005711
-0.0799999999999992 0.0000000000001954
-0.0789999999999992 0.0000000000001936
-0.0779999999999992 0.0000000000005738
-0.0769999999999992 0.0000000000009495
-0.0759999999999992 0.0000000000013065
-0.0749999999999992 0.0000000000016582
-0.0739999999999992 0.0000000000019851
-0.0729999999999992 0.0000000000022951
-0.0719999999999992 0.0000000000025766
-0.0709999999999992 0.0000000000028377
-0.0699999999999992 0.0000000000030669
-0.0689999999999992 0.0000000000032641
-0.0679999999999992 0.0000000000034222
-0.0669999999999992 0.0000000000035492
-0.0659999999999992 0.0000000000036406
-0.0649999999999992 0.0000000000036939
-0.0639999999999992 0.0000000000037064
-0.0629999999999992 0.0000000000036859
-0.0619999999999992 0.0000000000036211
-0.0609999999999992 0.0000000000035314
-0.0599999999999992 0.0000000000033875
-0.0589999999999992 0.0000000000032196
-0.0579999999999992 0.0000000000030145
-0.0569999999999992 0.0000000000027853
-0.0559999999999992 0.0000000000025162
-0.0549999999999992 0.0000000000022338
-0.0539999999999992 0.0000000000019247
-0.0529999999999992 0.0000000000015907
-0.0519999999999992 0.0000000000012434
-0.0509999999999992 0.0000000000008873
-0.0499999999999992 0.0000000000005196
-0.0489999999999992 0.0000000000001448
-0.0479999999999992 0.0000000000002256
-0.0469999999999992 0.0000000000006031
-0.0459999999999992 0.0000000000009654
-0.0449999999999992 0.0000000000013225
-0.0439999999999992 0.0000000000016618
-0.0429999999999992 0.0000000000019886
-0.0419999999999991 0.0000000000022959
-0.0409999999999991 0.0000000000025748
-0.0399999999999991 0.0000000000028271
-0.0389999999999991 0.0000000000030518
-0.0379999999999991 0.0000000000032552
-0.0369999999999991 0.0000000000034115
-0.0359999999999991 0.0000000000035376
-0.0349999999999991 0.0000000000036371
-0.0339999999999991 0.0000000000036868
-0.0329999999999991 0.0000000000037090
-0.0319999999999991 0.0000000000036868
-0.0309999999999991 0.0000000000036318
-0.0299999999999991 0.0000000000035341
-0.0289999999999991 0.0000000000034097
-0.0279999999999991 0.0000000000032419
-0.0269999999999991 0.0000000000030482
-0.0259999999999991 0.0000000000028164
-0.0249999999999991 0.0000000000025615
-0.0239999999999991 0.0000000000022817
-0.0229999999999991 0.0000000000019762
-0.0219999999999991 0.0000000000016520
-0.0209999999999991 0.0000000000013101
-0.0199999999999991 0.0000000000009539
-0.0189999999999991 0.0000000000005960
-0.0179999999999991 0.0000000000002292
-0.0169999999999991 0.0000000000001528
-0.0159999999999991 0.0000000000005169
-0.0149999999999991 0.0000000000008864
-0.0139999999999991 0.0000000000012426
-0.0129999999999991 0.0000000000015872
-0.0119999999999991 0.0000000000019096
-0.0109999999999991 0.0000000000022240
-0.0099999999999991 0.0000000000025029
-0.0089999999999991 0.0000000000027685
-0.0079999999999991 0.0000000000030020
-0.0069999999999991 0.0000000000032072
-0.0059999999999991 0.0000000000033769
-0.0049999999999991 0.0000000000035119
-0.0039999999999991 0.0000000000036158
-0.0029999999999991 0.0000000000036753
-0.0019999999999991 0.0000000000037073
-0.0009999999999991 0.0000000000036984
0.0000000000000009 0.0000000000036540
0.0010000000000009 0.0000000000035718
0.0020000000000009 0.0000000000034559
0.0030000000000009 0.0000000000033040
0.0040000000000009 0.0000000000031162
0.0050000000000009 0.0000000000029012
0.0060000000000009 0.0000000000026570
0.0070000000000009 0.0000000000023852
0.0080000000000009 0.0000000000020894
0.0090000000000009 0.0000000000017741
0.0100000000000009 0.0000000000014415
0.0110000000000009 0.0000000000010942
0.0120000000000009 0.0000000000007359
0.0130000000000009 0.0000000000003721
0.0140000000000009 0.0000000000000040
0.0150000000000009 0.0000000000003642
0.0160000000000009 0.0000000000007265
0.0170000000000009 0.0000000000010822
0.0180000000000009 0.0000000000014242
0.0190000000000009 0.0000000000017573
0.0200000000000009 0.0000000000020659
0.0210000000000009 0.0000000000023581
0.0220000000000009 0.0000000000026206
0.0230000000000009 0.0000000000028635
0.0240000000000009 0.0000000000030740
0.0250000000000009 0.0000000000032512
0.0260000000000009 0.0000000000033964
0.0270000000000009 0.0000000000035114
0.0280000000000009 0.0000000000035865
0.0290000000000009 0.0000000000036242
0.0300000000000009 0.0000000000036260
0.0310000000000009 0.0000000000035922
0.0320000000000009 0.0000000000035199
0.0330000000000009 0.0000000000034168
0.0340000000000009 0.0000000000032743
0.0350000000000009 0.0000000000031015
0.0360000000000009 0.0000000000028981
0.0370000000000009 0.0000000000026636
0.0380000000000009 0.0000000000023999
0.0390000000000009 0.0000000000021143
0.0400000000000009 0.0000000000018092
0.0410000000000009 0.0000000000014841
0.0420000000000009 0.0000000000011462
0.0430000000000009 0.0000000000007945
0.0440000000000009 0.0000000000004361
0.0450000000000009 0.0000000000000719
0.0460000000000009 0.0000000000002891
0.0470000000000009 0.0000000000006533
0.0480000000000009 0.0000000000010094
0.0490000000000009 0.0000000000013523
0.0500000000000009 0.0000000000016835
0.0510000000000009 0.0000000000019944
0.0520000000000009 0.0000000000022911
0.0530000000000009 0.0000000000025575
0.0540000000000009 0.0000000000028035
0.0550000000000009 0.0000000000030176
0.0560000000000009 0.0000000000032028
0.0570000000000009 0.0000000000033546
0.0580000000000009 0.0000000000034697
0.0590000000000009 0.0000000000035540
0.0600000000000009 0.0000000000036007
0.0610000000000009 0.0000000000036136
0.0620000000000009 0.0000000000035878
0.0630000000000009 0.0000000000035212
0.0640000000000009 0.0000000000034266
0.0650000000000009 0.0000000000032920
0.0660000000000009 0.0000000000031264
0.0670000000000009 0.0000000000029305
0.0680000000000009 0.0000000000027027
0.0690000000000009 0.0000000000024478
0.0700000000000009 0.0000000000021654
0.0710000000000009 0.0000000000018634
0.0720000000000009 0.0000000000015463
0.0730000000000009 0.0000000000012057
0.0740000000000009 0.0000000000008589
0.0750000000000009 0.0000000000005045
0.0760000000000009 0.0000000000001412
0.0770000000000009 0.0000000000002216
0.0780000000000009 0.0000000000005826
0.0790000000000009 0.0000000000009384
0.0800000000000009 0.0000000000012834
0.0810000000000009 0.0000000000016152
0.0820000000000009 0.0000000000019305
0.0830000000000009 0.0000000000022244
0.0840000000000009 0.0000000000024984
0.0850000000000009 0.0000000000027462
0.0860000000000010 0.0000000000029639
0.0870000000000010 0.0000000000031535
0.0880000000000010 0.0000000000033102
0.0890000000000010 0.0000000000034310
0.0900000000000010 0.0000000000035190
0.0910000000000010 0.0000000000035714
0.0920000000000010 0.0000000000035838
0.0930000000000010 0.0000000000035603
0.0940000000000010 0.0000000000035012
0.0950000000000010 0.0000000000034066
0.0960000000000010 0.0000000000032756
0.0970000000000010 0.0000000000031131
0.0980000000000010 0.0000000000029172
0.0990000000000010 0.0000000000026907
0.1000000000000010 0.0000000000024341
0.1010000000000010 0.0000000000021569
0.1020000000000010 0.0000000000018554
0.1030000000000010 0.0000000000015343
0.1040000000000010 0.0000000000011973
0.1050000000000010 0.0000000000008482
0.1060000000000010 0.0000000000004876
0.1070000000000010 0.0000000000001221
0.1080000000000010 0.0000000000002434
0.1090000000000010 0.0000000000006062
0.1100000000000010 0.0000000000009637
0.1110000000000010 0.0000000000013127
0.1120000000000010 0.0000000000016489
0.1130000000000010 0.0000000000019673
0.1140000000000010 0.0000000000022644
0.1150000000000010 0.0000000000025397
0.1160000000000010 0.0000000000027884
0.1170000000000010 0.0000000000030096
0.1180000000000010 0.0000000000031970
0.1190000000000010 0.0000000000033555
0.1200000000000010 0.0000000000034786
0.1210000000000010 0.0000000000035629
0.1220000000000010 0.0000000000036096
0.1230000000000010 0.0000000000036198
0.1240000000000010 0.0000000000035949
0.1250000000000010 0.0000000000035310
0.1260000000000010 0.0000000000034315
0.1270000000000010 0.0000000000032911
0.1280000000000010 0.0000000000031197
0.1290000000000010 0.0000000000029146
0.1300000000000010 0.0000000000026752
0.1310000000000010 0.0000000000024092
0.1320000000000010 0.0000000000021165
0.1330000000000010 0.0000000000018012
0.1340000000000010 0.0000000000014646
0.1350000000000010 0.0000000000011093
0.1360000000000010 0.0000000000007430
0.1370000000000010 0.0000000000003677
0.1380000000000010 0.0000000000000133
0.1390000000000010 0.0000000000003992
0.1400000000000010 0.0000000000007785
0.1410000000000010 0.0000000000011546
0.1420000000000010 0.0000000000015214
0.1430000000000010 0.0000000000018727
0.1440000000000010 0.0000000000022116
0.1450000000000010 0.0000000000025278
0.1460000000000010 0.0000000000028173
0.1470000000000010 0.0000000000030838
0.1480000000000010 0.0000000000033187
0.1490000000000010 0.0000000000035199
0.1500000000000010 0.0000000000036904
0.1510000000000010 0.0000000000038223
0.1520000000000010 0.0000000000039151
0.1530000000000010 0.0000000000039724
0.1540000000000010 0.0000000000039910
0.1550000000000010 0.0000000000039679
0.1560000000000010 0.0000000000039027
0.1570000000000010 0.0000000000038005
0.1580000000000010 0.0000000000036606
0.1590000000000010 0.0000000000034834
0.1600000000000010 0.0000000000032720
0.1610000000000010 0.0000000000030256
0.1620000000000010 0.0000000000027494
0.1630000000000010 0.0000000000024447
0.1640000000000010 0.0000000000021134
0.1650000000000010 0.0000000000017644
0.1660000000000010 0.0000000000013882
0.1670000000000010 0.0000000000009996
0.1680000000000010 0.0000000000006040
0.1690000000000010 0.0000000000001998
0.1700000000000010 0.0000000000002092
0.1710000000000010 0.0000000000006137
0.1720000000000010 0.0000000000010165
0.1730000000000010 0.0000000000014082
0.1740000000000010 0.0000000000017901
0.1750000000000010 0.0000000000021547
0.1760000000000010 0.0000000000024984
0.1770000000000010 0.0000000000028195
0.1780000000000010 0.0000000000031126
0.1790000000000010 0.0000000000033764
0.1800000000000010 0.0000000000036069
0.1810000000000010 0.0000000000037996
0.1820000000000010 0.0000000000039604
0.1830000000000010 0.0000000000040790
0.1840000000000010 0.0000000000041633
0.1850000000000010 0.0000000000041998
0.1860000000000010 0.0000000000041989
0.1870000000000010 0.0000000000041553
0.1880000000000010 0.0000000000040745
0.1890000000000010 0.0000000000039480
0.1900000000000010 0.0000000000037854
0.1910000000000010 0.0000000000035847
0.1920000000000010 0.0000000000033502
0.1930000000000010 0.0000000000030829
0.1940000000000010 0.0000000000027871
0.1950000000000010 0.0000000000024611
0.1960000000000010 0.0000000000021108
0.1970000000000010 0.0000000000017431
0.1980000000000010 0.0000000000013554
0.1990000000000010 0.0000000000009557
0.2000000000000010 0.0000000000005462
0.2010000000000010 0.0000000000001350
0.2020000000000010 0.0000000000002802
0.2030000000000010 0.0000000000006897
0.2040000000000010 0.0000000000010920
0.2050000000000010 0.0000000000014837
0.2060000000000010 0.0000000000018594
0.2070000000000010 0.0000000000022147
0.2080000000000010 0.0000000000025486
0.2090000000000010 0.0000000000028537
0.2100000000000010 0.0000000000031317
0.2110000000000010 0.0000000000033791
0.2120000000000010 0.0000000000035900
0.2130000000000010 0.0000000000037637
0.2140000000000011 0.0000000000038969
0.2150000000000011 0.0000000000039968
0.2160000000000011 0.0000000000040523
0.2170000000000011 0.0000000000040621
0.2180000000000011 0.0000000000040368
0.2190000000000011 0.0000000000039697
0.2200000000000011 0.0000000000038640
0.2210000000000011 0.0000000000037179
0.2220000000000011 0.0000000000035345
0.2230000000000011 0.0000000000033151
0.2240000000000011 0.0000000000030633
0.2250000000000011 0.0000000000027791
0.2260000000000011 0.0000000000024731
0.2270000000000011 0.0000000000021361
0.2280000000000011 0.0000000000017821
0.2290000000000011 0.0000000000014082
0.2300000000000011 0.0000000000010272
0.2310000000000011 0.0000000000006306
0.2320000000000011 0.0000000000002327
0.2330000000000011 0.0000000000001683
0.2340000000000011 0.0000000000005644
0.2350000000000011 0.0000000000009548
0.2360000000000011 0.0000000000013314
0.2370000000000011 0.0000000000016929
0.2380000000000011 0.0000000000020339
0.2390000000000011 0.0000000000023541
0.2400000000000011 0.0000000000026530
0.2410000000000011 0.0000000000029177
0.2420000000000011 0.0000000000031499
0.2430000000000011 0.0000000000033511
0.2440000000000011 0.0000000000035154
0.2450000000000011 0.0000000000036406
0.2460000000000011 0.0000000000037303
0.2470000000000011 0.0000000000037792
0.2480000000000011 0.0000000000037823
0.2490000000000011 0.0000000000037543
0.2500000000000011 0.0000000000036797
0.2510000000000011 0.0000000000035683
0.2520000000000011 0.0000000000034217
0.2530000000000011 0.0000000000032379
0.2540000000000011 0.0000000000030194
0.2550000000000011 0.0000000000027747
0.2560000000000011 0.0000000000024967
0.2570000000000011 0.0000000000021947
0.2580000000000011 0.0000000000018696
0.2590000000000011 0.0000000000015254
0.2600000000000011 0.0000000000011662
0.2610000000000011 0.0000000000008011
0.2620000000000011 0.0000000000004232
0.2630000000000011 0.0000000000000462
0.2640000000000011 0.0000000000003282
0.2650000000000011 0.0000000000007017
0.2660000000000011 0.0000000000010636
0.2670000000000011 0.0000000000014118
0.2680000000000011 0.0000000000017431
0.2690000000000011 0.0000000000020526
0.2700000000000011 0.0000000000023395
0.2710000000000011 0.0000000000025957
0.2720000000000011 0.0000000000028244
0.2730000000000011 0.0000000000030225
0.2740000000000011 0.0000000000031837
0.2750000000000011 0.0000000000033102
0.2760000000000011 0.0000000000033955
0.2770000000000011 0.0000000000034457
0.2780000000000011 0.0000000000034510
0.2790000000000011 0.0000000000034253
0.2800000000000011 0.0000000000033551
0.2810000000000011 0.0000000000032485
0.2820000000000011 0.0000000000031082
0.2830000000000011 0.0000000000029288
0.2840000000000011 0.0000000000027187
0.2850000000000011 0.0000000000024785
0.2860000000000011 0.0000000000022111
0.2870000000000011 0.0000000000019140
0.2880000000000011 0.0000000000015992
0.2890000000000011 0.0000000000012674
0.2900000000000011 0.0000000000009210
0.2910000000000011 0.0000000000005640
0.2920000000000011 0.0000000000002021
0.2930000000000011 0.0000000000001612
0.2940000000000011 0.0000000000005258
0.2950000000000011 0.0000000000008789
0.2960000000000011 0.0000000000012261
0.2970000000000011 0.0000000000015539
0.2980000000000011 0.0000000000018678
0.2990000000000011 0.0000000000021605
0.3000000000000011 0.0000000000024252
0.3010000000000011 0.0000000000026610
0.3020000000000011 0.0000000000028675
0.3030000000000011 0.0000000000030398
0.3040000000000011 0.0000000000031761
0.3050000000000011 0.0000000000032756
0.3060000000000011 0.0000000000033400
0.3070000000000011 0.0000000000033573
0.3080000000000011 0.0000000000033409
0.3090000000000011 0.0000000000032814
0.3100000000000011 0.0000000000031832
0.3110000000000011 0.0000000000030491
0.3120000000000011 0.0000000000028759
0.3130000000000011 0.0000000000026676
0.3140000000000011 0.0000000000024283
0.3150000000000011 0.0000000000021600
0.3160000000000011 0.0000000000018643
0.3170000000000011 0.0000000000015441
0.3180000000000011 0.0000000000012021
0.3190000000000011 0.0000000000008469
0.3200000000000011 0.0000000000004765
0.3210000000000011 0.0000000000001017
0.3220000000000011 0.0000000000002767
0.3230000000000011 0.0000000000006617
0.3240000000000011 0.0000000000010343
0.3250000000000011 0.0000000000014002
0.3260000000000011 0.0000000000017510
0.3270000000000011 0.0000000000020841
0.3280000000000011 0.0000000000023963
0.3290000000000011 0.0000000000026810
0.3300000000000011 0.0000000000029412
0.3310000000000011 0.0000000000031646
0.3320000000000011 0.0000000000033586
0.3330000000000011 0.0000000000035110
0.3340000000000011 0.0000000000036229
0.3350000000000011 0.0000000000036966
0.3360000000000011 0.0000000000037281
0.3370000000000011 0.0000000000037161
0.3380000000000011 0.0000000000036584
0.3390000000000011 0.0000000000035643
0.3400000000000011 0.0000000000034208
0.3410000000000011 0.0000000000032450
0.3420000000000011 0.0000000000030269
0.3430000000000011 0.0000000000027738
0.3440000000000011 0.0000000000024825
0.3450000000000011 0.0000000000021649
0.3460000000000011 0.0000000000018194
0.3470000000000011 0.0000000000014460
0.3480000000000011 0.0000000000010583
0.3490000000000011 0.0000000000006506
0.3500000000000011 0.0000000000002349
0.3510000000000011 0.0000000000001870
0.3520000000000011 0.0000000000006097
0.3530000000000011 0.0000000000010312
0.3540000000000011 0.0000000000014424
0.3550000000000011 0.0000000000018412
0.3560000000000011 0.0000000000022284
0.3570000000000011 0.0000000000025882
0.3580000000000012 0.0000000000029226
0.3590000000000012 0.0000000000032236
0.3600000000000012 0.0000000000034990
0.3610000000000012 0.0000000000037335
0.3620000000000012 0.0000000000039302
0.3630000000000012 0.0000000000040843
0.3640000000000012 0.0000000000041931
0.3650000000000012 0.0000000000042588
0.3660000000000012 0.0000000000042766
0.3670000000000012 0.0000000000042446
0.3680000000000012 0.0000000000041682
0.3690000000000012 0.0000000000040448
0.3700000000000012 0.0000000000038769
0.3710000000000012 0.0000000000036655
0.3720000000000012 0.0000000000034106
0.3730000000000012 0.0000000000031188
0.3740000000000012 0.0000000000027929
0.3750000000000012 0.0000000000024314
0.3760000000000012 0.0000000000020437
0.3770000000000012 0.0000000000016294
0.3780000000000012 0.0000000000011964
0.3790000000000012 0.0000000000007510
0.3800000000000012 0.0000000000002904
0.3810000000000012 0.0000000000001728
0.3820000000000012 0.0000000000006346
0.3830000000000012 0.0000000000010907
0.3840000000000012 0.0000000000015405
0.3850000000000012 0.0000000000019686
0.3860000000000012 0.0000000000023763
0.3870000000000012 0.0000000000027658
0.3880000000000012 0.0000000000031215
0.3890000000000012 0.0000000000034444
0.3900000000000012 0.0000000000037326
0.3910000000000012 0.0000000000039768
0.3920000000000012 0.0000000000041775
0.3930000000000012 0.0000000000043334
0.3940000000000012 0.0000000000044391
0.3950000000000012 0.0000000000044995
0.3960000000000012 0.0000000000045079
0.3970000000000012 0.0000000000044658
0.3980000000000012 0.0000000000043769
0.3990000000000012 0.0000000000042353
0.4000000000000012 0.0000000000040505
0.4010000000000012 0.0000000000038187
0.4020000000000012 0.0000000000035438
0.4030000000000012 0.0000000000032272
0.4040000000000012 0.0000000000028781
0.4050000000000012 0.0000000000024958
0.4060000000000012 0.0000000000020881
0.4070000000000012 0.0000000000016529
0.4080000000000012 0.0000000000012021
0.4090000000000012 0.0000000000007367
0.4100000000000012 0.0000000000002642
0.4110000000000012 0.0000000000002114
0.4120000000000012 0.0000000000006848
0.4130000000000012 0.0000000000011466
0.4140000000000012 0.0000000000015943
0.4150000000000012 0.0000000000020273
0.4160000000000012 0.0000000000024332
0.4170000000000012 0.0000000000028080
0.4180000000000012 0.0000000000031517
0.4190000000000012 0.0000000000034568
0.4200000000000012 0.0000000000037237
0.4210000000000012 0.0000000000039488
0.4220000000000012 0.0000000000041229
0.4230000000000012 0.0000000000042522
0.4240000000000012 0.0000000000043294
0.4250000000000012 0.0000000000043596
0.4260000000000012 0.0000000000043356
0.4270000000000012 0.0000000000042619
0.4280000000000012 0.0000000000041389
0.4290000000000012 0.0000000000039679
0.4300000000000012 0.0000000000037534
0.4310000000000012 0.0000000000034919
0.4320000000000012 0.0000000000031930
0.4330000000000012 0.0000000000028590
0.4340000000000012 0.0000000000024887
0.4350000000000012 0.0000000000020961
0.4360000000000012 0.0000000000016755
0.4370000000000012 0.0000000000012417
0.4380000000000012 0.0000000000007909
0.4390000000000012 0.0000000000003375
0.4400000000000012 0.0000000000001195
0.4410000000000012 0.0000000000005707
0.4420000000000012 0.0000000000010121
0.4430000000000012 0.0000000000014366
0.4440000000000012 0.0000000000018434
0.4450000000000012 0.0000000000022231
0.4460000000000012 0.0000000000025739
0.4470000000000012 0.0000000000028946
0.4480000000000012 0.0000000000031664
0.4490000000000012 0.0000000000034017
0.4500000000000012 0.0000000000035980
0.4510000000000012 0.0000000000037375
0.4520000000000012 0.0000000000038360
0.4530000000000012 0.0000000000038778
0.4540000000000012 0.0000000000038742
0.4550000000000012 0.0000000000038183
0.4560000000000012 0.0000000000037153
0.4570000000000012 0.0000000000035651
0.4580000000000012 0.0000000000033689
0.4590000000000012 0.0000000000031317
0.4600000000000012 0.0000000000028457
0.4610000000000012 0.0000000000025304
0.4620000000000012 0.0000000000021849
0.4630000000000012 0.0000000000018057
0.4640000000000012 0.0000000000014024
0.4650000000000012 0.0000000000009832
0.4660000000000012 0.0000000000005604
0.4670000000000012 0.0000000000001261
0.4680000000000012 0.0000000000003126
0.4690000000000012 0.0000000000007399
0.4700000000000013 0.0000000000011600
0.4710000000000013 0.0000000000015605
0.4720000000000013 0.0000000000019478
0.4730000000000013 0.0000000000022933
0.4740000000000013 0.0000000000026219
0.4750000000000013 0.0000000000029097
0.4760000000000013 0.0000000000031557
0.4770000000000013 0.0000000000033564
0.4780000000000013 0.0000000000035163
0.4790000000000013 0.0000000000036229
0.4800000000000013 0.0000000000036842
0.4810000000000013 0.0000000000036904
0.4820000000000013 0.0000000000036495
0.4830000000000013 0.0000000000035518
0.4840000000000013 0.0000000000034150
0.4850000000000013 0.0000000000032214
0.4860000000000013 0.0000000000029861
0.4870000000000013 0.0000000000027036
0.4880000000000013 0.0000000000023848
0.4890000000000013 0.0000000000020339
0.4900000000000013 0.0000000000016529
0.4910000000000013 0.0000000000012390
0.4920000000000013 0.0000000000008109
0.4930000000000013 0.0000000000003704
0.4940000000000013 0.0000000000000808
0.4950000000000013 0.0000000000005302
0.4960000000000013 0.0000000000009903
0.4970000000000013 0.0000000000014229
0.4980000000000013 0.0000000000018510
0.4990000000000013 0.0000000000022506
0.5000000000000012 0.0000000000026326
0.5010000000000012 0.0000000000029745
0.5020000000000012 0.0000000000032765
0.5030000000000012 0.0000000000035438
0.5040000000000012 0.0000000000037597
0.5050000000000012 0.0000000000039311
0.5060000000000012 0.0000000000040554
0.5070000000000012 0.0000000000041229
0.5080000000000012 0.0000000000041389
0.5090000000000012 0.0000000000040972
0.5100000000000012 0.0000000000040030
0.5110000000000012 0.0000000000038520
0.5120000000000012 0.0000000000036531
0.5130000000000012 0.0000000000034150
0.5140000000000012 0.0000000000031202
0.5150000000000012 0.0000000000027827
0.5160000000000012 0.0000000000024141
0.5170000000000012 0.0000000000020091
0.5180000000000012 0.0000000000015765
0.5190000000000012 0.0000000000011218
0.5200000000000012 0.0000000000006564
0.5210000000000012 0.0000000000001839
0.5220000000000012 0.0000000000002958
0.5230000000000012 0.0000000000007772
0.5240000000000012 0.0000000000012346
0.5250000000000012 0.0000000000016875
0.5260000000000012 0.0000000000021085
0.5270000000000012 0.0000000000025011
0.5280000000000012 0.0000000000028608
0.5290000000000012 0.0000000000031797
0.5300000000000012 0.0000000000034603
0.5310000000000012 0.0000000000036868
0.5320000000000012 0.0000000000038591
0.5330000000000013 0.0000000000039835
0.5340000000000013 0.0000000000040465
0.5350000000000013 0.0000000000040572
0.5360000000000013 0.0000000000040039
0.5370000000000013 0.0000000000039053
0.5380000000000013 0.0000000000037419
0.5390000000000013 0.0000000000035296
0.5400000000000013 0.0000000000032667
0.5410000000000013 0.0000000000029603
0.5420000000000013 0.0000000000026041
0.5430000000000013 0.0000000000022142
0.5440000000000013 0.0000000000017959
0.5450000000000013 0.0000000000013518
0.5460000000000013 0.0000000000008828
0.5470000000000013 0.0000000000004121
0.5480000000000013 0.0000000000000702
0.5490000000000013 0.0000000000005453
0.5500000000000013 0.0000000000010196
0.5510000000000013 0.0000000000014726
0.5520000000000013 0.0000000000019060
0.5530000000000013 0.0000000000023084
0.5540000000000013 0.0000000000026699
0.5550000000000013 0.0000000000029967
0.5560000000000013 0.0000000000032747
0.5570000000000013 0.0000000000035012
0.5580000000000013 0.0000000000036717
0.5590000000000013 0.0000000000037845
0.5600000000000013 0.0000000000038414
0.5610000000000013 0.0000000000038378
0.5620000000000013 0.0000000000037650
0.5630000000000013 0.0000000000036353
0.5640000000000013 0.0000000000034523
0.5650000000000013 0.0000000000032108
0.5660000000000013 0.0000000000029123
0.5670000000000013 0.0000000000025624
0.5680000000000013 0.0000000000021627
0.5690000000000013 0.0000000000017275
0.5700000000000013 0.0000000000012657
0.5710000000000013 0.0000000000007745
0.5720000000000013 0.0000000000002602
0.5730000000000013 0.0000000000002673
0.5740000000000013 0.0000000000007878
0.5750000000000013 0.0000000000013172
0.5760000000000013 0.0000000000018261
0.5770000000000013 0.0000000000023137
0.5780000000000013 0.0000000000027782
0.5790000000000013 0.0000000000032072
0.5800000000000013 0.0000000000035874
0.5810000000000013 0.0000000000039240
0.5820000000000013 0.0000000000042100
0.5830000000000013 0.0000000000044373
0.5840000000000013 0.0000000000045963
0.5850000000000013 0.0000000000046843
0.5860000000000013 0.0000000000047171
0.5870000000000013 0.0000000000046745
0.5880000000000013 0.0000000000045564
0.5890000000000013 0.0000000000043805
0.5900000000000013 0.0000000000041291
0.5910000000000013 0.0000000000038174
0.5920000000000013 0.0000000000034435
0.5930000000000013 0.0000000000030189
0.5940000000000013 0.0000000000025420
0.5950000000000013 0.0000000000020259
0.5960000000000013 0.0000000000014726
0.5970000000000013 0.0000000000008900
0.5980000000000013 0.0000000000002860
0.5990000000000013 0.0000000000003224
0.6000000000000013 0.0000000000009344
0.6010000000000013 0.0000000000015392
0.6020000000000013 0.0000000000021227
0.6030000000000013 0.0000000000026921
0.6040000000000013 0.0000000000032125
0.6050000000000013 0.0000000000036966
0.6060000000000013 0.0000000000041274
0.6070000000000013 0.0000000000045048
0.6080000000000013 0.0000000000048166
0.6090000000000013 0.0000000000050644
0.6100000000000013 0.0000000000052340
0.6110000000000013 0.0000000000053308
0.6120000000000013 0.0000000000053531
0.6130000000000013 0.0000000000052918
0.6140000000000013 0.0000000000051559
0.6150000000000013 0.0000000000049463
0.6160000000000013 0.0000000000046629
0.6170000000000013 0.0000000000043059
0.6180000000000013 0.0000000000038893
0.6190000000000013 0.0000000000034142
0.6200000000000013 0.0000000000028955
0.6210000000000013 0.0000000000023217
0.6220000000000013 0.0000000000017186
0.6230000000000013 0.0000000000010933
0.6240000000000013 0.0000000000004494
0.6250000000000013 0.0000000000001963
0.6260000000000013 0.0000000000008358
0.6270000000000013 0.0000000000014619
0.6280000000000013 0.0000000000020659
0.6290000000000013 0.0000000000026290
0.6300000000000013 0.0000000000031504
0.6310000000000013 0.0000000000036184
0.6320000000000013 0.0000000000040252
0.6330000000000013 0.0000000000043734
0.6340000000000013 0.0000000000046434
0.6350000000000013 0.0000000000048415
0.6360000000000013 0.0000000000049569
0.6370000000000013 0.0000000000049925
0.6380000000000013 0.0000000000049480
0.6390000000000013 0.0000000000048175
0.6400000000000013 0.0000000000046141
0.6410000000000013 0.0000000000043361
0.6420000000000013 0.0000000000039808
0.6430000000000013 0.0000000000035634
0.6440000000000013 0.0000000000030838
0.6450000000000014 0.0000000000025633
0.6460000000000014 0.0000000000020011
0.6470000000000014 0.0000000000014042
0.6480000000000014 0.0000000000007825
0.6490000000000014 0.0000000000001634
0.6500000000000014 0.0000000000004592
0.6510000000000014 0.0000000000010791
0.6520000000000014 0.0000000000016662
0.6530000000000014 0.0000000000022258
0.6540000000000014 0.0000000000027356
0.6550000000000014 0.0000000000031939
0.6560000000000014 0.0000000000035918
0.6570000000000014 0.0000000000039222
0.6580000000000014 0.0000000000041798
0.6590000000000014 0.0000000000043565
0.6600000000000014 0.0000000000044551
0.6610000000000014 0.0000000000044684
0.6620000000000014 0.0000000000043912
0.6630000000000014 0.0000000000042357
0.6640000000000014 0.0000000000039968
0.6650000000000014 0.0000000000036859
0.6660000000000014 0.0000000000032978
0.6670000000000014 0.0000000000028466
0.6680000000000014 0.0000000000023448
0.6690000000000014 0.0000000000017959
0.6700000000000014 0.0000000000011990
0.6710000000000014 0.0000000000005853
0.6720000000000014 0.0000000000000453
0.6730000000000014 0.0000000000006803
0.6740000000000014 0.0000000000012994
0.6750000000000014 0.0000000000018998
0.6760000000000014 0.0000000000024638
0.6770000000000014 0.0000000000029843
0.6780000000000014 0.0000000000034515
0.6790000000000014 0.0000000000038476
0.6800000000000014 0.0000000000041718
0.6810000000000014 0.0000000000044160
0.6820000000000014 0.0000000000045732
0.6830000000000014 0.0000000000046416
0.6840000000000014 0.0000000000046150
0.6850000000000014 0.0000000000044942
0.6860000000000014 0.0000000000042908
0.6870000000000014 0.0000000000039906
0.6880000000000014 0.0000000000036025
0.6890000000000014 0.0000000000031326
0.6900000000000014 0.0000000000026041
0.6910000000000014 0.0000000000020037
0.6920000000000014 0.0000000000013562
0.6930000000000014 0.0000000000006795
0.6940000000000014 0.0000000000000302
0.6950000000000014 0.0000000000007532
0.6960000000000014 0.0000000000014682
0.6970000000000014 0.0000000000021849
0.6980000000000014 0.0000000000028537
0.6990000000000014 0.0000000000034790
0.7000000000000014 0.0000000000040643
0.7010000000000014 0.0000000000045635
0.7020000000000014 0.0000000000049925
0.7030000000000014 0.0000000000053308
0.7040000000000014 0.0000000000055769
0.7050000000000014 0.0000000000057181
0.7060000000000014 0.0000000000057572
0.7070000000000014 0.0000000000056737
0.7080000000000014 0.0000000000054996
0.7090000000000014 0.0000000000052056
0.7100000000000014 0.0000000000048210
0.7110000000000014 0.0000000000043299
0.7120000000000014 0.0000000000037641
0.7130000000000014 0.0000000000031104
0.7140000000000014 0.0000000000023936
0.7150000000000014 0.0000000000016271
0.7160000000000014 0.0000000000008278
0.7170000000000014 0.0000000000000027
0.7180000000000014 0.0000000000008269
0.7190000000000014 0.0000000000016556
0.7200000000000014 0.0000000000024487
0.7210000000000014 0.0000000000032063
0.7220000000000014 0.0000000000038982
0.7230000000000014 0.0000000000045217
0.7240000000000014 0.0000000000050600
0.7250000000000014 0.0000000000055049
0.7260000000000014 0.0000000000058398
0.7270000000000014 0.0000000000060663
0.7280000000000014 0.0000000000061728
0.7290000000000014 0.0000000000061586
0.7300000000000014 0.0000000000060183
0.7310000000000014 0.0000000000057643
0.7320000000000014 0.0000000000053930
0.7330000000000014 0.0000000000049241
0.7340000000000014 0.0000000000043503
0.7350000000000014 0.0000000000036957
0.7360000000000014 0.0000000000029674
0.7370000000000014 0.0000000000021867
0.7380000000000014 0.0000000000013651
0.7390000000000014 0.0000000000005258
0.7400000000000014 0.0000000000003197
0.7410000000000014 0.0000000000011449
0.7420000000000014 0.0000000000019424
0.7430000000000014 0.0000000000026787
0.7440000000000014 0.0000000000033538
0.7450000000000014 0.0000000000039453
0.7460000000000014 0.0000000000044409
0.7470000000000014 0.0000000000048175
0.7480000000000014 0.0000000000050795
0.7490000000000014 0.0000000000052189
0.7500000000000014 0.0000000000052358
0.7510000000000014 0.0000000000051168
0.7520000000000014 0.0000000000048725
0.7530000000000014 0.0000000000045004
0.7540000000000014 0.0000000000040199
0.7550000000000014 0.0000000000034399
0.7560000000000014 0.0000000000027667
0.7570000000000014 0.0000000000020224
0.7580000000000015 0.0000000000012204
0.7590000000000015 0.0000000000003855
0.7600000000000015 0.0000000000004698
0.7610000000000015 0.0000000000013127
0.7620000000000015 0.0000000000021307
0.7630000000000015 0.0000000000029008
0.7640000000000015 0.0000000000036060
0.7650000000000015 0.0000000000042188
0.7660000000000015 0.0000000000047340
0.7670000000000015 0.0000000000051346
0.7680000000000015 0.0000000000054028
0.7690000000000015 0.0000000000055325
0.7700000000000015 0.0000000000055209
0.7710000000000015 0.0000000000053566
0.7720000000000015 0.0000000000050564
0.7730000000000015 0.0000000000046176
0.7740000000000015 0.0000000000040572
0.7750000000000015 0.0000000000033680
0.7760000000000015 0.0000000000025810
0.7770000000000015 0.0000000000017106
0.7780000000000015 0.0000000000007878
0.7790000000000015 0.0000000000001776
0.7800000000000015 0.0000000000011626
0.7810000000000015 0.0000000000021387
0.7820000000000015 0.0000000000030722
0.7830000000000015 0.0000000000039515
0.7840000000000015 0.0000000000047384
0.7850000000000015 0.0000000000054321
0.7860000000000015 0.0000000000059952
0.7870000000000015 0.0000000000064189
0.7880000000000015 0.0000000000066862
0.7890000000000015 0.0000000000067910
0.7900000000000015 0.0000000000067253
0.7910000000000015 0.0000000000064944
0.7920000000000015 0.0000000000061027
0.7930000000000015 0.0000000000055431
0.7940000000000015 0.0000000000048548
0.7950000000000015 0.0000000000040377
0.7960000000000015 0.0000000000031122
0.7970000000000015 0.0000000000021050
0.7980000000000015 0.0000000000010427
0.7990000000000015 0.0000000000000462
0.8000000000000015 0.0000000000011271
0.8010000000000015 0.0000000000021743
0.8020000000000015 0.0000000000031655
0.8030000000000015 0.0000000000040599
0.8040000000000015 0.0000000000048415
0.8050000000000015 0.0000000000054730
0.8060000000000015 0.0000000000059490
0.8070000000000015 0.0000000000062528
0.8080000000000015 0.0000000000063682
0.8090000000000015 0.0000000000062945
0.8100000000000015 0.0000000000060263
0.8110000000000015 0.0000000000055778
0.8120000000000015 0.0000000000049569
0.8130000000000015 0.0000000000041771
0.8140000000000015 0.0000000000032747
0.8150000000000015 0.0000000000022586
0.8160000000000015 0.0000000000011671
0.8170000000000015 0.0000000000000329
0.8180000000000015 0.0000000000011093
0.8190000000000015 0.0000000000022267
0.8200000000000015 0.0000000000032703
0.8210000000000015 0.0000000000042242
0.8220000000000015 0.0000000000050440
0.8230000000000015 0.0000000000057048
0.8240000000000015 0.0000000000061906
0.8250000000000015 0.0000000000064624
0.8260000000000015 0.0000000000065308
0.8270000000000015 0.0000000000063833
0.8280000000000015 0.0000000000060165
0.8290000000000015 0.0000000000054428
0.8300000000000015 0.0000000000046780
0.8310000000000015 0.0000000000037428
0.8320000000000015 0.0000000000026690
0.8330000000000015 0.0000000000014904
0.8340000000000015 0.0000000000002522
0.8350000000000015 0.0000000000010205
0.8360000000000015 0.0000000000022622
0.8370000000000015 0.0000000000034426
0.8380000000000015 0.0000000000045173
0.8390000000000015 0.0000000000054348
0.8400000000000015 0.0000000000061817
0.8410000000000015 0.0000000000067093
0.8420000000000015 0.0000000000069962
0.8430000000000015 0.0000000000070344
0.8440000000000015 0.0000000000068070
0.8450000000000015 0.0000000000063327
0.8460000000000015 0.0000000000056062
0.8470000000000015 0.0000000000046718
0.8480000000000015 0.0000000000035421
0.8490000000000015 0.0000000000022649
0.8500000000000015 0.0000000000008873
0.8510000000000015 0.0000000000005391
0.8520000000000015 0.0000000000019602
0.8530000000000015 0.0000000000033156
0.8540000000000015 0.0000000000045492
0.8550000000000015 0.0000000000056026
0.8560000000000015 0.0000000000064331
0.8570000000000015 0.0000000000069935
0.8580000000000015 0.0000000000072529
0.8590000000000015 0.0000000000071845
0.8600000000000015 0.0000000000067857
0.8610000000000015 0.0000000000060547
0.8620000000000015 0.0000000000050226
0.8630000000000015 0.0000000000036957
0.8640000000000015 0.0000000000021450
0.8650000000000015 0.0000000000004121
0.8660000000000015 0.0000000000014317
0.8670000000000015 0.0000000000033129
0.8680000000000015 0.0000000000051523
0.8690000000000015 0.0000000000068558
0.8700000000000015 0.0000000000083551
0.8710000000000016 0.0000000000095568
0.8720000000000016 0.0000000000104086
0.8730000000000016 0.0000000000108420
0.8740000000000016 0.0000000000108304
0.8750000000000016 0.0000000000103242
0.8760000000000016 0.0000000000093427
0.8770000000000016 0.0000000000078835
0.8780000000000016 0.0000000000059996
0.8790000000000016 0.0000000000037383
0.8800000000000016 0.0000000000011786
0.8810000000000016 0.0000000000015747
0.8820000000000016 0.0000000000044151
0.8830000000000016 0.0000000000072271
0.8840000000000016 0.0000000000098730
0.8850000000000016 0.0000000000122302
0.8860000000000016 0.0000000000141913
0.8870000000000016 0.0000000000156302
0.8880000000000016 0.0000000000164553
0.8890000000000016 0.0000000000166080
0.8900000000000016 0.0000000000160485
0.8910000000000016 0.0000000000147464
0.8920000000000016 0.0000000000127400
0.8930000000000016 0.0000000000100782
0.8940000000000016 0.0000000000068638
0.8950000000000016 0.0000000000032063
0.8960000000000016 0.0000000000007363
0.8970000000000016 0.0000000000047979
0.8980000000000016 0.0000000000087850
0.8990000000000016 0.0000000000125064
0.9000000000000016 0.0000000000157661
0.9010000000000016 0.0000000000183977
0.9020000000000016 0.0000000000202265
0.9030000000000016 0.0000000000211333
0.9040000000000016 0.0000000000210356
0.9050000000000016 0.0000000000198765
0.9060000000000016 0.0000000000176916
0.9070000000000016 0.0000000000145315
0.9080000000000016 0.0000000000105222
0.9090000000000016 0.0000000000058353
0.9100000000000016 0.0000000000006866
0.9110000000000016 0.0000000000046674
0.9120000000000016 0.0000000000099440
0.9130000000000016 0.0000000000148574
0.9140000000000016 0.0000000000191251
0.9150000000000016 0.0000000000224816
0.9160000000000016 0.0000000000246967
0.9170000000000016 0.0000000000256000
0.9180000000000016 0.0000000000250822
0.9190000000000016 0.0000000000231113
0.9200000000000016 0.0000000000197513
0.9210000000000016 0.0000000000151381
0.9220000000000016 0.0000000000094955
0.9230000000000016 0.0000000000031175
0.9240000000000016 0.0000000000036282
0.9250000000000016 0.0000000000103419
0.9260000000000016 0.0000000000166089
0.9270000000000016 0.0000000000220250
0.9280000000000016 0.0000000000262048
0.9290000000000016 0.0000000000288178
0.9300000000000016 0.0000000000296705
0.9310000000000016 0.0000000000286278
0.9320000000000016 0.0000000000257181
0.9330000000000016 0.0000000000210445
0.9340000000000016 0.0000000000149143
0.9350000000000016 0.0000000000077041
0.9360000000000016 0.0000000000000799
0.9370000000000016 0.0000000000079048
0.9380000000000016 0.0000000000151630
0.9390000000000016 0.0000000000212825
0.9400000000000016 0.0000000000257838
0.9410000000000016 0.0000000000282512
0.9420000000000016 0.0000000000284395
0.9430000000000016 0.0000000000262634
0.9440000000000016 0.0000000000218900
0.9450000000000016 0.0000000000156266
0.9460000000000016 0.0000000000080149
0.9470000000000016 0.0000000000002274
0.9480000000000016 0.0000000000084057
0.9490000000000016 0.0000000000156195
0.9500000000000016 0.0000000000211511
0.9510000000000016 0.0000000000243592
0.9520000000000016 0.0000000000247944
0.9530000000000016 0.0000000000223181
0.9540000000000016 0.0000000000171134
0.9550000000000016 0.0000000000096563
0.9560000000000016 0.0000000000007514
0.9570000000000016 0.0000000000085301
0.9580000000000016 0.0000000000169980
0.9590000000000016 0.0000000000234763
0.9600000000000016 0.0000000000268763
0.9610000000000016 0.0000000000265121
0.9620000000000016 0.0000000000220712
0.9630000000000016 0.0000000000138538
0.9640000000000016 0.0000000000027232
0.9650000000000016 0.0000000000098694
0.9660000000000016 0.0000000000220002
0.9670000000000016 0.0000000000316209
0.9680000000000016 0.0000000000367137
0.9690000000000016 0.0000000000357350
0.9700000000000016 0.0000000000279652
0.9710000000000016 0.0000000000137490
0.9720000000000016 0.0000000000052598
0.9730000000000016 0.0000000000261942
0.9740000000000016 0.0000000000452349
0.9750000000000016 0.0000000000581402
0.9760000000000016 0.0000000000610587
0.9770000000000016 0.0000000000514468
0.9780000000000016 0.0000000000290008
0.9790000000000016 0.0000000000036486
0.9800000000000016 0.0000000000407727
0.9810000000000016 0.0000000000740812
0.9820000000000016 0.0000000000940688
0.9830000000000017 0.0000000000924114
0.9840000000000017 0.0000000000648051
0.9850000000000017 0.0000000000137597
0.9860000000000017 0.0000000000495337
0.9870000000000017 0.0000000001058140
0.9880000000000017 0.0000000001316156
0.9890000000000017 0.0000000001074589
0.9900000000000017 0.0000000000288729
0.9910000000000017 0.0000000000823981
0.9920000000000017 0.0000000001741665
0.9930000000000017 0.0000000001757012
0.9940000000000017 0.0000000000359854
0.9950000000000017 0.0000000002102656
0.9960000000000017 0.0000000003739249
0.9970000000000017 0.0000000001321805
0.9980000000000017 0.0000000006321326
0.9990000000000017 0.0000000006771774
