-1.0000000000000000 0.0000000101717035
-0.9990000000000000 0.0000000012517773
-0.9980000000000000 0.0000000011994850
-0.9970000000000000 0.0000000002382592
-0.9960000000000000 0.0000000007498393
-0.9950000000000000 0.0000000004967049
-0.9940000000000000 0.0000000000413323
-0.9930000000000000 0.0000000002679599
-0.9920000000000000 0.0000000003450857
-0.9910000000000000 0.0000000002549534
-0.9900000000000000 0.0000000001037002
-0.9890000000000000 0.0000000000253273
-0.9880000000000000 0.0000000000926619
-0.9870000000000000 0.0000000000973941
-0.9860000000000000 0.0000000000611315
-0.9850000000000000 0.0000000000118270
-0.9840000000000000 0.0000000000276295
-0.9830000000000000 0.0000000000446825
-0.9820000000000000 0.0000000000374882
-0.9810000000000000 0.0000000000121609
-0.9800000000000000 0.0000000000211493
-0.9790000000000000 0.0000000000520188
-0.9780000000000000 0.0000000000724540
-0.9770000000000000 0.0000000000782556
-0.9760000000000000 0.0000000000692211
-0.9750000000000000 0.0000000000484057
-0.9740000000000000 0.0000000000208900
-0.9730000000000000 0.0000000000076064
-0.9720000000000000 0.0000000000319069
-0.9710000000000000 0.0000000000482068
-0.9700000000000000 0.0000000000545697
-0.9690000000000000 0.0000000000509424
-0.9680000000000000 0.0000000000389022
-0.9670000000000000 0.0000000000211493
-0.9660000000000000 0.0000000000009805
-0.9650000000000000 0.0000000000183178
-0.9640000000000000 0.0000000000339213
-0.9630000000000000 0.0000000000438227
-0.9620000000000000 0.0000000000469669
-0.9610000000000000 0.0000000000433253
-0.9600000000000000 0.0000000000337259
-0.9590000000000000 0.0000000000197034
-0.9580000000000000 0.0000000000031797
-0.9570000000000000 0.0000000000137668
-0.9560000000000000 0.0000000000291891
-0.9550000000000000 0.0000000000414637
-0.9540000000000000 0.0000000000494573
-0.9530000000000000 0.0000000000525802
-0.9520000000000000 0.0000000000508020
-0.9510000000000000 0.0000000000446114
-0.9500000000000000 0.0000000000348948
-0.9490000000000000 0.0000000000228209
-0.9480000000000000 0.0000000000097025
-0.9470000000000000 0.0000000000031708
-0.9460000000000000 0.0000000000146230
-0.9450000000000000 0.0000000000237215
-0.9440000000000000 0.0000000000298268
-0.9429999999999999 0.0000000000326157
-0.9419999999999999 0.0000000000321201
-0.9409999999999999 0.0000000000286615
-0.9399999999999999 0.0000000000228084
-0.9389999999999999 0.0000000000153051
-0.9379999999999999 0.0000000000069917
-0.9369999999999999 0.0000000000012630
-0.9359999999999999 0.0000000000086615
-0.9349999999999999 0.0000000000145217
-0.9339999999999999 0.0000000000183444
-0.9329999999999999 0.0000000000198135
-0.9319999999999999 0.0000000000188454
-0.9309999999999999 0.0000000000155609
-0.9299999999999999 0.0000000000102691
-0.9289999999999999 0.0000000000034355
-0.9279999999999999 0.0000000000043521
-0.9269999999999999 0.0000000000124665
-0.9259999999999999 0.0000000000202345
-0.9249999999999999 0.0000000000270468
-0.9239999999999999 0.0000000000323510
-0.9229999999999999 0.0000000000357243
-0.9219999999999999 0.0000000000368754
-0.9209999999999999 0.0000000000356764
-0.9199999999999999 0.0000000000321450
-0.9189999999999999 0.0000000000264588
-0.9179999999999999 0.0000000000189324
-0.9169999999999999 0.0000000000099902
-0.9159999999999999 0.0000000000001474
-0.9149999999999999 0.0000000000100417
-0.9139999999999999 0.0000000000199964
-0.9129999999999999 0.0000000000291642
-0.9119999999999999 0.0000000000370299
-0.9109999999999999 0.0000000000431761
-0.9099999999999999 0.0000000000472671
-0.9089999999999999 0.0000000000490825
-0.9079999999999999 0.0000000000485390
-0.9069999999999999 0.0000000000456648
-0.9059999999999999 0.0000000000406146
-0.9049999999999999 0.0000000000336495
-0.9039999999999999 0.0000000000251159
-0.9029999999999999 0.0000000000154490
-0.9019999999999999 0.0000000000051195
-0.9009999999999999 0.0000000000053753
-0.8999999999999999 0.0000000000155378
-0.8989999999999999 0.0000000000249063
-0.8979999999999999 0.0000000000330438
-0.8969999999999999 0.0000000000395932
-0.8959999999999999 0.0000000000442721
-0.8949999999999999 0.0000000000468994
-0.8939999999999999 0.0000000000473737
-0.8929999999999999 0.0000000000456986
-0.8919999999999999 0.0000000000419789
-0.8909999999999999 0.0000000000364011
-0.8899999999999999 0.0000000000292157
-0.8889999999999999 0.0000000000207621
-0.8879999999999999 0.0000000000114078
-0.8869999999999999 0.0000000000015561
-0.8859999999999999 0.0000000000083755
-0.8849999999999999 0.0000000000179821
-0.8839999999999999 0.0000000000268763
-0.8829999999999999 0.0000000000346958
-0.8819999999999999 0.0000000000411546
-0.8809999999999999 0.0000000000460094
-0.8799999999999999 0.0000000000490790
-0.8789999999999999 0.0000000000502727
-0.8779999999999999 0.0000000000495692
-0.8769999999999999 0.0000000000470060
-0.8759999999999999 0.0000000000427072
-0.8749999999999999 0.0000000000368505
-0.8739999999999999 0.0000000000296634
-0.8729999999999999 0.0000000000214264
-0.8719999999999999 0.0000000000124540
-0.8709999999999999 0.0000000000030589
-0.8699999999999999 0.0000000000064198
-0.8689999999999999 0.0000000000156533
-0.8679999999999999 0.0000000000243308
-0.8669999999999999 0.0000000000321680
-0.8659999999999999 0.0000000000389218
-0.8649999999999999 0.0000000000443769
-0.8639999999999999 0.0000000000483915
-0.8629999999999999 0.0000000000508553
-0.8619999999999999 0.0000000000517240
-0.8609999999999999 0.0000000000510045
-0.8599999999999999 0.0000000000487557
-0.8589999999999999 0.0000000000450839
-0.8579999999999999 0.0000000000401421
-0.8569999999999999 0.0000000000341096
-0.8559999999999999 0.0000000000272102
-0.8549999999999999 0.0000000000196732
-0.8539999999999999 0.0000000000117453
-0.8529999999999999 0.0000000000036895
-0.8519999999999999 0.0000000000042544
-0.8509999999999999 0.0000000000118501
-0.8499999999999999 0.0000000000188756
-0.8489999999999999 0.0000000000251461
-0.8479999999999999 0.0000000000304929
-0.8469999999999999 0.0000000000347917
-0.8459999999999999 0.0000000000379465
-0.8449999999999999 0.0000000000399094
-0.8439999999999999 0.0000000000406573
-0.8429999999999999 0.0000000000402185
-0.8419999999999999 0.0000000000386446
-0.8409999999999999 0.0000000000360281
-0.8399999999999999 0.0000000000324807
-0.8389999999999999 0.0000000000281464
-0.8379999999999999 0.0000000000231726
-0.8369999999999999 0.0000000000177405
-0.8359999999999999 0.0000000000120188
-0.8349999999999999 0.0000000000061835
-0.8339999999999999 0.0000000000004157
-0.8329999999999999 0.0000000000051248
-0.8319999999999999 0.0000000000102833
-0.8309999999999998 0.0000000000149267
-0.8299999999999998 0.0000000000189377
-0.8289999999999998 0.0000000000222258
-0.8279999999999998 0.0000000000247304
-0.8269999999999998 0.0000000000264038
-0.8259999999999998 0.0000000000272316
-0.8249999999999998 0.0000000000272173
-0.8239999999999998 0.0000000000263967
-0.8229999999999998 0.0000000000248299
-0.8219999999999998 0.0000000000225828
-0.8209999999999998 0.0000000000197495
-0.8199999999999998 0.0000000000164277
-0.8189999999999998 0.0000000000127365
-0.8179999999999998 0.0000000000087876
-0.8169999999999998 0.0000000000047038
-0.8159999999999998 0.0000000000006057
-0.8149999999999998 0.0000000000033875
-0.8139999999999998 0.0000000000071747
-0.8129999999999998 0.0000000000106510
-0.8119999999999998 0.0000000000137348
-0.8109999999999998 0.0000000000163549
-0.8099999999999998 0.0000000000184528
-0.8089999999999998 0.0000000000199858
-0.8079999999999998 0.0000000000209379
-0.8069999999999998 0.0000000000213003
-0.8059999999999998 0.0000000000210765
-0.8049999999999998 0.0000000000203002
-0.8039999999999998 0.0000000000190088
-0.8029999999999998 0.0000000000172484
-0.8019999999999998 0.0000000000150866
-0.8009999999999998 0.0000000000125908
-0.7999999999999998 0.0000000000098375
-0.7989999999999998 0.0000000000069083
-0.7979999999999998 0.0000000000038831
-0.7969999999999998 0.0000000000008473
-0.7959999999999998 0.0000000000021299
-0.7949999999999998 0.0000000000049667
-0.7939999999999998 0.0000000000075993
-0.7929999999999998 0.0000000000099689
-0.7919999999999998 0.0000000000120259
-0.7909999999999998 0.0000000000137348
-0.7899999999999998 0.0000000000150528
-0.7889999999999998 0.0000000000159766
-0.7879999999999998 0.0000000000164917
-0.7869999999999998 0.0000000000166001
-0.7859999999999998 0.0000000000163283
-0.7849999999999998 0.0000000000156781
-0.7839999999999998 0.0000000000147029
-0.7829999999999998 0.0000000000134275
-0.7819999999999998 0.0000000000119016
-0.7809999999999998 0.0000000000101785
-0.7799999999999998 0.0000000000083009
-0.7789999999999998 0.0000000000063309
-0.7779999999999998 0.0000000000043183
-0.7769999999999998 0.0000000000023181
-0.7759999999999998 0.0000000000003801
-0.7749999999999998 0.0000000000014513
-0.7739999999999998 0.0000000000031335
-0.7729999999999998 0.0000000000046310
-0.7719999999999998 0.0000000000059117
-0.7709999999999998 0.0000000000069615
-0.7699999999999998 0.0000000000077502
-0.7689999999999998 0.0000000000082849
-0.7679999999999998 0.0000000000085620
-0.7669999999999998 0.0000000000085780
-0.7659999999999998 0.0000000000083578
-0.7649999999999998 0.0000000000079119
-0.7639999999999998 0.0000000000072671
-0.7629999999999998 0.0000000000064588
-0.7619999999999998 0.0000000000055103
-0.7609999999999998 0.0000000000044569
-0.7599999999999998 0.0000000000033324
-0.7589999999999998 0.0000000000021885
-0.7579999999999998 0.0000000000010427
-0.7569999999999998 0.0000000000000639
-0.7559999999999998 0.0000000000010925
-0.7549999999999998 0.0000000000020215
-0.7539999999999998 0.0000000000028226
-0.7529999999999998 0.0000000000034710
-0.7519999999999998 0.0000000000039506
-0.7509999999999998 0.0000000000042597
-0.7499999999999998 0.0000000000043769
-0.7489999999999998 0.0000000000043059
-0.7479999999999998 0.0000000000040608
-0.7469999999999998 0.0000000000036362
-0.7459999999999998 0.0000000000030553
-0.7449999999999998 0.0000000000023288
-0.7439999999999998 0.0000000000014868
-0.7429999999999998 0.0000000000005471
-0.7419999999999998 0.0000000000004583
-0.7409999999999998 0.0000000000015046
-0.7399999999999998 0.0000000000025633
-0.7389999999999998 0.0000000000035953
-0.7379999999999998 0.0000000000045794
-0.7369999999999998 0.0000000000054872
-0.7359999999999998 0.0000000000062919
-0.7349999999999998 0.0000000000069615
-0.7339999999999998 0.0000000000074873
-0.7329999999999998 0.0000000000078444
-0.7319999999999998 0.0000000000080256
-0.7309999999999998 0.0000000000080114
-0.7299999999999998 0.0000000000078106
-0.7289999999999998 0.0000000000074163
-0.7279999999999998 0.0000000000068336
-0.7269999999999998 0.0000000000060663
-0.7259999999999998 0.0000000000051354
-0.7249999999999998 0.0000000000040554
-0.7239999999999998 0.0000000000028422
-0.7229999999999998 0.0000000000015259
-0.7219999999999998 0.0000000000001279
-0.7209999999999998 0.0000000000013252
-0.7199999999999998 0.0000000000028013
-0.7189999999999998 0.0000000000042721
-0.7179999999999997 0.0000000000057110
-0.7169999999999997 0.0000000000070823
-0.7159999999999997 0.0000000000083631
-0.7149999999999997 0.0000000000095248
-0.7139999999999997 0.0000000000105427
-0.7129999999999997 0.0000000000113971
-0.7119999999999997 0.0000000000120686
-0.7109999999999997 0.0000000000125411
-0.7099999999999997 0.0000000000128075
-0.7089999999999997 0.0000000000128537
-0.7079999999999997 0.0000000000126850
-0.7069999999999997 0.0000000000123013
-0.7059999999999997 0.0000000000116991
-0.7049999999999997 0.0000000000108962
-0.7039999999999997 0.0000000000098996
-0.7029999999999997 0.0000000000087361
-0.7019999999999997 0.0000000000074110
-0.7009999999999997 0.0000000000059543
-0.6999999999999997 0.0000000000043947
-0.6989999999999997 0.0000000000027498
-0.6979999999999997 0.0000000000010516
-0.6969999999999997 0.0000000000006715
-0.6959999999999997 0.0000000000023874
-0.6949999999999997 0.0000000000040750
-0.6939999999999997 0.0000000000056986
-0.6929999999999997 0.0000000000072333
-0.6919999999999997 0.0000000000086580
-0.6909999999999997 0.0000000000099405
-0.6899999999999997 0.0000000000110720
-0.6889999999999997 0.0000000000120277
-0.6879999999999997 0.0000000000127969
-0.6869999999999997 0.0000000000133671
-0.6859999999999997 0.0000000000137277
-0.6849999999999997 0.0000000000138733
-0.6839999999999997 0.0000000000138147
-0.6829999999999997 0.0000000000135447
-0.6819999999999997 0.0000000000130704
-0.6809999999999997 0.0000000000124061
-0.6799999999999997 0.0000000000115605
-0.6789999999999997 0.0000000000105587
-0.6779999999999997 0.0000000000094076
-0.6769999999999997 0.0000000000081322
-0.6759999999999997 0.0000000000067555
-0.6749999999999997 0.0000000000053006
-0.6739999999999997 0.0000000000037925
-0.6729999999999997 0.0000000000022560
-0.6719999999999997 0.0000000000007176
-0.6709999999999997 0.0000000000008011
-0.6699999999999997 0.0000000000022755
-0.6689999999999997 0.0000000000036806
-0.6679999999999997 0.0000000000049969
-0.6669999999999997 0.0000000000062013
-0.6659999999999997 0.0000000000072760
-0.6649999999999997 0.0000000000082157
-0.6639999999999997 0.0000000000089972
-0.6629999999999997 0.0000000000096190
-0.6619999999999997 0.0000000000100666
-0.6609999999999997 0.0000000000103419
-0.6599999999999997 0.0000000000104396
-0.6589999999999997 0.0000000000103686
-0.6579999999999997 0.0000000000101270
-0.6569999999999997 0.0000000000097238
-0.6559999999999997 0.0000000000091696
-0.6549999999999997 0.0000000000084803
-0.6539999999999997 0.0000000000076650
-0.6529999999999997 0.0000000000067413
-0.6519999999999997 0.0000000000057252
-0.6509999999999997 0.0000000000046416
-0.6499999999999997 0.0000000000035012
-0.6489999999999997 0.0000000000023306
-0.6479999999999997 0.0000000000011475
-0.6469999999999997 0.0000000000000302
-0.6459999999999997 0.0000000000011831
-0.6449999999999997 0.0000000000022915
-0.6439999999999997 0.0000000000033360
-0.6429999999999997 0.0000000000043023
-0.6419999999999997 0.0000000000051781
-0.6409999999999997 0.0000000000059508
-0.6399999999999997 0.0000000000066045
-0.6389999999999997 0.0000000000071374
-0.6379999999999997 0.0000000000075406
-0.6369999999999997 0.0000000000078106
-0.6359999999999997 0.0000000000079439
-0.6349999999999997 0.0000000000079403
-0.6339999999999997 0.0000000000078106
-0.6329999999999997 0.0000000000075495
-0.6319999999999997 0.0000000000071676
-0.6309999999999997 0.0000000000066755
-0.6299999999999997 0.0000000000060805
-0.6289999999999997 0.0000000000053948
-0.6279999999999997 0.0000000000046345
-0.6269999999999997 0.0000000000038085
-0.6259999999999997 0.0000000000029328
-0.6249999999999997 0.0000000000020233
-0.6239999999999997 0.0000000000010942
-0.6229999999999997 0.0000000000001634
-0.6219999999999997 0.0000000000007567
-0.6209999999999997 0.0000000000016502
-0.6199999999999997 0.0000000000025082
-0.6189999999999997 0.0000000000033111
-0.6179999999999997 0.0000000000040519
-0.6169999999999997 0.0000000000047180
-0.6159999999999997 0.0000000000053060
-0.6149999999999997 0.0000000000057980
-0.6139999999999997 0.0000000000061995
-0.6129999999999997 0.0000000000064997
-0.6119999999999997 0.0000000000067004
-0.6109999999999997 0.0000000000067928
-0.6099999999999997 0.0000000000067892
-0.6089999999999997 0.0000000000066862
-0.6079999999999997 0.0000000000064873
-0.6069999999999997 0.0000000000062013
-0.6059999999999997 0.0000000000058300
-0.6049999999999996 0.0000000000053859
-0.6039999999999996 0.0000000000048779
-0.6029999999999996 0.0000000000043130
-0.6019999999999996 0.0000000000037055
-0.6009999999999996 0.0000000000030642
-0.5999999999999996 0.0000000000023999
-0.5989999999999996 0.0000000000017266
-0.5979999999999996 0.0000000000010516
-0.5969999999999996 0.0000000000003872
-0.5959999999999996 0.0000000000002558
-0.5949999999999996 0.0000000000008669
-0.5939999999999996 0.0000000000014371
-0.5929999999999996 0.0000000000019629
-0.5919999999999996 0.0000000000024301
-0.5909999999999996 0.0000000000028351
-0.5899999999999996 0.0000000000031779
-0.5889999999999996 0.0000000000034479
-0.5879999999999996 0.0000000000036486
-0.5869999999999996 0.0000000000037748
-0.5859999999999996 0.0000000000038280
-0.5849999999999996 0.0000000000038156
-0.5839999999999996 0.0000000000037303
-0.5829999999999996 0.0000000000035847
-0.5819999999999996 0.0000000000033786
-0.5809999999999996 0.0000000000031193
-0.5799999999999996 0.0000000000028137
-0.5789999999999996 0.0000000000024691
-0.5779999999999996 0.0000000000020925
-0.5769999999999996 0.0000000000016964
-0.5759999999999996 0.0000000000012861
-0.5749999999999996 0.0000000000008686
-0.5739999999999996 0.0000000000004530
-0.5729999999999996 0.0000000000000515
-0.5719999999999996 0.0000000000003304
-0.5709999999999996 0.0000000000006857
-0.5699999999999996 0.0000000000010072
-0.5689999999999996 0.0000000000012914
-0.5679999999999996 0.0000000000015241
-0.5669999999999996 0.0000000000017106
-0.5659999999999996 0.0000000000018439
-0.5649999999999996 0.0000000000019149
-0.5639999999999996 0.0000000000019345
-0.5629999999999996 0.0000000000018900
-0.5619999999999996 0.0000000000017941
-0.5609999999999996 0.0000000000016360
-0.5599999999999996 0.0000000000014282
-0.5589999999999996 0.0000000000011724
-0.5579999999999996 0.0000000000008704
-0.5569999999999996 0.0000000000005276
-0.5559999999999996 0.0000000000001545
-0.5549999999999996 0.0000000000002451
-0.5539999999999996 0.0000000000006626
-0.5529999999999996 0.0000000000010925
-0.5519999999999996 0.0000000000015241
-0.5509999999999996 0.0000000000019540
-0.5499999999999996 0.0000000000023643
-0.5489999999999996 0.0000000000027605
-0.5479999999999996 0.0000000000031211
-0.5469999999999996 0.0000000000034497
-0.5459999999999996 0.0000000000037303
-0.5449999999999996 0.0000000000039648
-0.5439999999999996 0.0000000000041407
-0.5429999999999996 0.0000000000042579
-0.5419999999999996 0.0000000000043130
-0.5409999999999996 0.0000000000042988
-0.5399999999999996 0.0000000000042188
-0.5389999999999996 0.0000000000040661
-0.5379999999999996 0.0000000000038458
-0.5369999999999996 0.0000000000035580
-0.5359999999999996 0.0000000000032028
-0.5349999999999996 0.0000000000027889
-0.5339999999999996 0.0000000000023128
-0.5329999999999996 0.0000000000017870
-0.5319999999999996 0.0000000000012150
-0.5309999999999996 0.0000000000006004
-0.5299999999999996 0.0000000000000409
-0.5289999999999996 0.0000000000007052
-0.5279999999999996 0.0000000000013909
-0.5269999999999996 0.0000000000020801
-0.5259999999999996 0.0000000000027622
-0.5249999999999996 0.0000000000034373
-0.5239999999999996 0.0000000000040874
-0.5229999999999996 0.0000000000047073
-0.5219999999999996 0.0000000000052882
-0.5209999999999996 0.0000000000058193
-0.5199999999999996 0.0000000000062954
-0.5189999999999996 0.0000000000067111
-0.5179999999999996 0.0000000000070557
-0.5169999999999996 0.0000000000073239
-0.5159999999999996 0.0000000000075140
-0.5149999999999996 0.0000000000076206
-0.5139999999999996 0.0000000000076383
-0.5129999999999996 0.0000000000075744
-0.5119999999999996 0.0000000000074163
-0.5109999999999996 0.0000000000071747
-0.5099999999999996 0.0000000000068496
-0.5089999999999996 0.0000000000064375
-0.5079999999999996 0.0000000000059490
-0.5069999999999996 0.0000000000053859
-0.5059999999999996 0.0000000000047553
-0.5049999999999996 0.0000000000040643
-0.5039999999999996 0.0000000000033182
-0.5029999999999996 0.0000000000025295
-0.5019999999999996 0.0000000000017035
-0.5009999999999996 0.0000000000008527
-0.4999999999999996 0.0000000000000195
-0.4989999999999996 0.0000000000008935
-0.4979999999999996 0.0000000000017693
-0.4969999999999996 0.0000000000026290
-0.4959999999999996 0.0000000000034639
-0.4949999999999996 0.0000000000042686
-0.4939999999999996 0.0000000000050289
-0.4929999999999995 0.0000000000057412
-0.4919999999999995 0.0000000000063913
-0.4909999999999995 0.0000000000069775
-0.4899999999999995 0.0000000000074838
-0.4889999999999995 0.0000000000079154
-0.4879999999999995 0.0000000000082583
-0.4869999999999995 0.0000000000085159
-0.4859999999999995 0.0000000000086811
-0.4849999999999995 0.0000000000087521
-0.4839999999999995 0.0000000000087272
-0.4829999999999995 0.0000000000086118
-0.4819999999999995 0.0000000000083986
-0.4809999999999995 0.0000000000081002
-0.4799999999999995 0.0000000000077138
-0.4789999999999995 0.0000000000072466
-0.4779999999999995 0.0000000000067022
-0.4769999999999995 0.0000000000060885
-0.4759999999999995 0.0000000000054126
-0.4749999999999995 0.0000000000046816
-0.4739999999999995 0.0000000000039044
-0.4729999999999995 0.0000000000030909
-0.4719999999999995 0.0000000000022506
-0.4709999999999995 0.0000000000013900
-0.4699999999999995 0.0000000000005222
-0.4689999999999995 0.0000000000003419
-0.4679999999999995 0.0000000000011973
-0.4669999999999995 0.0000000000020304
-0.4659999999999995 0.0000000000028342
-0.4649999999999995 0.0000000000035971
-0.4639999999999995 0.0000000000043112
-0.4629999999999995 0.0000000000049729
-0.4619999999999995 0.0000000000055707
-0.4609999999999995 0.0000000000060982
-0.4599999999999995 0.0000000000065565
-0.4589999999999995 0.0000000000069305
-0.4579999999999995 0.0000000000072253
-0.4569999999999995 0.0000000000074341
-0.4559999999999995 0.0000000000075557
-0.4549999999999995 0.0000000000075913
-0.4539999999999995 0.0000000000075406
-0.4529999999999995 0.0000000000074047
-0.4519999999999995 0.0000000000071854
-0.4509999999999995 0.0000000000068887
-0.4499999999999995 0.0000000000065130
-0.4489999999999995 0.0000000000060698
-0.4479999999999995 0.0000000000055627
-0.4469999999999995 0.0000000000050004
-0.4459999999999995 0.0000000000043867
-0.4449999999999995 0.0000000000037286
-0.4439999999999995 0.0000000000030376
-0.4429999999999995 0.0000000000023199
-0.4419999999999995 0.0000000000015863
-0.4409999999999995 0.0000000000008411
-0.4399999999999995 0.0000000000000995
-0.4389999999999995 0.0000000000006350
-0.4379999999999995 0.0000000000013500
-0.4369999999999995 0.0000000000020401
-0.4359999999999995 0.0000000000026974
-0.4349999999999995 0.0000000000033138
-0.4339999999999995 0.0000000000038813
-0.4329999999999995 0.0000000000043956
-0.4319999999999995 0.0000000000048477
-0.4309999999999995 0.0000000000052403
-0.4299999999999995 0.0000000000055627
-0.4289999999999995 0.0000000000058140
-0.4279999999999995 0.0000000000059925
-0.4269999999999995 0.0000000000060947
-0.4259999999999995 0.0000000000061240
-0.4249999999999995 0.0000000000060796
-0.4239999999999995 0.0000000000059597
-0.4229999999999995 0.0000000000057687
-0.4219999999999995 0.0000000000055103
-0.4209999999999995 0.0000000000051870
-0.4199999999999995 0.0000000000048050
-0.4189999999999995 0.0000000000043681
-0.4179999999999995 0.0000000000038813
-0.4169999999999995 0.0000000000033529
-0.4159999999999995 0.0000000000027889
-0.4149999999999995 0.0000000000021974
-0.4139999999999995 0.0000000000015810
-0.4129999999999995 0.0000000000009530
-0.4119999999999995 0.0000000000003189
-0.4109999999999995 0.0000000000003153
-0.4099999999999995 0.0000000000009388
-0.4089999999999995 0.0000000000015472
-0.4079999999999995 0.0000000000021334
-0.4069999999999995 0.0000000000026885
-0.4059999999999995 0.0000000000032072
-0.4049999999999995 0.0000000000036842
-0.4039999999999995 0.0000000000041132
-0.4029999999999995 0.0000000000044906
-0.4019999999999995 0.0000000000048130
-0.4009999999999995 0.0000000000050742
-0.3999999999999995 0.0000000000052749
-0.3989999999999995 0.0000000000054108
-0.3979999999999995 0.0000000000054801
-0.3969999999999995 0.0000000000054863
-0.3959999999999995 0.0000000000054285
-0.3949999999999995 0.0000000000053069
-0.3939999999999995 0.0000000000051212
-0.3929999999999995 0.0000000000048797
-0.3919999999999995 0.0000000000045830
-0.3909999999999995 0.0000000000042322
-0.3899999999999995 0.0000000000038360
-0.3889999999999995 0.0000000000033982
-0.3879999999999995 0.0000000000029239
-0.3869999999999995 0.0000000000024167
-0.3859999999999995 0.0000000000018892
-0.3849999999999995 0.0000000000013394
-0.3839999999999995 0.0000000000007807
-0.3829999999999995 0.0000000000002167
-0.3819999999999995 0.0000000000003473
-0.3809999999999995 0.0000000000009015
-0.3799999999999994 0.0000000000014415
-0.3789999999999994 0.0000000000019602
-0.3779999999999994 0.0000000000024523
-0.3769999999999994 0.0000000000029114
-0.3759999999999994 0.0000000000033351
-0.3749999999999994 0.0000000000037153
-0.3739999999999994 0.0000000000040528
-0.3729999999999994 0.0000000000043379
-0.3719999999999994 0.0000000000045715
-0.3709999999999994 0.0000000000047500
-0.3699999999999994 0.0000000000048743
-0.3689999999999994 0.0000000000049409
-0.3679999999999994 0.0000000000049498
-0.3669999999999994 0.0000000000049019
-0.3659999999999994 0.0000000000047979
-0.3649999999999994 0.0000000000046398
-0.3639999999999994 0.0000000000044311
-0.3629999999999994 0.0000000000041753
-0.3619999999999994 0.0000000000038707
-0.3609999999999994 0.0000000000035270
-0.3599999999999994 0.0000000000031450
-0.3589999999999994 0.0000000000027329
-0.3579999999999994 0.0000000000022915
-0.3569999999999994 0.0000000000018288
-0.3559999999999994 0.0000000000013518
-0.3549999999999994 0.0000000000008642
-0.3539999999999994 0.0000000000003704
-0.3529999999999994 0.0000000000001199
-0.3519999999999994 0.0000000000006031
-0.3509999999999994 0.0000000000010747
-0.3499999999999994 0.0000000000015268
-0.3489999999999994 0.0000000000019575
-0.3479999999999994 0.0000000000023599
-0.3469999999999994 0.0000000000027276
-0.3459999999999994 0.0000000000030607
-0.3449999999999994 0.0000000000033520
-0.3439999999999994 0.0000000000036007
-0.3429999999999994 0.0000000000038032
-0.3419999999999994 0.0000000000039568
-0.3409999999999994 0.0000000000040616
-0.3399999999999994 0.0000000000041176
-0.3389999999999994 0.0000000000041220
-0.3379999999999994 0.0000000000040759
-0.3369999999999994 0.0000000000039808
-0.3359999999999994 0.0000000000038387
-0.3349999999999994 0.0000000000036513
-0.3339999999999994 0.0000000000034195
-0.3329999999999994 0.0000000000031486
-0.3319999999999994 0.0000000000028422
-0.3309999999999994 0.0000000000025020
-0.3299999999999994 0.0000000000021343
-0.3289999999999994 0.0000000000017444
-0.3279999999999994 0.0000000000013340
-0.3269999999999994 0.0000000000009095
-0.3259999999999994 0.0000000000004778
-0.3249999999999994 0.0000000000000426
-0.3239999999999994 0.0000000000003899
-0.3229999999999994 0.0000000000008145
-0.3219999999999994 0.0000000000012292
-0.3209999999999994 0.0000000000016245
-0.3199999999999994 0.0000000000019993
-0.3189999999999994 0.0000000000023466
-0.3179999999999994 0.0000000000026636
-0.3169999999999994 0.0000000000029452
-0.3159999999999994 0.0000000000031921
-0.3149999999999994 0.0000000000033982
-0.3139999999999994 0.0000000000035589
-0.3129999999999994 0.0000000000036771
-0.3119999999999994 0.0000000000037490
-0.3109999999999994 0.0000000000037739
-0.3099999999999994 0.0000000000037526
-0.3089999999999994 0.0000000000036851
-0.3079999999999994 0.0000000000035696
-0.3069999999999994 0.0000000000034115
-0.3059999999999994 0.0000000000032090
-0.3049999999999994 0.0000000000029692
-0.3039999999999994 0.0000000000026912
-0.3029999999999994 0.0000000000023777
-0.3019999999999994 0.0000000000020357
-0.3009999999999994 0.0000000000016662
-0.2999999999999994 0.0000000000012754
-0.2989999999999994 0.0000000000008660
-0.2979999999999994 0.0000000000004450
-0.2969999999999994 0.0000000000000169
-0.2959999999999994 0.0000000000004130
-0.2949999999999994 0.0000000000008420
-0.2939999999999994 0.0000000000012639
-0.2929999999999994 0.0000000000016724
-0.2919999999999994 0.0000000000020632
-0.2909999999999994 0.0000000000024345
-0.2899999999999994 0.0000000000027773
-0.2889999999999994 0.0000000000030926
-0.2879999999999994 0.0000000000033706
-0.2869999999999994 0.0000000000036131
-0.2859999999999994 0.0000000000038147
-0.2849999999999994 0.0000000000039755
-0.2839999999999994 0.0000000000040892
-0.2829999999999994 0.0000000000041585
-0.2819999999999994 0.0000000000041780
-0.2809999999999994 0.0000000000041522
-0.2799999999999994 0.0000000000040776
-0.2789999999999994 0.0000000000039559
-0.2779999999999994 0.0000000000037890
-0.2769999999999994 0.0000000000035767
-0.2759999999999994 0.0000000000033218
-0.2749999999999994 0.0000000000030278
-0.2739999999999994 0.0000000000026974
-0.2729999999999994 0.0000000000023341
-0.2719999999999994 0.0000000000019416
-0.2709999999999994 0.0000000000015206
-0.2699999999999994 0.0000000000010809
-0.2689999999999994 0.0000000000006262
-0.2679999999999993 0.0000000000001599
-0.2669999999999993 0.0000000000003135
-0.2659999999999993 0.0000000000007869
-0.2649999999999993 0.0000000000012577
-0.2639999999999993 0.0000000000017195
-0.2629999999999993 0.0000000000021680
-0.2619999999999993 0.0000000000025970
-0.2609999999999993 0.0000000000030020
-0.2599999999999993 0.0000000000033795
-0.2589999999999993 0.0000000000037232
-0.2579999999999993 0.0000000000040341
-0.2569999999999993 0.0000000000043050
-0.2559999999999993 0.0000000000045342
-0.2549999999999993 0.0000000000047180
-0.2539999999999993 0.0000000000048530
-0.2529999999999993 0.0000000000049400
-0.2519999999999993 0.0000000000049782
-0.2509999999999993 0.0000000000049667
-0.2499999999999993 0.0000000000049027
-0.2489999999999993 0.0000000000047899
-0.2479999999999993 0.0000000000046274
-0.2469999999999993 0.0000000000044160
-0.2459999999999993 0.0000000000041620
-0.2449999999999993 0.0000000000038636
-0.2439999999999993 0.0000000000035234
-0.2429999999999993 0.0000000000031468
-0.2419999999999993 0.0000000000027365
-0.2409999999999993 0.0000000000022986
-0.2399999999999993 0.0000000000018359
-0.2389999999999993 0.0000000000013509
-0.2379999999999993 0.0000000000008518
-0.2369999999999993 0.0000000000003428
-0.2359999999999993 0.0000000000001732
-0.2349999999999993 0.0000000000006875
-0.2339999999999993 0.0000000000011990
-0.2329999999999993 0.0000000000017000
-0.2319999999999993 0.0000000000021840
-0.2309999999999993 0.0000000000026485
-0.2299999999999993 0.0000000000030900
-0.2289999999999993 0.0000000000035021
-0.2279999999999993 0.0000000000038805
-0.2269999999999993 0.0000000000042224
-0.2259999999999993 0.0000000000045226
-0.2249999999999993 0.0000000000047802
-0.2239999999999993 0.0000000000049925
-0.2229999999999993 0.0000000000051550
-0.2219999999999993 0.0000000000052696
-0.2209999999999993 0.0000000000053326
-0.2199999999999993 0.0000000000053451
-0.2189999999999993 0.0000000000053060
-0.2179999999999993 0.0000000000052154
-0.2169999999999993 0.0000000000050759
-0.2159999999999993 0.0000000000048868
-0.2149999999999993 0.0000000000046505
-0.2139999999999993 0.0000000000043698
-0.2129999999999993 0.0000000000040492
-0.2119999999999993 0.0000000000036895
-0.2109999999999993 0.0000000000032934
-0.2099999999999993 0.0000000000028697
-0.2089999999999993 0.0000000000024176
-0.2079999999999993 0.0000000000019451
-0.2069999999999993 0.0000000000014539
-0.2059999999999993 0.0000000000009512
-0.2049999999999993 0.0000000000004396
-0.2039999999999993 0.0000000000000728
-0.2029999999999993 0.0000000000005818
-0.2019999999999993 0.0000000000010836
-0.2009999999999993 0.0000000000015747
-0.1999999999999993 0.0000000000020464
-0.1989999999999993 0.0000000000024976
-0.1979999999999993 0.0000000000029203
-0.1969999999999993 0.0000000000033147
-0.1959999999999993 0.0000000000036744
-0.1949999999999993 0.0000000000039950
-0.1939999999999993 0.0000000000042766
-0.1929999999999993 0.0000000000045155
-0.1919999999999993 0.0000000000047082
-0.1909999999999993 0.0000000000048521
-0.1899999999999993 0.0000000000049498
-0.1889999999999993 0.0000000000049987
-0.1879999999999993 0.0000000000049969
-0.1869999999999993 0.0000000000049480
-0.1859999999999993 0.0000000000048503
-0.1849999999999993 0.0000000000047056
-0.1839999999999993 0.0000000000045146
-0.1829999999999993 0.0000000000042792
-0.1819999999999993 0.0000000000040057
-0.1809999999999993 0.0000000000036930
-0.1799999999999993 0.0000000000033475
-0.1789999999999993 0.0000000000029701
-0.1779999999999993 0.0000000000025651
-0.1769999999999993 0.0000000000021378
-0.1759999999999993 0.0000000000016929
-0.1749999999999993 0.0000000000012319
-0.1739999999999993 0.0000000000007638
-0.1729999999999993 0.0000000000002913
-0.1719999999999993 0.0000000000001812
-0.1709999999999993 0.0000000000006484
-0.1699999999999993 0.0000000000011058
-0.1689999999999993 0.0000000000015499
-0.1679999999999993 0.0000000000019735
-0.1669999999999993 0.0000000000023785
-0.1659999999999993 0.0000000000027525
-0.1649999999999993 0.0000000000030980
-0.1639999999999993 0.0000000000034106
-0.1629999999999993 0.0000000000036842
-0.1619999999999993 0.0000000000039213
-0.1609999999999993 0.0000000000041158
-0.1599999999999993 0.0000000000042668
-0.1589999999999993 0.0000000000043752
-0.1579999999999993 0.0000000000044373
-0.1569999999999993 0.0000000000044542
-0.1559999999999993 0.0000000000044267
-0.1549999999999992 0.0000000000043521
-0.1539999999999992 0.0000000000042348
-0.1529999999999992 0.0000000000040759
-0.1519999999999992 0.0000000000038760
-0.1509999999999992 0.0000000000036389
-0.1499999999999992 0.0000000000033662
-0.1489999999999992 0.0000000000030589
-0.1479999999999992 0.0000000000027223
-0.1469999999999992 0.0000000000023599
-0.1459999999999992 0.0000000000019771
-0.1449999999999992 0.0000000000015756
-0.1439999999999992 0.0000000000011591
-0.1429999999999992 0.0000000000007354
-0.1419999999999992 0.0000000000003055
-0.1409999999999992 0.0000000000001252
-0.1399999999999992 0.0000000000005516
-0.1389999999999992 0.0000000000009708
-0.1379999999999992 0.0000000000013776
-0.1369999999999992 0.0000000000017684
-0.1359999999999992 0.0000000000021378
-0.1349999999999992 0.0000000000024851
-0.1339999999999992 0.0000000000028040
-0.1329999999999992 0.0000000000030917
-0.1319999999999992 0.0000000000033475
-0.1309999999999992 0.0000000000035678
-0.1299999999999992 0.0000000000037481
-0.1289999999999992 0.0000000000038920
-0.1279999999999992 0.0000000000039933
-0.1269999999999992 0.0000000000040536
-0.1259999999999992 0.0000000000040714
-0.1249999999999992 0.0000000000040465
-0.1239999999999992 0.0000000000039826
-0.1229999999999992 0.0000000000038760
-0.1219999999999992 0.0000000000037303
-0.1209999999999992 0.0000000000035456
-0.1199999999999992 0.0000000000033271
-0.1189999999999992 0.0000000000030758
-0.1179999999999992 0.0000000000027915
-0.1169999999999992 0.0000000000024807
-0.1159999999999992 0.0000000000021458
-0.1149999999999992 0.0000000000017906
-0.1139999999999992 0.0000000000014166
-0.1129999999999992 0.0000000000010321
-0.1119999999999992 0.0000000000006350
-0.1109999999999992 0.0000000000002363
-0.1099999999999992 0.0000000000001652
-0.1089999999999992 0.0000000000005631
-0.1079999999999992 0.0000000000009530
-0.1069999999999992 0.0000000000013332
-0.1059999999999992 0.0000000000016982
-0.1049999999999992 0.0000000000020437
-0.1039999999999992 0.0000000000023670
-0.1029999999999992 0.0000000000026663
-0.1019999999999992 0.0000000000029354
-0.1009999999999992 0.0000000000031735
-0.0999999999999992 0.0000000000033777
-0.0989999999999992 0.0000000000035483
-0.0979999999999992 0.0000000000036806
-0.0969999999999992 0.0000000000037756
-0.0959999999999992 0.0000000000038307
-0.0949999999999992 0.0000000000038467
-0.0939999999999992 0.0000000000038227
-0.0929999999999992 0.0000000000037588
-0.0919999999999992 0.0000000000036584
-0.0909999999999992 0.0000000000035181
-0.0899999999999992 0.0000000000033440
-0.0889999999999992 0.0000000000031353
-0.0879999999999992 0.0000000000028946
-0.0869999999999992 0.0000000000026255
-0.0859999999999992 0.0000000000023288
-0.0849999999999992 0.0000000000020099
-0.0839999999999992 0.0000000000016716
-0.0829999999999992 0.0000000000013154
-0.0819999999999992 0.0000000000009486
-0.0809999999999992 0.0000000000005729
-0.0799999999999992 0.0000000000001901
-0.0789999999999992 0.0000000000001936
-0.0779999999999992 0.0000000000005720
-0.0769999999999992 0.0000000000009450
-0.0759999999999992 0.0000000000013083
-0.0749999999999992 0.0000000000016565
-0.0739999999999992 0.0000000000019877
-0.0729999999999992 0.0000000000022951
-0.0719999999999992 0.0000000000025810
-0.0709999999999992 0.0000000000028386
-0.0699999999999992 0.0000000000030678
-0.0689999999999992 0.0000000000032641
-0.0679999999999992 0.0000000000034257
-0.0669999999999992 0.0000000000035527
-0.0659999999999992 0.0000000000036415
-0.0649999999999992 0.0000000000036939
-0.0639999999999992 0.0000000000037081
-0.0629999999999992 0.0000000000036842
-0.0619999999999992 0.0000000000036211
-0.0609999999999992 0.0000000000035243
-0.0599999999999992 0.0000000000033875
-0.0589999999999992 0.0000000000032188
-0.0579999999999992 0.0000000000030154
-0.0569999999999992 0.0000000000027818
-0.0559999999999992 0.0000000000025207
-0.0549999999999992 0.0000000000022320
-0.0539999999999992 0.0000000000019220
-0.0529999999999992 0.0000000000015916
-0.0519999999999992 0.0000000000012452
-0.0509999999999992 0.0000000000008873
-0.0499999999999992 0.0000000000005187
-0.0489999999999992 0.0000000000001457
-0.0479999999999992 0.0000000000002274
-0.0469999999999992 0.0000000000005995
-0.0459999999999992 0.0000000000009663
-0.0449999999999992 0.0000000000013207
-0.0439999999999992 0.0000000000016636
-0.0429999999999992 0.0000000000019886
-0.0419999999999991 0.0000000000022933
-0.0409999999999991 0.0000000000025757
-0.0399999999999991 0.0000000000028297
-0.0389999999999991 0.0000000000030562
-0.0379999999999991 0.0000000000032525
-0.0369999999999991 0.0000000000034150
-0.0359999999999991 0.0000000000035429
-0.0349999999999991 0.0000000000036344
-0.0339999999999991 0.0000000000036895
-0.0329999999999991 0.0000000000037081
-0.0319999999999991 0.0000000000036886
-0.0309999999999991 0.0000000000036309
-0.0299999999999991 0.0000000000035367
-0.0289999999999991 0.0000000000034071
-0.0279999999999991 0.0000000000032436
-0.0269999999999991 0.0000000000030482
-0.0259999999999991 0.0000000000028209
-0.0249999999999991 0.0000000000025651
-0.0239999999999991 0.0000000000022817
-0.0229999999999991 0.0000000000019771
-0.0219999999999991 0.0000000000016538
-0.0209999999999991 0.0000000000013136
-0.0199999999999991 0.0000000000009583
-0.0189999999999991 0.0000000000005942
-0.0179999999999991 0.0000000000002247
-0.0169999999999991 0.0000000000001474
-0.0159999999999991 0.0000000000005187
-0.0149999999999991 0.0000000000008837
-0.0139999999999991 0.0000000000012390
-0.0129999999999991 0.0000000000015836
-0.0119999999999991 0.0000000000019114
-0.0109999999999991 0.0000000000022213
-0.0099999999999991 0.0000000000025064
-0.0089999999999991 0.0000000000027685
-0.0079999999999991 0.0000000000030003
-0.0069999999999991 0.0000000000032045
-0.0059999999999991 0.0000000000033742
-0.0049999999999991 0.0000000000035119
-0.0039999999999991 0.0000000000036122
-0.0029999999999991 0.0000000000036797
-0.0019999999999991 0.0000000000037073
-0.0009999999999991 0.0000000000036993
0.0000000000000009 0.0000000000036540
0.0010000000000009 0.0000000000035731
0.0020000000000009 0.0000000000034546
0.0030000000000009 0.0000000000033031
0.0040000000000009 0.0000000000031180
0.0050000000000009 0.0000000000029017
0.0060000000000009 0.0000000000026561
0.0070000000000009 0.0000000000023861
0.0080000000000009 0.0000000000020912
0.0090000000000009 0.0000000000017759
0.0100000000000009 0.0000000000014428
0.0110000000000009 0.0000000000010956
0.0120000000000009 0.0000000000007381
0.0130000000000009 0.0000000000003739
0.0140000000000009 0.0000000000000049
0.0150000000000009 0.0000000000003619
0.0160000000000009 0.0000000000007252
0.0170000000000009 0.0000000000010809
0.0180000000000009 0.0000000000014251
0.0190000000000009 0.0000000000017546
0.0200000000000009 0.0000000000020659
0.0210000000000009 0.0000000000023577
0.0220000000000009 0.0000000000026246
0.0230000000000009 0.0000000000028630
0.0240000000000009 0.0000000000030727
0.0250000000000009 0.0000000000032516
0.0260000000000009 0.0000000000033982
0.0270000000000009 0.0000000000035087
0.0280000000000009 0.0000000000035860
0.0290000000000009 0.0000000000036247
0.0300000000000009 0.0000000000036273
0.0310000000000009 0.0000000000035936
0.0320000000000009 0.0000000000035230
0.0330000000000009 0.0000000000034173
0.0340000000000009 0.0000000000032765
0.0350000000000009 0.0000000000031033
0.0360000000000009 0.0000000000028981
0.0370000000000009 0.0000000000026645
0.0380000000000009 0.0000000000024025
0.0390000000000009 0.0000000000021170
0.0400000000000009 0.0000000000018106
0.0410000000000009 0.0000000000014864
0.0420000000000009 0.0000000000011453
0.0430000000000009 0.0000000000007936
0.0440000000000009 0.0000000000004352
0.0450000000000009 0.0000000000000715
0.0460000000000009 0.0000000000002931
0.0470000000000009 0.0000000000006533
0.0480000000000009 0.0000000000010072
0.0490000000000009 0.0000000000013523
0.0500000000000009 0.0000000000016827
0.0510000000000009 0.0000000000019962
0.0520000000000009 0.0000000000022875
0.0530000000000009 0.0000000000025580
0.0540000000000009 0.0000000000028022
0.0550000000000009 0.0000000000030167
0.0560000000000009 0.0000000000032014
0.0570000000000009 0.0000000000033546
0.0580000000000009 0.0000000000034719
0.0590000000000009 0.0000000000035554
0.0600000000000009 0.0000000000036020
0.0610000000000009 0.0000000000036127
0.0620000000000009 0.0000000000035851
0.0630000000000009 0.0000000000035243
0.0640000000000009 0.0000000000034266
0.0650000000000009 0.0000000000032920
0.0660000000000009 0.0000000000031264
0.0670000000000009 0.0000000000029288
0.0680000000000009 0.0000000000027010
0.0690000000000009 0.0000000000024456
0.0700000000000009 0.0000000000021658
0.0710000000000009 0.0000000000018643
0.0720000000000009 0.0000000000015445
0.0730000000000009 0.0000000000012088
0.0740000000000009 0.0000000000008593
0.0750000000000009 0.0000000000005027
0.0760000000000009 0.0000000000001403
0.0770000000000009 0.0000000000002225
0.0780000000000009 0.0000000000005835
0.0790000000000009 0.0000000000009375
0.0800000000000009 0.0000000000012825
0.0810000000000009 0.0000000000016147
0.0820000000000009 0.0000000000019309
0.0830000000000009 0.0000000000022249
0.0840000000000009 0.0000000000024989
0.0850000000000009 0.0000000000027445
0.0860000000000010 0.0000000000029647
0.0870000000000010 0.0000000000031535
0.0880000000000010 0.0000000000033094
0.0890000000000010 0.0000000000034315
0.0900000000000010 0.0000000000035185
0.0910000000000010 0.0000000000035696
0.0920000000000010 0.0000000000035842
0.0930000000000010 0.0000000000035607
0.0940000000000010 0.0000000000035016
0.0950000000000010 0.0000000000034075
0.0960000000000010 0.0000000000032765
0.0970000000000010 0.0000000000031117
0.0980000000000010 0.0000000000029159
0.0990000000000010 0.0000000000026890
0.1000000000000010 0.0000000000024363
0.1010000000000010 0.0000000000021569
0.1020000000000010 0.0000000000018541
0.1030000000000010 0.0000000000015339
0.1040000000000010 0.0000000000011964
0.1050000000000010 0.0000000000008464
0.1060000000000010 0.0000000000004872
0.1070000000000010 0.0000000000001235
0.1080000000000010 0.0000000000002420
0.1090000000000010 0.0000000000006066
0.1100000000000010 0.0000000000009646
0.1110000000000010 0.0000000000013123
0.1120000000000010 0.0000000000016476
0.1130000000000010 0.0000000000019660
0.1140000000000010 0.0000000000022644
0.1150000000000010 0.0000000000025384
0.1160000000000010 0.0000000000027880
0.1170000000000010 0.0000000000030091
0.1180000000000010 0.0000000000031988
0.1190000000000010 0.0000000000033546
0.1200000000000010 0.0000000000034777
0.1210000000000010 0.0000000000035620
0.1220000000000010 0.0000000000036118
0.1230000000000010 0.0000000000036233
0.1240000000000010 0.0000000000035953
0.1250000000000010 0.0000000000035314
0.1260000000000010 0.0000000000034301
0.1270000000000010 0.0000000000032911
0.1280000000000010 0.0000000000031193
0.1290000000000010 0.0000000000029123
0.1300000000000010 0.0000000000026756
0.1310000000000010 0.0000000000024092
0.1320000000000010 0.0000000000021161
0.1330000000000010 0.0000000000018012
0.1340000000000010 0.0000000000014637
0.1350000000000010 0.0000000000011120
0.1360000000000010 0.0000000000007443
0.1370000000000010 0.0000000000003677
0.1380000000000010 0.0000000000000133
0.1390000000000010 0.0000000000003975
0.1400000000000010 0.0000000000007789
0.1410000000000010 0.0000000000011542
0.1420000000000010 0.0000000000015206
0.1430000000000010 0.0000000000018749
0.1440000000000010 0.0000000000022107
0.1450000000000010 0.0000000000025269
0.1460000000000010 0.0000000000028186
0.1470000000000010 0.0000000000030824
0.1480000000000010 0.0000000000033182
0.1490000000000010 0.0000000000035207
0.1500000000000010 0.0000000000036899
0.1510000000000010 0.0000000000038214
0.1520000000000010 0.0000000000039169
0.1530000000000010 0.0000000000039724
0.1540000000000010 0.0000000000039897
0.1550000000000010 0.0000000000039666
0.1560000000000010 0.0000000000039031
0.1570000000000010 0.0000000000038010
0.1580000000000010 0.0000000000036611
0.1590000000000010 0.0000000000034843
0.1600000000000010 0.0000000000032712
0.1610000000000010 0.0000000000030260
0.1620000000000010 0.0000000000027498
0.1630000000000010 0.0000000000024438
0.1640000000000010 0.0000000000021134
0.1650000000000010 0.0000000000017595
0.1660000000000010 0.0000000000013896
0.1670000000000010 0.0000000000010028
0.1680000000000010 0.0000000000006053
0.1690000000000010 0.0000000000001998
0.1700000000000010 0.0000000000002069
0.1710000000000010 0.0000000000006151
0.1720000000000010 0.0000000000010183
0.1730000000000010 0.0000000000014109
0.1740000000000010 0.0000000000017919
0.1750000000000010 0.0000000000021552
0.1760000000000010 0.0000000000025002
0.1770000000000010 0.0000000000028204
0.1780000000000010 0.0000000000031135
0.1790000000000010 0.0000000000033769
0.1800000000000010 0.0000000000036069
0.1810000000000010 0.0000000000038018
0.1820000000000010 0.0000000000039599
0.1830000000000010 0.0000000000040803
0.1840000000000010 0.0000000000041607
0.1850000000000010 0.0000000000041998
0.1860000000000010 0.0000000000041984
0.1870000000000010 0.0000000000041558
0.1880000000000010 0.0000000000040719
0.1890000000000010 0.0000000000039475
0.1900000000000010 0.0000000000037850
0.1910000000000010 0.0000000000035851
0.1920000000000010 0.0000000000033498
0.1930000000000010 0.0000000000030833
0.1940000000000010 0.0000000000027844
0.1950000000000010 0.0000000000024589
0.1960000000000010 0.0000000000021099
0.1970000000000010 0.0000000000017413
0.1980000000000010 0.0000000000013554
0.1990000000000010 0.0000000000009552
0.2000000000000010 0.0000000000005471
0.2010000000000010 0.0000000000001346
0.2020000000000010 0.0000000000002798
0.2030000000000010 0.0000000000006906
0.2040000000000010 0.0000000000010925
0.2050000000000010 0.0000000000014837
0.2060000000000010 0.0000000000018572
0.2070000000000010 0.0000000000022138
0.2080000000000010 0.0000000000025482
0.2090000000000010 0.0000000000028546
0.2100000000000010 0.0000000000031326
0.2110000000000010 0.0000000000033769
0.2120000000000010 0.0000000000035882
0.2130000000000010 0.0000000000037637
0.2140000000000011 0.0000000000038987
0.2150000000000011 0.0000000000039955
0.2160000000000011 0.0000000000040510
0.2170000000000011 0.0000000000040665
0.2180000000000011 0.0000000000040381
0.2190000000000011 0.0000000000039710
0.2200000000000011 0.0000000000038645
0.2210000000000011 0.0000000000037170
0.2220000000000011 0.0000000000035336
0.2230000000000011 0.0000000000033156
0.2240000000000011 0.0000000000030638
0.2250000000000011 0.0000000000027813
0.2260000000000011 0.0000000000024709
0.2270000000000011 0.0000000000021370
0.2280000000000011 0.0000000000017821
0.2290000000000011 0.0000000000014104
0.2300000000000011 0.0000000000010254
0.2310000000000011 0.0000000000006315
0.2320000000000011 0.0000000000002323
0.2330000000000011 0.0000000000001674
0.2340000000000011 0.0000000000005627
0.2350000000000011 0.0000000000009530
0.2360000000000011 0.0000000000013309
0.2370000000000011 0.0000000000016929
0.2380000000000011 0.0000000000020357
0.2390000000000011 0.0000000000023568
0.2400000000000011 0.0000000000026508
0.2410000000000011 0.0000000000029168
0.2420000000000011 0.0000000000031499
0.2430000000000011 0.0000000000033502
0.2440000000000011 0.0000000000035141
0.2450000000000011 0.0000000000036402
0.2460000000000011 0.0000000000037281
0.2470000000000011 0.0000000000037765
0.2480000000000011 0.0000000000037832
0.2490000000000011 0.0000000000037517
0.2500000000000011 0.0000000000036793
0.2510000000000011 0.0000000000035696
0.2520000000000011 0.0000000000034217
0.2530000000000011 0.0000000000032379
0.2540000000000011 0.0000000000030203
0.2550000000000011 0.0000000000027720
0.2560000000000011 0.0000000000024944
0.2570000000000011 0.0000000000021929
0.2580000000000011 0.0000000000018678
0.2590000000000011 0.0000000000015250
0.2600000000000011 0.0000000000011662
0.2610000000000011 0.0000000000007985
0.2620000000000011 0.0000000000004232
0.2630000000000011 0.0000000000000466
0.2640000000000011 0.0000000000003313
0.2650000000000011 0.0000000000007021
0.2660000000000011 0.0000000000010640
0.2670000000000011 0.0000000000014118
0.2680000000000011 0.0000000000017426
0.2690000000000011 0.0000000000020530
0.2700000000000011 0.0000000000023390
0.2710000000000011 0.0000000000025975
0.2720000000000011 0.0000000000028262
0.2730000000000011 0.0000000000030216
0.2740000000000011 0.0000000000031828
0.2750000000000011 0.0000000000033076
0.2760000000000011 0.0000000000033955
0.2770000000000011 0.0000000000034435
0.2780000000000011 0.0000000000034541
0.2790000000000011 0.0000000000034248
0.2800000000000011 0.0000000000033555
0.2810000000000011 0.0000000000032498
0.2820000000000011 0.0000000000031082
0.2830000000000011 0.0000000000029301
0.2840000000000011 0.0000000000027196
0.2850000000000011 0.0000000000024789
0.2860000000000011 0.0000000000022093
0.2870000000000011 0.0000000000019162
0.2880000000000011 0.0000000000016014
0.2890000000000011 0.0000000000012683
0.2900000000000011 0.0000000000009219
0.2910000000000011 0.0000000000005649
0.2920000000000011 0.0000000000002029
0.2930000000000011 0.0000000000001616
0.2940000000000011 0.0000000000005236
0.2950000000000011 0.0000000000008806
0.2960000000000011 0.0000000000012266
0.2970000000000011 0.0000000000015556
0.2980000000000011 0.0000000000018687
0.2990000000000011 0.0000000000021596
0.3000000000000011 0.0000000000024252
0.3010000000000011 0.0000000000026623
0.3020000000000011 0.0000000000028679
0.3030000000000011 0.0000000000030411
0.3040000000000011 0.0000000000031766
0.3050000000000011 0.0000000000032769
0.3060000000000011 0.0000000000033369
0.3070000000000011 0.0000000000033582
0.3080000000000011 0.0000000000033391
0.3090000000000011 0.0000000000032805
0.3100000000000011 0.0000000000031828
0.3110000000000011 0.0000000000030482
0.3120000000000011 0.0000000000028768
0.3130000000000011 0.0000000000026690
0.3140000000000011 0.0000000000024301
0.3150000000000011 0.0000000000021600
0.3160000000000011 0.0000000000018643
0.3170000000000011 0.0000000000015437
0.3180000000000011 0.0000000000012026
0.3190000000000011 0.0000000000008460
0.3200000000000011 0.0000000000004778
0.3210000000000011 0.0000000000001008
0.3220000000000011 0.0000000000002798
0.3230000000000011 0.0000000000006595
0.3240000000000011 0.0000000000010347
0.3250000000000011 0.0000000000013993
0.3260000000000011 0.0000000000017506
0.3270000000000011 0.0000000000020854
0.3280000000000011 0.0000000000023976
0.3290000000000011 0.0000000000026832
0.3300000000000011 0.0000000000029403
0.3310000000000011 0.0000000000031659
0.3320000000000011 0.0000000000033569
0.3330000000000011 0.0000000000035101
0.3340000000000011 0.0000000000036229
0.3350000000000011 0.0000000000036966
0.3360000000000011 0.0000000000037268
0.3370000000000011 0.0000000000037153
0.3380000000000011 0.0000000000036611
0.3390000000000011 0.0000000000035643
0.3400000000000011 0.0000000000034248
0.3410000000000011 0.0000000000032454
0.3420000000000011 0.0000000000030278
0.3430000000000011 0.0000000000027724
0.3440000000000011 0.0000000000024851
0.3450000000000011 0.0000000000021649
0.3460000000000011 0.0000000000018190
0.3470000000000011 0.0000000000014486
0.3480000000000011 0.0000000000010583
0.3490000000000011 0.0000000000006528
0.3500000000000011 0.0000000000002371
0.3510000000000011 0.0000000000001861
0.3520000000000011 0.0000000000006084
0.3530000000000011 0.0000000000010312
0.3540000000000011 0.0000000000014424
0.3550000000000011 0.0000000000018434
0.3560000000000011 0.0000000000022258
0.3570000000000011 0.0000000000025873
0.3580000000000012 0.0000000000029221
0.3590000000000012 0.0000000000032276
0.3600000000000012 0.0000000000034999
0.3610000000000012 0.0000000000037348
0.3620000000000012 0.0000000000039302
0.3630000000000012 0.0000000000040847
0.3640000000000012 0.0000000000041935
0.3650000000000012 0.0000000000042579
0.3660000000000012 0.0000000000042757
0.3670000000000012 0.0000000000042437
0.3680000000000012 0.0000000000041687
0.3690000000000012 0.0000000000040448
0.3700000000000012 0.0000000000038778
0.3710000000000012 0.0000000000036655
0.3720000000000012 0.0000000000034115
0.3730000000000012 0.0000000000031197
0.3740000000000012 0.0000000000027924
0.3750000000000012 0.0000000000024318
0.3760000000000012 0.0000000000020433
0.3770000000000012 0.0000000000016294
0.3780000000000012 0.0000000000011968
0.3790000000000012 0.0000000000007487
0.3800000000000012 0.0000000000002909
0.3810000000000012 0.0000000000001714
0.3820000000000012 0.0000000000006350
0.3830000000000012 0.0000000000010920
0.3840000000000012 0.0000000000015401
0.3850000000000012 0.0000000000019709
0.3860000000000012 0.0000000000023812
0.3870000000000012 0.0000000000027676
0.3880000000000012 0.0000000000031242
0.3890000000000012 0.0000000000034470
0.3900000000000012 0.0000000000037326
0.3910000000000012 0.0000000000039764
0.3920000000000012 0.0000000000041784
0.3930000000000012 0.0000000000043343
0.3940000000000012 0.0000000000044427
0.3950000000000012 0.0000000000045004
0.3960000000000012 0.0000000000045093
0.3970000000000012 0.0000000000044689
0.3980000000000012 0.0000000000043769
0.3990000000000012 0.0000000000042375
0.4000000000000012 0.0000000000040505
0.4010000000000012 0.0000000000038187
0.4020000000000012 0.0000000000035438
0.4030000000000012 0.0000000000032294
0.4040000000000012 0.0000000000028786
0.4050000000000012 0.0000000000024967
0.4060000000000012 0.0000000000020859
0.4070000000000012 0.0000000000016529
0.4080000000000012 0.0000000000012008
0.4090000000000012 0.0000000000007372
0.4100000000000012 0.0000000000002629
0.4110000000000012 0.0000000000002105
0.4120000000000012 0.0000000000006826
0.4130000000000012 0.0000000000011449
0.4140000000000012 0.0000000000015943
0.4150000000000012 0.0000000000020242
0.4160000000000012 0.0000000000024305
0.4170000000000012 0.0000000000028071
0.4180000000000012 0.0000000000031508
0.4190000000000012 0.0000000000034577
0.4200000000000012 0.0000000000037241
0.4210000000000012 0.0000000000039475
0.4220000000000012 0.0000000000041238
0.4230000000000012 0.0000000000042513
0.4240000000000012 0.0000000000043299
0.4250000000000012 0.0000000000043574
0.4260000000000012 0.0000000000043352
0.4270000000000012 0.0000000000042619
0.4280000000000012 0.0000000000041380
0.4290000000000012 0.0000000000039684
0.4300000000000012 0.0000000000037517
0.4310000000000012 0.0000000000034919
0.4320000000000012 0.0000000000031934
0.4330000000000012 0.0000000000028582
0.4340000000000012 0.0000000000024891
0.4350000000000012 0.0000000000020934
0.4360000000000012 0.0000000000016764
0.4370000000000012 0.0000000000012408
0.4380000000000012 0.0000000000007923
0.4390000000000012 0.0000000000003384
0.4400000000000012 0.0000000000001186
0.4410000000000012 0.0000000000005702
0.4420000000000012 0.0000000000010116
0.4430000000000012 0.0000000000014380
0.4440000000000012 0.0000000000018434
0.4450000000000012 0.0000000000022249
0.4460000000000012 0.0000000000025748
0.4470000000000012 0.0000000000028892
0.4480000000000012 0.0000000000031681
0.4490000000000012 0.0000000000034026
0.4500000000000012 0.0000000000035936
0.4510000000000012 0.0000000000037392
0.4520000000000012 0.0000000000038334
0.4530000000000012 0.0000000000038787
0.4540000000000012 0.0000000000038751
0.4550000000000012 0.0000000000038209
0.4560000000000012 0.0000000000037179
0.4570000000000012 0.0000000000035660
0.4580000000000012 0.0000000000033689
0.4590000000000012 0.0000000000031282
0.4600000000000012 0.0000000000028475
0.4610000000000012 0.0000000000025304
0.4620000000000012 0.0000000000021814
0.4630000000000012 0.0000000000018039
0.4640000000000012 0.0000000000014069
0.4650000000000012 0.0000000000009894
0.4660000000000012 0.0000000000005604
0.4670000000000012 0.0000000000001252
0.4680000000000012 0.0000000000003109
0.4690000000000012 0.0000000000007416
0.4700000000000013 0.0000000000011617
0.4710000000000013 0.0000000000015650
0.4720000000000013 0.0000000000019451
0.4730000000000013 0.0000000000022995
0.4740000000000013 0.0000000000026228
0.4750000000000013 0.0000000000029079
0.4760000000000013 0.0000000000031566
0.4770000000000013 0.0000000000033591
0.4780000000000013 0.0000000000035172
0.4790000000000013 0.0000000000036247
0.4800000000000013 0.0000000000036833
0.4810000000000013 0.0000000000036930
0.4820000000000013 0.0000000000036504
0.4830000000000013 0.0000000000035554
0.4840000000000013 0.0000000000034124
0.4850000000000013 0.0000000000032205
0.4860000000000013 0.0000000000029834
0.4870000000000013 0.0000000000027045
0.4880000000000013 0.0000000000023848
0.4890000000000013 0.0000000000020322
0.4900000000000013 0.0000000000016485
0.4910000000000013 0.0000000000012408
0.4920000000000013 0.0000000000008109
0.4930000000000013 0.0000000000003677
0.4940000000000013 0.0000000000000844
0.4950000000000013 0.0000000000005373
0.4960000000000013 0.0000000000009868
0.4970000000000013 0.0000000000014273
0.4980000000000013 0.0000000000018519
0.4990000000000013 0.0000000000022533
0.5000000000000012 0.0000000000026308
0.5010000000000012 0.0000000000029727
0.5020000000000012 0.0000000000032792
0.5030000000000012 0.0000000000035429
0.5040000000000012 0.0000000000037623
0.5050000000000012 0.0000000000039337
0.5060000000000012 0.0000000000040563
0.5070000000000012 0.0000000000041229
0.5080000000000012 0.0000000000041371
0.5090000000000012 0.0000000000040954
0.5100000000000012 0.0000000000040012
0.5110000000000012 0.0000000000038556
0.5120000000000012 0.0000000000036566
0.5130000000000012 0.0000000000034106
0.5140000000000012 0.0000000000031175
0.5150000000000012 0.0000000000027853
0.5160000000000012 0.0000000000024114
0.5170000000000012 0.0000000000020082
0.5180000000000012 0.0000000000015774
0.5190000000000012 0.0000000000011244
0.5200000000000012 0.0000000000006573
0.5210000000000012 0.0000000000001812
0.5220000000000012 0.0000000000002975
0.5230000000000012 0.0000000000007736
0.5240000000000012 0.0000000000012363
0.5250000000000012 0.0000000000016840
0.5260000000000012 0.0000000000021085
0.5270000000000012 0.0000000000025020
0.5280000000000012 0.0000000000028608
0.5290000000000012 0.0000000000031823
0.5300000000000012 0.0000000000034568
0.5310000000000012 0.0000000000036842
0.5320000000000012 0.0000000000038591
0.5330000000000013 0.0000000000039826
0.5340000000000013 0.0000000000040483
0.5350000000000013 0.0000000000040563
0.5360000000000013 0.0000000000040083
0.5370000000000013 0.0000000000039027
0.5380000000000013 0.0000000000037437
0.5390000000000013 0.0000000000035296
0.5400000000000013 0.0000000000032667
0.5410000000000013 0.0000000000029576
0.5420000000000013 0.0000000000026050
0.5430000000000013 0.0000000000022169
0.5440000000000013 0.0000000000017977
0.5450000000000013 0.0000000000013527
0.5460000000000013 0.0000000000008882
0.5470000000000013 0.0000000000004121
0.5480000000000013 0.0000000000000711
0.5490000000000013 0.0000000000005489
0.5500000000000013 0.0000000000010187
0.5510000000000013 0.0000000000014744
0.5520000000000013 0.0000000000019051
0.5530000000000013 0.0000000000023075
0.5540000000000013 0.0000000000026725
0.5550000000000013 0.0000000000029985
0.5560000000000013 0.0000000000032738
0.5570000000000013 0.0000000000035012
0.5580000000000013 0.0000000000036744
0.5590000000000013 0.0000000000037899
0.5600000000000013 0.0000000000038449
0.5610000000000013 0.0000000000038360
0.5620000000000013 0.0000000000037694
0.5630000000000013 0.0000000000036415
0.5640000000000013 0.0000000000034523
0.5650000000000013 0.0000000000032081
0.5660000000000013 0.0000000000029079
0.5670000000000013 0.0000000000025597
0.5680000000000013 0.0000000000021645
0.5690000000000013 0.0000000000017319
0.5700000000000013 0.0000000000012657
0.5710000000000013 0.0000000000007718
0.5720000000000013 0.0000000000002602
0.5730000000000013 0.0000000000002638
0.5740000000000013 0.0000000000007914
0.5750000000000013 0.0000000000013136
0.5760000000000013 0.0000000000018243
0.5770000000000013 0.0000000000023155
0.5780000000000013 0.0000000000027791
0.5790000000000013 0.0000000000032063
0.5800000000000013 0.0000000000035900
0.5810000000000013 0.0000000000039275
0.5820000000000013 0.0000000000042100
0.5830000000000013 0.0000000000044347
0.5840000000000013 0.0000000000045963
0.5850000000000013 0.0000000000046896
0.5860000000000013 0.0000000000047162
0.5870000000000013 0.0000000000046745
0.5880000000000013 0.0000000000045608
0.5890000000000013 0.0000000000043796
0.5900000000000013 0.0000000000041318
0.5910000000000013 0.0000000000038192
0.5920000000000013 0.0000000000034461
0.5930000000000013 0.0000000000030189
0.5940000000000013 0.0000000000025437
0.5950000000000013 0.0000000000020242
0.5960000000000013 0.0000000000014699
0.5970000000000013 0.0000000000008891
0.5980000000000013 0.0000000000002887
0.5990000000000013 0.0000000000003215
0.6000000000000013 0.0000000000009335
0.6010000000000013 0.0000000000015383
0.6020000000000013 0.0000000000021245
0.6030000000000013 0.0000000000026859
0.6040000000000013 0.0000000000032125
0.6050000000000013 0.0000000000036957
0.6060000000000013 0.0000000000041291
0.6070000000000013 0.0000000000045048
0.6080000000000013 0.0000000000048193
0.6090000000000013 0.0000000000050626
0.6100000000000013 0.0000000000052367
0.6110000000000013 0.0000000000053326
0.6120000000000013 0.0000000000053522
0.6130000000000013 0.0000000000052935
0.6140000000000013 0.0000000000051577
0.6150000000000013 0.0000000000049463
0.6160000000000013 0.0000000000046620
0.6170000000000013 0.0000000000043077
0.6180000000000013 0.0000000000038911
0.6190000000000013 0.0000000000034150
0.6200000000000013 0.0000000000028901
0.6210000000000013 0.0000000000023235
0.6220000000000013 0.0000000000017213
0.6230000000000013 0.0000000000010960
0.6240000000000013 0.0000000000004530
0.6250000000000013 0.0000000000001927
0.6260000000000013 0.0000000000008331
0.6270000000000013 0.0000000000014602
0.6280000000000013 0.0000000000020606
0.6290000000000013 0.0000000000026255
0.6300000000000013 0.0000000000031477
0.6310000000000013 0.0000000000036184
0.6320000000000013 0.0000000000040297
0.6330000000000013 0.0000000000043734
0.6340000000000013 0.0000000000046452
0.6350000000000013 0.0000000000048423
0.6360000000000013 0.0000000000049578
0.6370000000000013 0.0000000000049942
0.6380000000000013 0.0000000000049472
0.6390000000000013 0.0000000000048201
0.6400000000000013 0.0000000000046132
0.6410000000000013 0.0000000000043325
0.6420000000000013 0.0000000000039782
0.6430000000000013 0.0000000000035625
0.6440000000000013 0.0000000000030855
0.6450000000000014 0.0000000000025633
0.6460000000000014 0.0000000000019984
0.6470000000000014 0.0000000000014024
0.6480000000000014 0.0000000000007878
0.6490000000000014 0.0000000000001616
0.6500000000000014 0.0000000000004627
0.6510000000000014 0.0000000000010747
0.6520000000000014 0.0000000000016627
0.6530000000000014 0.0000000000022187
0.6540000000000014 0.0000000000027320
0.6550000000000014 0.0000000000031921
0.6560000000000014 0.0000000000035909
0.6570000000000014 0.0000000000039240
0.6580000000000014 0.0000000000041807
0.6590000000000014 0.0000000000043574
0.6600000000000014 0.0000000000044542
0.6610000000000014 0.0000000000044649
0.6620000000000014 0.0000000000043912
0.6630000000000014 0.0000000000042348
0.6640000000000014 0.0000000000039977
0.6650000000000014 0.0000000000036824
0.6660000000000014 0.0000000000032969
0.6670000000000014 0.0000000000028475
0.6680000000000014 0.0000000000023412
0.6690000000000014 0.0000000000017879
0.6700000000000014 0.0000000000011973
0.6710000000000014 0.0000000000005826
0.6720000000000014 0.0000000000000462
0.6730000000000014 0.0000000000006786
0.6740000000000014 0.0000000000012985
0.6750000000000014 0.0000000000018989
0.6760000000000014 0.0000000000024647
0.6770000000000014 0.0000000000029825
0.6780000000000014 0.0000000000034470
0.6790000000000014 0.0000000000038458
0.6800000000000014 0.0000000000041718
0.6810000000000014 0.0000000000044160
0.6820000000000014 0.0000000000045741
0.6830000000000014 0.0000000000046425
0.6840000000000014 0.0000000000046168
0.6850000000000014 0.0000000000044968
0.6860000000000014 0.0000000000042863
0.6870000000000014 0.0000000000039861
0.6880000000000014 0.0000000000036016
0.6890000000000014 0.0000000000031362
0.6900000000000014 0.0000000000026006
0.6910000000000014 0.0000000000020055
0.6920000000000014 0.0000000000013598
0.6930000000000014 0.0000000000006768
0.6940000000000014 0.0000000000000338
0.6950000000000014 0.0000000000007541
0.6960000000000014 0.0000000000014744
0.6970000000000014 0.0000000000021778
0.6980000000000014 0.0000000000028519
0.6990000000000014 0.0000000000034843
0.7000000000000014 0.0000000000040581
0.7010000000000014 0.0000000000045670
0.7020000000000014 0.0000000000049925
0.7030000000000014 0.0000000000053335
0.7040000000000014 0.0000000000055769
0.7050000000000014 0.0000000000057172
0.7060000000000014 0.0000000000057518
0.7070000000000014 0.0000000000056781
0.7080000000000014 0.0000000000054978
0.7090000000000014 0.0000000000052083
0.7100000000000014 0.0000000000048193
0.7110000000000014 0.0000000000043334
0.7120000000000014 0.0000000000037605
0.7130000000000014 0.0000000000031113
0.7140000000000014 0.0000000000023972
0.7150000000000014 0.0000000000016280
0.7160000000000014 0.0000000000008260
0.7170000000000014 0.0000000000000018
0.7180000000000014 0.0000000000008349
0.7190000000000014 0.0000000000016565
0.7200000000000014 0.0000000000024514
0.7210000000000014 0.0000000000032045
0.7220000000000014 0.0000000000039009
0.7230000000000014 0.0000000000045244
0.7240000000000014 0.0000000000050600
0.7250000000000014 0.0000000000055023
0.7260000000000014 0.0000000000058407
0.7270000000000014 0.0000000000060636
0.7280000000000014 0.0000000000061693
0.7290000000000014 0.0000000000061533
0.7300000000000014 0.0000000000060192
0.7310000000000014 0.0000000000057661
0.7320000000000014 0.0000000000053957
0.7330000000000014 0.0000000000049241
0.7340000000000014 0.0000000000043530
0.7350000000000014 0.0000000000036957
0.7360000000000014 0.0000000000029701
0.7370000000000014 0.0000000000021894
0.7380000000000014 0.0000000000013696
0.7390000000000014 0.0000000000005267
0.7400000000000014 0.0000000000003171
0.7410000000000014 0.0000000000011466
0.7420000000000014 0.0000000000019380
0.7430000000000014 0.0000000000026823
0.7440000000000014 0.0000000000033546
0.7450000000000014 0.0000000000039444
0.7460000000000014 0.0000000000044373
0.7470000000000014 0.0000000000048184
0.7480000000000014 0.0000000000050822
0.7490000000000014 0.0000000000052216
0.7500000000000014 0.0000000000052314
0.7510000000000014 0.0000000000051132
0.7520000000000014 0.0000000000048681
0.7530000000000014 0.0000000000045013
0.7540000000000014 0.0000000000040217
0.7550000000000014 0.0000000000034381
0.7560000000000014 0.0000000000027658
0.7570000000000014 0.0000000000020215
0.7580000000000015 0.0000000000012221
0.7590000000000015 0.0000000000003855
0.7600000000000015 0.0000000000004672
0.7610000000000015 0.0000000000013118
0.7620000000000015 0.0000000000021299
0.7630000000000015 0.0000000000029017
0.7640000000000015 0.0000000000036069
0.7650000000000015 0.0000000000042224
0.7660000000000015 0.0000000000047375
0.7670000000000015 0.0000000000051337
0.7680000000000015 0.0000000000054019
0.7690000000000015 0.0000000000055334
0.7700000000000015 0.0000000000055200
0.7710000000000015 0.0000000000053610
0.7720000000000015 0.0000000000050591
0.7730000000000015 0.0000000000046185
0.7740000000000015 0.0000000000040536
0.7750000000000015 0.0000000000033671
0.7760000000000015 0.0000000000025837
0.7770000000000015 0.0000000000017151
0.7780000000000015 0.0000000000007851
0.7790000000000015 0.0000000000001812
0.7800000000000015 0.0000000000011644
0.7810000000000015 0.0000000000021361
0.7820000000000015 0.0000000000030731
0.7830000000000015 0.0000000000039515
0.7840000000000015 0.0000000000047429
0.7850000000000015 0.0000000000054303
0.7860000000000015 0.0000000000059952
0.7870000000000015 0.0000000000064171
0.7880000000000015 0.0000000000066871
0.7890000000000015 0.0000000000067901
0.7900000000000015 0.0000000000067262
0.7910000000000015 0.0000000000064970
0.7920000000000015 0.0000000000060991
0.7930000000000015 0.0000000000055493
0.7940000000000015 0.0000000000048566
0.7950000000000015 0.0000000000040359
0.7960000000000015 0.0000000000031104
0.7970000000000015 0.0000000000021059
0.7980000000000015 0.0000000000010445
0.7990000000000015 0.0000000000000435
0.8000000000000015 0.0000000000011253
0.8010000000000015 0.0000000000021769
0.8020000000000015 0.0000000000031628
0.8030000000000015 0.0000000000040581
0.8040000000000015 0.0000000000048388
0.8050000000000015 0.0000000000054738
0.8060000000000015 0.0000000000059499
0.8070000000000015 0.0000000000062519
0.8080000000000015 0.0000000000063682
0.8090000000000015 0.0000000000062936
0.8100000000000015 0.0000000000060272
0.8110000000000015 0.0000000000055786
0.8120000000000015 0.0000000000049578
0.8130000000000015 0.0000000000041815
0.8140000000000015 0.0000000000032729
0.8150000000000015 0.0000000000022586
0.8160000000000015 0.0000000000011671
0.8170000000000015 0.0000000000000329
0.8180000000000015 0.0000000000011084
0.8190000000000015 0.0000000000022222
0.8200000000000015 0.0000000000032712
0.8210000000000015 0.0000000000042233
0.8220000000000015 0.0000000000050449
0.8230000000000015 0.0000000000057074
0.8240000000000015 0.0000000000061862
0.8250000000000015 0.0000000000064668
0.8260000000000015 0.0000000000065334
0.8270000000000015 0.0000000000063825
0.8280000000000015 0.0000000000060147
0.8290000000000015 0.0000000000054401
0.8300000000000015 0.0000000000046763
0.8310000000000015 0.0000000000037410
0.8320000000000015 0.0000000000026681
0.8330000000000015 0.0000000000014904
0.8340000000000015 0.0000000000002487
0.8350000000000015 0.0000000000010161
0.8360000000000015 0.0000000000022604
0.8370000000000015 0.0000000000034417
0.8380000000000015 0.0000000000045137
0.8390000000000015 0.0000000000054383
0.8400000000000015 0.0000000000061791
0.8410000000000015 0.0000000000067049
0.8420000000000015 0.0000000000069953
0.8430000000000015 0.0000000000070308
0.8440000000000015 0.0000000000068061
0.8450000000000015 0.0000000000063309
0.8460000000000015 0.0000000000056106
0.8470000000000015 0.0000000000046683
0.8480000000000015 0.0000000000035421
0.8490000000000015 0.0000000000022640
0.8500000000000015 0.0000000000008846
0.8510000000000015 0.0000000000005400
0.8520000000000015 0.0000000000019611
0.8530000000000015 0.0000000000033156
0.8540000000000015 0.0000000000045492
0.8550000000000015 0.0000000000056035
0.8560000000000015 0.0000000000064304
0.8570000000000015 0.0000000000069935
0.8580000000000015 0.0000000000072511
0.8590000000000015 0.0000000000071871
0.8600000000000015 0.0000000000067875
0.8610000000000015 0.0000000000060609
0.8620000000000015 0.0000000000050173
0.8630000000000015 0.0000000000036984
0.8640000000000015 0.0000000000021432
0.8650000000000015 0.0000000000004095
0.8660000000000015 0.0000000000014344
0.8670000000000015 0.0000000000033138
0.8680000000000015 0.0000000000051488
0.8690000000000015 0.0000000000068541
0.8700000000000015 0.0000000000083498
0.8710000000000016 0.0000000000095559
0.8720000000000016 0.0000000000104077
0.8730000000000016 0.0000000000108438
0.8740000000000016 0.0000000000108269
0.8750000000000016 0.0000000000103260
0.8760000000000016 0.0000000000093410
0.8770000000000016 0.0000000000078870
0.8780000000000016 0.0000000000059988
0.8790000000000016 0.0000000000037366
0.8800000000000016 0.0000000000011822
0.8810000000000016 0.0000000000015721
0.8820000000000016 0.0000000000044151
0.8830000000000016 0.0000000000072236
0.8840000000000016 0.0000000000098712
0.8850000000000016 0.0000000000122338
0.8860000000000016 0.0000000000141887
0.8870000000000016 0.0000000000156266
0.8880000000000016 0.0000000000164571
0.8890000000000016 0.0000000000166107
0.8900000000000016 0.0000000000160441
0.8910000000000016 0.0000000000147464
0.8920000000000016 0.0000000000127400
0.8930000000000016 0.0000000000100835
0.8940000000000016 0.0000000000068674
0.8950000000000016 0.0000000000032099
0.8960000000000016 0.0000000000007372
0.8970000000000016 0.0000000000047971
0.8980000000000016 0.0000000000087867
0.8990000000000016 0.0000000000125064
0.9000000000000016 0.0000000000157723
0.9010000000000016 0.0000000000184004
0.9020000000000016 0.0000000000202309
0.9030000000000016 0.0000000000211360
0.9040000000000016 0.0000000000210338
0.9050000000000016 0.0000000000198845
0.9060000000000016 0.0000000000176952
0.9070000000000016 0.0000000000145324
0.9080000000000016 0.0000000000105214
0.9090000000000016 0.0000000000058371
0.9100000000000016 0.0000000000006875
0.9110000000000016 0.0000000000046683
0.9120000000000016 0.0000000000099440
0.9130000000000016 0.0000000000148610
0.9140000000000016 0.0000000000191260
0.9150000000000016 0.0000000000224825
0.9160000000000016 0.0000000000246967
0.9170000000000016 0.0000000000255973
0.9180000000000016 0.0000000000250777
0.9190000000000016 0.0000000000231113
0.9200000000000016 0.0000000000197513
0.9210000000000016 0.0000000000151372
0.9220000000000016 0.0000000000094937
0.9230000000000016 0.0000000000031193
0.9240000000000016 0.0000000000036273
0.9250000000000016 0.0000000000103419
0.9260000000000016 0.0000000000166125
0.9270000000000016 0.0000000000220215
0.9280000000000016 0.0000000000261995
0.9290000000000016 0.0000000000288214
0.9300000000000016 0.0000000000296723
0.9310000000000016 0.0000000000286313
0.9320000000000016 0.0000000000257092
0.9330000000000016 0.0000000000210481
0.9340000000000016 0.0000000000149196
0.9350000000000016 0.0000000000077147
0.9360000000000016 0.0000000000000799
0.9370000000000016 0.0000000000078977
0.9380000000000016 0.0000000000151577
0.9390000000000016 0.0000000000212914
0.9400000000000016 0.0000000000257891
0.9410000000000016 0.0000000000282530
0.9420000000000016 0.0000000000284359
0.9430000000000016 0.0000000000262652
0.9440000000000016 0.0000000000218865
0.9450000000000016 0.0000000000156284
0.9460000000000016 0.0000000000080220
0.9470000000000016 0.0000000000002451
0.9480000000000016 0.0000000000084022
0.9490000000000016 0.0000000000156302
0.9500000000000016 0.0000000000211635
0.9510000000000016 0.0000000000243610
0.9520000000000016 0.0000000000247926
0.9530000000000016 0.0000000000223235
0.9540000000000016 0.0000000000171081
0.9550000000000016 0.0000000000096527
0.9560000000000016 0.0000000000007550
0.9570000000000016 0.0000000000085283
0.9580000000000016 0.0000000000170015
0.9590000000000016 0.0000000000234710
0.9600000000000016 0.0000000000268869
0.9610000000000016 0.0000000000265157
0.9620000000000016 0.0000000000220730
0.9630000000000016 0.0000000000138449
0.9640000000000016 0.0000000000027178
0.9650000000000016 0.0000000000098606
0.9660000000000016 0.0000000000220108
0.9670000000000016 0.0000000000316227
0.9680000000000016 0.0000000000367137
0.9690000000000016 0.0000000000357385
0.9700000000000016 0.0000000000279616
0.9710000000000016 0.0000000000137490
0.9720000000000016 0.0000000000052598
0.9730000000000016 0.0000000000261942
0.9740000000000016 0.0000000000452332
0.9750000000000016 0.0000000000581366
0.9760000000000016 0.0000000000610552
0.9770000000000016 0.0000000000514522
0.9780000000000016 0.0000000000290150
0.9790000000000016 0.0000000000036380
0.9800000000000016 0.0000000000407745
0.9810000000000016 0.0000000000740776
0.9820000000000016 0.0000000000940705
0.9830000000000017 0.0000000000924167
0.9840000000000017 0.0000000000647979
0.9850000000000017 0.0000000000137561
0.9860000000000017 0.0000000000495408
0.9870000000000017 0.0000000001058034
0.9880000000000017 0.0000000001316156
0.9890000000000017 0.0000000001074518
0.9900000000000017 0.0000000000288765
0.9910000000000017 0.0000000000823999
0.9920000000000017 0.0000000001741682
0.9930000000000017 0.0000000001757119
0.9940000000000017 0.0000000000359854
0.9950000000000017 0.0000000002102603
0.9960000000000017 0.0000000003739178
0.9970000000000017 0.0000000001321823
0.9980000000000017 0.0000000006321272
0.9990000000000017 0.0000000006771756
