-1.0000000000000000 0.0000000000000265
-0.9990000000000000 0.0000000000384947
-0.9980000000000000 0.0000000000024065
-0.9970000000000000 0.0000000000684196
-0.9960000000000000 0.0000000000365509
-0.9950000000000000 0.0000000000486561
-0.9940000000000000 0.0000000000973791
-0.9930000000000000 0.0000000000700148
-0.9920000000000000 0.0000000000102885
-0.9910000000000000 0.0000000000906849
-0.9900000000000000 0.0000000001261795
-0.9890000000000000 0.0000000001005462
-0.9880000000000000 0.0000000000275893
-0.9870000000000000 0.0000000000605998
-0.9860000000000000 0.0000000001294359
-0.9850000000000000 0.0000000001547171
-0.9840000000000000 0.0000000001291083
-0.9830000000000000 0.0000000000619368
-0.9820000000000000 0.0000000000259121
-0.9810000000000000 0.0000000001093781
-0.9800000000000000 0.0000000001664036
-0.9790000000000000 0.0000000001831389
-0.9780000000000000 0.0000000001563389
-0.9770000000000000 0.0000000000929566
-0.9760000000000000 0.0000000000075596
-0.9750000000000000 0.0000000000814941
-0.9740000000000000 0.0000000001561296
-0.9730000000000000 0.0000000002020456
-0.9720000000000000 0.0000000002110617
-0.9710000000000000 0.0000000001820778
-0.9700000000000000 0.0000000001206863
-0.9690000000000000 0.0000000000376974
-0.9680000000000000 0.0000000000530281
-0.9670000000000000 0.0000000001370018
-0.9660000000000000 0.0000000002013813
-0.9650000000000000 0.0000000002367730
-0.9640000000000000 0.0000000002383634
-0.9630000000000000 0.0000000002062976
-0.9620000000000000 0.0000000001453436
-0.9610000000000000 0.0000000000639672
-0.9600000000000000 0.0000000000269965
-0.9590000000000000 0.0000000001158616
-0.9580000000000000 0.0000000001915932
-0.9570000000000000 0.0000000002451100
-0.9560000000000000 0.0000000002702553
-0.9550000000000000 0.0000000002643558
-0.9540000000000000 0.0000000002283436
-0.9530000000000000 0.0000000001664698
-0.9520000000000000 0.0000000000856775
-0.9510000000000000 0.0000000000052690
-0.9500000000000000 0.0000000000967854
-0.9490000000000000 0.0000000001794877
-0.9480000000000000 0.0000000002451248
-0.9470000000000000 0.0000000002873415
-0.9460000000000000 0.0000000003022107
-0.9450000000000000 0.0000000002885024
-0.9440000000000000 0.0000000002476849
-0.9429999999999999 0.0000000001836795
-0.9419999999999999 0.0000000001024078
-0.9409999999999999 0.0000000000111868
-0.9399999999999999 0.0000000000819624
-0.9389999999999999 0.0000000001690304
-0.9379999999999999 0.0000000002426945
-0.9369999999999999 0.0000000002969023
-0.9359999999999999 0.0000000003273205
-0.9349999999999999 0.0000000003316230
-0.9339999999999999 0.0000000003096049
-0.9329999999999999 0.0000000002631258
-0.9319999999999999 0.0000000001958959
-0.9309999999999999 0.0000000001131326
-0.9299999999999999 0.0000000000211198
-0.9289999999999999 0.0000000000732908
-0.9279999999999999 0.0000000001631977
-0.9269999999999999 0.0000000002421471
-0.9259999999999999 0.0000000003045776
-0.9249999999999999 0.0000000003461823
-0.9239999999999999 0.0000000003641696
-0.9229999999999999 0.0000000003574084
-0.9219999999999999 0.0000000003264567
-0.9209999999999999 0.0000000002734755
-0.9199999999999999 0.0000000002020417
-0.9189999999999999 0.0000000001168754
-0.9179999999999999 0.0000000000235062
-0.9169999999999999 0.0000000000721007
-0.9159999999999999 0.0000000001639303
-0.9149999999999999 0.0000000002462920
-0.9139999999999999 0.0000000003141607
-0.9129999999999999 0.0000000003634640
-0.9119999999999999 0.0000000003913030
-0.9109999999999999 0.0000000003960946
-0.9099999999999999 0.0000000003776318
-0.9089999999999999 0.0000000003370625
-0.9079999999999999 0.0000000002767903
-0.9069999999999999 0.0000000002003085
-0.9059999999999999 0.0000000001119771
-0.9049999999999999 0.0000000000167601
-0.9039999999999999 0.0000000000800624
-0.9029999999999999 0.0000000001731897
-0.9019999999999999 0.0000000002575882
-0.9009999999999999 0.0000000003287549
-0.8999999999999999 0.0000000003829444
-0.8989999999999999 0.0000000004173498
-0.8979999999999999 0.0000000004302287
-0.8969999999999999 0.0000000004209705
-0.8959999999999999 0.0000000003901039
-0.8949999999999999 0.0000000003392467
-0.8939999999999999 0.0000000002710022
-0.8929999999999999 0.0000000001888100
-0.8919999999999999 0.0000000000967593
-0.8909999999999999 0.0000000000006234
-0.8899999999999999 0.0000000000986024
-0.8889999999999999 0.0000000001924641
-0.8879999999999999 0.0000000002777417
-0.8869999999999999 0.0000000003504206
-0.8859999999999999 0.0000000004071186
-0.8849999999999999 0.0000000004452313
-0.8839999999999999 0.0000000004630372
-0.8829999999999999 0.0000000004597609
-0.8819999999999999 0.0000000004355913
-0.8809999999999999 0.0000000003916553
-0.8799999999999999 0.0000000003299516
-0.8789999999999999 0.0000000002532470
-0.8779999999999999 0.0000000001649410
-0.8769999999999999 0.0000000000689075
-0.8759999999999999 0.0000000000306812
-0.8749999999999999 0.0000000001295385
-0.8739999999999999 0.0000000002234479
-0.8729999999999999 0.0000000003084405
-0.8719999999999999 0.0000000003809572
-0.8709999999999999 0.0000000004379908
-0.8699999999999999 0.0000000004772015
-0.8689999999999999 0.0000000004970023
-0.8679999999999999 0.0000000004966122
-0.8669999999999999 0.0000000004760753
-0.8659999999999999 0.0000000004362462
-0.8649999999999999 0.0000000003787434
-0.8639999999999999 0.0000000003058739
-0.8629999999999999 0.0000000002205317
-0.8619999999999999 0.0000000001260762
-0.8609999999999999 0.0000000000261943
-0.8599999999999999 0.0000000000752463
-0.8589999999999999 0.0000000001743483
-0.8579999999999999 0.0000000002673336
-0.8569999999999999 0.0000000003506848
-0.8559999999999999 0.0000000004212735
-0.8549999999999999 0.0000000004764722
-0.8539999999999999 0.0000000005142448
-0.8529999999999999 0.0000000005332133
-0.8519999999999999 0.0000000005327002
-0.8509999999999999 0.0000000005127429
-0.8499999999999999 0.0000000004740834
-0.8489999999999999 0.0000000004181320
-0.8479999999999999 0.0000000003469081
-0.8469999999999999 0.0000000002629607
-0.8459999999999999 0.0000000001692713
-0.8449999999999999 0.0000000000691437
-0.8439999999999999 0.0000000000339156
-0.8429999999999999 0.0000000001363215
-0.8419999999999999 0.0000000002345354
-0.8409999999999999 0.0000000003251854
-0.8399999999999999 0.0000000004051800
-0.8389999999999999 0.0000000004718093
-0.8379999999999999 0.0000000005228318
-0.8369999999999999 0.0000000005565440
-0.8359999999999999 0.0000000005718309
-0.8349999999999999 0.0000000005681960
-0.8339999999999999 0.0000000005457704
-0.8329999999999999 0.0000000005053017
-0.8319999999999999 0.0000000004481219
-0.8309999999999998 0.0000000003760977
-0.8299999999999998 0.0000000002915645
-0.8289999999999998 0.0000000001972459
-0.8279999999999998 0.0000000000961625
-0.8269999999999998 0.0000000000084675
-0.8259999999999998 0.0000000001133319
-0.8249999999999998 0.0000000002151299
-0.8239999999999998 0.0000000003106750
-0.8229999999999998 0.0000000003969931
-0.8219999999999998 0.0000000004714122
-0.8209999999999998 0.0000000005316416
-0.8199999999999998 0.0000000005758379
-0.8189999999999998 0.0000000006026570
-0.8179999999999998 0.0000000006112894
-0.8169999999999998 0.0000000006014790
-0.8159999999999998 0.0000000005735258
-0.8149999999999998 0.0000000005282709
-0.8139999999999998 0.0000000004670661
-0.8129999999999998 0.0000000003917290
-0.8119999999999998 0.0000000003044847
-0.8109999999999998 0.0000000002078966
-0.8099999999999998 0.0000000001047885
-0.8089999999999998 0.0000000000018400
-0.8079999999999998 0.0000000001089021
-0.8069999999999998 0.0000000002133133
-0.8059999999999998 0.0000000003120795
-0.8049999999999998 0.0000000004023818
-0.8039999999999998 0.0000000004816551
-0.8029999999999998 0.0000000005476574
-0.8019999999999998 0.0000000005985310
-0.8009999999999998 0.0000000006328501
-0.7999999999999998 0.0000000006496573
-0.7989999999999998 0.0000000006484854
-0.7979999999999998 0.0000000006293665
-0.7969999999999998 0.0000000005928266
-0.7959999999999998 0.0000000005398665
-0.7949999999999998 0.0000000004719311
-0.7939999999999998 0.0000000003908656
-0.7929999999999998 0.0000000002988626
-0.7919999999999998 0.0000000001984004
-0.7909999999999998 0.0000000000921736
-0.7899999999999998 0.0000000000169803
-0.7889999999999998 0.0000000001261573
-0.7879999999999998 0.0000000002324647
-0.7869999999999998 0.0000000003330972
-0.7859999999999998 0.0000000004254092
-0.7849999999999998 0.0000000005069837
-0.7839999999999998 0.0000000005756923
-0.7829999999999998 0.0000000006297489
-0.7819999999999998 0.0000000006677526
-0.7809999999999998 0.0000000006887209
-0.7799999999999998 0.0000000006921118
-0.7789999999999998 0.0000000006778339
-0.7779999999999998 0.0000000006462453
-0.7769999999999998 0.0000000005981413
-0.7759999999999998 0.0000000005347309
-0.7749999999999998 0.0000000004576034
-0.7739999999999998 0.0000000003686858
-0.7729999999999998 0.0000000002701923
-0.7719999999999998 0.0000000001645672
-0.7709999999999998 0.0000000000544225
-0.7699999999999998 0.0000000000575269
-0.7689999999999998 0.0000000001685313
-0.7679999999999998 0.0000000002758733
-0.7669999999999998 0.0000000003769339
-0.7659999999999998 0.0000000004692553
-0.7649999999999998 0.0000000005505991
-0.7639999999999998 0.0000000006189988
-0.7629999999999998 0.0000000006728050
-0.7619999999999998 0.0000000007107230
-0.7609999999999998 0.0000000007318405
-0.7599999999999998 0.0000000007356473
-0.7589999999999998 0.0000000007220447
-0.7579999999999998 0.0000000006913445
-0.7569999999999998 0.0000000006442595
-0.7559999999999998 0.0000000005818840
-0.7549999999999998 0.0000000005056657
-0.7539999999999998 0.0000000004173697
-0.7529999999999998 0.0000000003190361
-0.7519999999999998 0.0000000002129306
-0.7509999999999998 0.0000000001014912
-0.7499999999999998 0.0000000000127288
-0.7489999999999998 0.0000000001271198
-0.7479999999999998 0.0000000002390755
-0.7469999999999998 0.0000000003460523
-0.7459999999999998 0.0000000004456259
-0.7449999999999998 0.0000000005355458
-0.7439999999999998 0.0000000006137843
-0.7429999999999998 0.0000000006785808
-0.7419999999999998 0.0000000007284792
-0.7409999999999998 0.0000000007623588
-0.7399999999999998 0.0000000007794566
-0.7389999999999998 0.0000000007793829
-0.7379999999999998 0.0000000007621268
-0.7369999999999998 0.0000000007280547
-0.7359999999999998 0.0000000006779004
-0.7349999999999998 0.0000000006127464
-0.7339999999999998 0.0000000005339987
-0.7329999999999998 0.0000000004433547
-0.7319999999999998 0.0000000003427645
-0.7309999999999998 0.0000000002343880
-0.7299999999999998 0.0000000001205470
-0.7289999999999998 0.0000000000036750
-0.7279999999999998 0.0000000001137355
-0.7269999999999998 0.0000000002291864
-0.7259999999999998 0.0000000003402265
-0.7249999999999998 0.0000000004445037
-0.7239999999999998 0.0000000005398133
-0.7229999999999998 0.0000000006241440
-0.7219999999999998 0.0000000006957189
-0.7209999999999998 0.0000000007530313
-0.7199999999999998 0.0000000007948745
-0.7189999999999998 0.0000000008203656
-0.7179999999999997 0.0000000008289620
-0.7169999999999997 0.0000000008204707
-0.7159999999999997 0.0000000007950509
-0.7149999999999997 0.0000000007532085
-0.7139999999999997 0.0000000006957844
-0.7129999999999997 0.0000000006239357
-0.7119999999999997 0.0000000005391103
-0.7109999999999997 0.0000000004430168
-0.7099999999999997 0.0000000003375880
-0.7089999999999997 0.0000000002249414
-0.7079999999999997 0.0000000001073357
-0.7069999999999997 0.0000000000128754
-0.7059999999999997 0.0000000001332903
-0.7049999999999997 0.0000000002515076
-0.7039999999999997 0.0000000003651740
-0.7029999999999997 0.0000000004720306
-0.7019999999999997 0.0000000005699571
-0.7009999999999997 0.0000000006570127
-0.6999999999999997 0.0000000007314739
-0.6989999999999997 0.0000000007918666
-0.6979999999999997 0.0000000008369947
-0.6969999999999997 0.0000000008659612
-0.6959999999999997 0.0000000008781852
-0.6949999999999997 0.0000000008734111
-0.6939999999999997 0.0000000008517127
-0.6929999999999997 0.0000000008134898
-0.6919999999999997 0.0000000007594596
-0.6909999999999997 0.0000000006906415
-0.6899999999999997 0.0000000006083361
-0.6889999999999997 0.0000000005140997
-0.6879999999999997 0.0000000004097130
-0.6869999999999997 0.0000000002971471
-0.6859999999999997 0.0000000001785249
-0.6849999999999997 0.0000000000560809
-0.6839999999999997 0.0000000000678820
-0.6829999999999997 0.0000000001910351
-0.6819999999999997 0.0000000003110685
-0.6809999999999997 0.0000000004257335
-0.6799999999999997 0.0000000005328844
-0.6789999999999997 0.0000000006305186
-0.6779999999999997 0.0000000007168120
-0.6769999999999997 0.0000000007901532
-0.6759999999999997 0.0000000008491716
-0.6749999999999997 0.0000000008927623
-0.6739999999999997 0.0000000009201048
-0.6729999999999997 0.0000000009306774
-0.6719999999999997 0.0000000009242657
-0.6709999999999997 0.0000000009009650
-0.6699999999999997 0.0000000008611774
-0.6689999999999997 0.0000000008056041
-0.6679999999999997 0.0000000007352310
-0.6669999999999997 0.0000000006513098
-0.6659999999999997 0.0000000005553354
-0.6649999999999997 0.0000000004490171
-0.6639999999999997 0.0000000003342482
-0.6629999999999997 0.0000000002130707
-0.6619999999999997 0.0000000000876391
-0.6609999999999997 0.0000000000398185
-0.6599999999999997 0.0000000001670406
-0.6589999999999997 0.0000000002917719
-0.6579999999999997 0.0000000004118034
-0.6569999999999997 0.0000000005250110
-0.6559999999999997 0.0000000006293927
-0.6549999999999997 0.0000000007231032
-0.6539999999999997 0.0000000008044858
-0.6529999999999997 0.0000000008721008
-0.6519999999999997 0.0000000009247495
-0.6509999999999997 0.0000000009614945
-0.6499999999999997 0.0000000009816755
-0.6489999999999997 0.0000000009849191
-0.6479999999999997 0.0000000009711451
-0.6469999999999997 0.0000000009405664
-0.6459999999999997 0.0000000008936851
-0.6449999999999997 0.0000000008312821
-0.6439999999999997 0.0000000007544040
-0.6429999999999997 0.0000000006643437
-0.6419999999999997 0.0000000005626175
-0.6409999999999997 0.0000000004509397
-0.6399999999999997 0.0000000003311917
-0.6389999999999997 0.0000000002053906
-0.6379999999999997 0.0000000000756544
-0.6369999999999997 0.0000000000558339
-0.6359999999999997 0.0000000001868636
-0.6349999999999997 0.0000000003152327
-0.6339999999999997 0.0000000004387850
-0.6329999999999997 0.0000000005554467
-0.6319999999999997 0.0000000006632597
-0.6309999999999997 0.0000000007604143
-0.6299999999999997 0.0000000008452792
-0.6289999999999997 0.0000000009164275
-0.6279999999999997 0.0000000009726602
-0.6269999999999997 0.0000000010130249
-0.6259999999999997 0.0000000010368311
-0.6249999999999997 0.0000000010436613
-0.6239999999999997 0.0000000010333762
-0.6229999999999997 0.0000000010061171
-0.6219999999999997 0.0000000009623026
-0.6209999999999997 0.0000000009026211
-0.6199999999999997 0.0000000008280189
-0.6189999999999997 0.0000000007396841
-0.6179999999999997 0.0000000006390274
-0.6169999999999997 0.0000000005276576
-0.6159999999999997 0.0000000004073565
-0.6149999999999997 0.0000000002800488
-0.6139999999999997 0.0000000001477714
-0.6129999999999997 0.0000000000126402
-0.6119999999999997 0.0000000001231838
-0.6109999999999997 0.0000000002575293
-0.6099999999999997 0.0000000003882489
-0.6089999999999997 0.0000000005132540
-0.6079999999999997 0.0000000006305470
-0.6069999999999997 0.0000000007382532
-0.6059999999999997 0.0000000008346503
-0.6049999999999996 0.0000000009181949
-0.6039999999999996 0.0000000009875467
-0.6029999999999996 0.0000000010415891
-0.6019999999999996 0.0000000010794462
-0.6009999999999996 0.0000000011004960
-0.5999999999999996 0.0000000011043800
-0.5989999999999996 0.0000000010910075
-0.5979999999999996 0.0000000010605572
-0.5969999999999996 0.0000000010134735
-0.5959999999999996 0.0000000009504591
-0.5949999999999996 0.0000000008724639
-0.5939999999999996 0.0000000007806693
-0.5929999999999996 0.0000000006764700
-0.5919999999999996 0.0000000005614520
-0.5909999999999996 0.0000000004373675
-0.5899999999999996 0.0000000003061081
-0.5889999999999996 0.0000000001696755
-0.5879999999999996 0.0000000000301503
-0.5869999999999996 0.0000000001103393
-0.5859999999999996 0.0000000002496507
-0.5849999999999996 0.0000000003856590
-0.5839999999999996 0.0000000005162895
-0.5829999999999996 0.0000000006395489
-0.5819999999999996 0.0000000007535557
-0.5809999999999996 0.0000000008565680
-0.5799999999999996 0.0000000009470097
-0.5789999999999996 0.0000000010234941
-0.5779999999999996 0.0000000010848441
-0.5769999999999996 0.0000000011301100
-0.5759999999999996 0.0000000011585828
-0.5749999999999996 0.0000000011698049
-0.5739999999999996 0.0000000011635762
-0.5729999999999996 0.0000000011399568
-0.5719999999999996 0.0000000010992659
-0.5709999999999996 0.0000000010420762
-0.5699999999999996 0.0000000009692054
-0.5689999999999996 0.0000000008817038
-0.5679999999999996 0.0000000007808380
-0.5669999999999996 0.0000000006680724
-0.5659999999999996 0.0000000005450468
-0.5649999999999996 0.0000000004135528
-0.5639999999999996 0.0000000002755064
-0.5629999999999996 0.0000000001329206
-0.5619999999999996 0.0000000000121248
-0.5609999999999996 0.0000000001575135
-0.5599999999999996 0.0000000003011234
-0.5589999999999996 0.0000000004408577
-0.5579999999999996 0.0000000005746753
-0.5569999999999996 0.0000000007006204
-0.5559999999999996 0.0000000008168505
-0.5549999999999996 0.0000000009216631
-0.5539999999999996 0.0000000010135203
-0.5529999999999996 0.0000000010910702
-0.5519999999999996 0.0000000011531666
-0.5509999999999996 0.0000000011988853
-0.5499999999999996 0.0000000012275365
-0.5489999999999996 0.0000000012386752
-0.5479999999999996 0.0000000012321066
-0.5469999999999996 0.0000000012078890
-0.5459999999999996 0.0000000011663324
-0.5449999999999996 0.0000000011079943
-0.5439999999999996 0.0000000010336709
-0.5429999999999996 0.0000000009443859
-0.5419999999999996 0.0000000008413758
-0.5409999999999996 0.0000000007260719
-0.5399999999999996 0.0000000006000800
-0.5389999999999996 0.0000000004651579
-0.5379999999999996 0.0000000003231898
-0.5369999999999996 0.0000000001761605
-0.5359999999999996 0.0000000000261266
-0.5349999999999996 0.0000000001248116
-0.5339999999999996 0.0000000002745404
-0.5329999999999996 0.0000000004209612
-0.5319999999999996 0.0000000005620208
-0.5309999999999996 0.0000000006957394
-0.5299999999999996 0.0000000008202383
-0.5289999999999996 0.0000000009337658
-0.5279999999999996 0.0000000010347214
-0.5269999999999996 0.0000000011216779
-0.5259999999999996 0.0000000011934012
-0.5249999999999996 0.0000000012488668
-0.5239999999999996 0.0000000012872738
-0.5229999999999996 0.0000000013080564
-0.5219999999999996 0.0000000013108906
-0.5209999999999996 0.0000000012956992
-0.5199999999999996 0.0000000012626520
-0.5189999999999996 0.0000000012121640
-0.5179999999999996 0.0000000011448891
-0.5169999999999996 0.0000000010617111
-0.5159999999999996 0.0000000009637316
-0.5149999999999996 0.0000000008522547
-0.5139999999999996 0.0000000007287691
-0.5129999999999996 0.0000000005949281
-0.5119999999999996 0.0000000004525267
-0.5109999999999996 0.0000000003034773
-0.5099999999999996 0.0000000001497839
-0.5089999999999996 0.0000000000064852
-0.5079999999999996 0.0000000001632251
-0.5069999999999996 0.0000000003183230
-0.5059999999999996 0.0000000004696863
-0.5049999999999996 0.0000000006152709
-0.5039999999999996 0.0000000007531085
-0.5029999999999996 0.0000000008813332
-0.5019999999999996 0.0000000009982057
-0.5009999999999996 0.0000000011021374
-0.4999999999999996 0.0000000011917107
-0.4989999999999996 0.0000000012656987
-0.4979999999999996 0.0000000013230805
-0.4969999999999996 0.0000000013630554
-0.4959999999999996 0.0000000013850528
-0.4949999999999996 0.0000000013887405
-0.4939999999999996 0.0000000013740283
-0.4929999999999995 0.0000000013410693
-0.4919999999999995 0.0000000012902579
-0.4909999999999995 0.0000000012222244
-0.4899999999999995 0.0000000011378269
-0.4889999999999995 0.0000000010381394
-0.4879999999999995 0.0000000009244381
-0.4869999999999995 0.0000000007981846
-0.4859999999999995 0.0000000006610062
-0.4849999999999995 0.0000000005146752
-0.4839999999999995 0.0000000003610853
-0.4829999999999995 0.0000000002022269
-0.4819999999999995 0.0000000000401613
-0.4809999999999995 0.0000000001230063
-0.4799999999999995 0.0000000002851539
-0.4789999999999995 0.0000000004441711
-0.4779999999999995 0.0000000005979853
-0.4769999999999995 0.0000000007445894
-0.4759999999999995 0.0000000008820673
-0.4749999999999995 0.0000000010086190
-0.4739999999999995 0.0000000011225835
-0.4729999999999995 0.0000000012224604
-0.4719999999999995 0.0000000013069292
-0.4709999999999995 0.0000000013748662
-0.4699999999999995 0.0000000014253587
-0.4689999999999995 0.0000000014577172
-0.4679999999999995 0.0000000014714838
-0.4669999999999995 0.0000000014664382
-0.4659999999999995 0.0000000014426007
-0.4649999999999995 0.0000000014002313
-0.4639999999999995 0.0000000013398271
-0.4629999999999995 0.0000000012621158
-0.4619999999999995 0.0000000011680460
-0.4609999999999995 0.0000000010587758
-0.4599999999999995 0.0000000009356576
-0.4589999999999995 0.0000000008002211
-0.4579999999999995 0.0000000006541540
-0.4569999999999995 0.0000000004992809
-0.4559999999999995 0.0000000003375397
-0.4549999999999995 0.0000000001709574
-0.4539999999999995 0.0000000000016251
-0.4529999999999995 0.0000000001683296
-0.4519999999999995 0.0000000003367678
-0.4509999999999995 0.0000000005015672
-0.4499999999999995 0.0000000006606488
-0.4489999999999995 0.0000000008120023
-0.4479999999999995 0.0000000009537117
-0.4469999999999995 0.0000000010839792
-0.4459999999999995 0.0000000012011478
-0.4449999999999995 0.0000000013037217
-0.4439999999999995 0.0000000013903853
-0.4429999999999995 0.0000000014600194
-0.4419999999999995 0.0000000015117156
-0.4409999999999995 0.0000000015447868
-0.4399999999999995 0.0000000015587767
-0.4389999999999995 0.0000000015534648
-0.4379999999999995 0.0000000015288696
-0.4369999999999995 0.0000000014852486
-0.4359999999999995 0.0000000014230945
-0.4349999999999995 0.0000000013431299
-0.4339999999999995 0.0000000012462979
-0.4329999999999995 0.0000000011337512
-0.4319999999999995 0.0000000010068374
-0.4309999999999995 0.0000000008670827
-0.4299999999999995 0.0000000007161731
-0.4289999999999995 0.0000000005559344
-0.4279999999999995 0.0000000003883086
-0.4269999999999995 0.0000000002153319
-0.4259999999999995 0.0000000000391084
-0.4249999999999995 0.0000000001382155
-0.4239999999999995 0.0000000003144760
-0.4229999999999995 0.0000000004875197
-0.4219999999999995 0.0000000006552290
-0.4209999999999995 0.0000000008155483
-0.4199999999999995 0.0000000009665087
-0.4189999999999995 0.0000000011062522
-0.4179999999999995 0.0000000012330542
-0.4169999999999995 0.0000000013453441
-0.4159999999999995 0.0000000014417253
-0.4149999999999995 0.0000000015209912
-0.4139999999999995 0.0000000015821403
-0.4129999999999995 0.0000000016243884
-0.4119999999999995 0.0000000016471784
-0.4109999999999995 0.0000000016501864
-0.4099999999999995 0.0000000016333265
-0.4089999999999995 0.0000000015967516
-0.4079999999999995 0.0000000015408516
-0.4069999999999995 0.0000000014662493
-0.4059999999999995 0.0000000013737924
-0.4049999999999995 0.0000000012645442
-0.4039999999999995 0.0000000011397703
-0.4029999999999995 0.0000000010009243
-0.4019999999999995 0.0000000008496299
-0.4009999999999995 0.0000000006876623
-0.3999999999999995 0.0000000005169263
-0.3989999999999995 0.0000000003394346
-0.3979999999999995 0.0000000001572833
-0.3969999999999995 0.0000000000273728
-0.3959999999999995 0.0000000002123456
-0.3949999999999995 0.0000000003954398
-0.3939999999999995 0.0000000005744789
-0.3929999999999995 0.0000000007473307
-0.3919999999999995 0.0000000009119332
-0.3909999999999995 0.0000000010663184
-0.3899999999999995 0.0000000012086358
-0.3889999999999995 0.0000000013371744
-0.3879999999999995 0.0000000014503829
-0.3869999999999995 0.0000000015468880
-0.3859999999999995 0.0000000016255112
-0.3849999999999995 0.0000000016852817
-0.3839999999999995 0.0000000017254494
-0.3829999999999995 0.0000000017454926
-0.3819999999999995 0.0000000017451249
-0.3809999999999995 0.0000000017242988
-0.3799999999999994 0.0000000016832060
-0.3789999999999994 0.0000000016222761
-0.3779999999999994 0.0000000015421707
-0.3769999999999994 0.0000000014437768
-0.3759999999999994 0.0000000013281964
-0.3749999999999994 0.0000000011967334
-0.3739999999999994 0.0000000010508792
-0.3729999999999994 0.0000000008922949
-0.3719999999999994 0.0000000007227925
-0.3709999999999994 0.0000000005443142
-0.3699999999999994 0.0000000003589093
-0.3689999999999994 0.0000000001687111
-0.3679999999999994 0.0000000000240879
-0.3669999999999994 0.0000000002172616
-0.3659999999999994 0.0000000004085755
-0.3649999999999994 0.0000000005958130
-0.3639999999999994 0.0000000007768007
-0.3629999999999994 0.0000000009494338
-0.3619999999999994 0.0000000011116999
-0.3609999999999994 0.0000000012617031
-0.3599999999999994 0.0000000013976850
-0.3589999999999994 0.0000000015180460
-0.3579999999999994 0.0000000016213627
-0.3569999999999994 0.0000000017064055
-0.3559999999999994 0.0000000017721522
-0.3549999999999994 0.0000000018178001
-0.3539999999999994 0.0000000018427756
-0.3529999999999994 0.0000000018467405
-0.3519999999999994 0.0000000018295966
-0.3509999999999994 0.0000000017914866
-0.3499999999999994 0.0000000017327934
-0.3489999999999994 0.0000000016541347
-0.3479999999999994 0.0000000015563578
-0.3469999999999994 0.0000000014405287
-0.3459999999999994 0.0000000013079209
-0.3449999999999994 0.0000000011600014
-0.3439999999999994 0.0000000009984132
-0.3429999999999994 0.0000000008249580
-0.3419999999999994 0.0000000006415750
-0.3409999999999994 0.0000000004503193
-0.3399999999999994 0.0000000002533390
-0.3389999999999994 0.0000000000528507
-0.3379999999999994 0.0000000001488855
-0.3369999999999994 0.0000000003495915
-0.3359999999999994 0.0000000005469971
-0.3349999999999994 0.0000000007388650
-0.3339999999999994 0.0000000009230167
-0.3329999999999994 0.0000000010973574
-0.3319999999999994 0.0000000012598985
-0.3309999999999994 0.0000000014087815
-0.3299999999999994 0.0000000015422980
-0.3289999999999994 0.0000000016589093
-0.3279999999999994 0.0000000017572645
-0.3269999999999994 0.0000000018362151
-0.3259999999999994 0.0000000018948281
-0.3249999999999994 0.0000000019323974
-0.3239999999999994 0.0000000019484511
-0.3229999999999994 0.0000000019427575
-0.3219999999999994 0.0000000019153278
-0.3209999999999994 0.0000000018664165
-0.3199999999999994 0.0000000017965180
-0.3189999999999994 0.0000000017063626
-0.3179999999999994 0.0000000015969070
-0.3169999999999994 0.0000000014693255
-0.3159999999999994 0.0000000013249959
-0.3149999999999994 0.0000000011654852
-0.3139999999999994 0.0000000009925313
-0.3129999999999994 0.0000000008080253
-0.3119999999999994 0.0000000006139894
-0.3109999999999994 0.0000000004125550
-0.3099999999999994 0.0000000002059394
-0.3089999999999994 0.0000000000035790
-0.3079999999999994 0.0000000002136860
-0.3069999999999994 0.0000000004220570
-0.3059999999999994 0.0000000006263825
-0.3049999999999994 0.0000000008243943
-0.3039999999999994 0.0000000010138902
-0.3029999999999994 0.0000000011927583
-0.3019999999999994 0.0000000013590006
-0.3009999999999994 0.0000000015107555
-0.2999999999999994 0.0000000016463177
-0.2989999999999994 0.0000000017641578
-0.2979999999999994 0.0000000018629392
-0.2969999999999994 0.0000000019415330
-0.2959999999999994 0.0000000019990302
-0.2949999999999994 0.0000000020347525
-0.2939999999999994 0.0000000020482598
-0.2929999999999994 0.0000000020393552
-0.2919999999999994 0.0000000020080873
-0.2909999999999994 0.0000000019547503
-0.2899999999999994 0.0000000018798805
-0.2889999999999994 0.0000000017842510
-0.2879999999999994 0.0000000016688633
-0.2869999999999994 0.0000000015349367
-0.2859999999999994 0.0000000013838950
-0.2849999999999994 0.0000000012173512
-0.2839999999999994 0.0000000010370902
-0.2829999999999994 0.0000000008450491
-0.2819999999999994 0.0000000006432965
-0.2809999999999994 0.0000000004340098
-0.2799999999999994 0.0000000002194521
-0.2789999999999994 0.0000000000019470
-0.2779999999999994 0.0000000002161468
-0.2769999999999994 0.0000000004324602
-0.2759999999999994 0.0000000006446405
-0.2749999999999994 0.0000000008503764
-0.2739999999999994 0.0000000010474234
-0.2729999999999994 0.0000000012336280
-0.2719999999999994 0.0000000014069517
-0.2709999999999994 0.0000000015654926
-0.2699999999999994 0.0000000017075064
-0.2689999999999994 0.0000000018314257
-0.2679999999999993 0.0000000019358767
-0.2669999999999993 0.0000000020196949
-0.2659999999999993 0.0000000020819364
-0.2649999999999993 0.0000000021218904
-0.2639999999999993 0.0000000021390854
-0.2629999999999993 0.0000000021332955
-0.2619999999999993 0.0000000021045421
-0.2609999999999993 0.0000000020530946
-0.2599999999999993 0.0000000019794675
-0.2589999999999993 0.0000000018844148
-0.2579999999999993 0.0000000017689224
-0.2569999999999993 0.0000000016341972
-0.2559999999999993 0.0000000014816549
-0.2549999999999993 0.0000000013129036
-0.2539999999999993 0.0000000011297285
-0.2529999999999993 0.0000000009340713
-0.2519999999999993 0.0000000007280099
-0.2509999999999993 0.0000000005137361
-0.2499999999999993 0.0000000002935324
-0.2489999999999993 0.0000000000697472
-0.2479999999999993 0.0000000001552306
-0.2469999999999993 0.0000000003789963
-0.2459999999999993 0.0000000005991566
-0.2449999999999993 0.0000000008133539
-0.2439999999999993 0.0000000010192922
-0.2429999999999993 0.0000000012147619
-0.2419999999999993 0.0000000013976635
-0.2409999999999993 0.0000000015660297
-0.2399999999999993 0.0000000017180468
-0.2389999999999993 0.0000000018520743
-0.2379999999999993 0.0000000019666624
-0.2369999999999993 0.0000000020605675
-0.2359999999999993 0.0000000021327655
-0.2349999999999993 0.0000000021824630
-0.2339999999999993 0.0000000022091063
-0.2329999999999993 0.0000000022123863
-0.2319999999999993 0.0000000021922424
-0.2309999999999993 0.0000000021488641
-0.2299999999999993 0.0000000020826873
-0.2289999999999993 0.0000000019943913
-0.2279999999999993 0.0000000018848905
-0.2269999999999993 0.0000000017553255
-0.2259999999999993 0.0000000016070505
-0.2249999999999993 0.0000000014416192
-0.2239999999999993 0.0000000012607676
-0.2229999999999993 0.0000000010663970
-0.2219999999999993 0.0000000008605521
-0.2209999999999993 0.0000000006454005
-0.2199999999999993 0.0000000004232089
-0.2189999999999993 0.0000000001963193
-0.2179999999999993 0.0000000000328754
-0.2169999999999993 0.0000000002619579
-0.2159999999999993 0.0000000004885113
-0.2149999999999993 0.0000000007101451
-0.2139999999999993 0.0000000009245203
-0.2129999999999993 0.0000000011293746
-0.2119999999999993 0.0000000013225461
-0.2109999999999993 0.0000000015019965
-0.2099999999999993 0.0000000016658323
-0.2089999999999993 0.0000000018123248
-0.2079999999999993 0.0000000019399289
-0.2069999999999993 0.0000000020472988
-0.2059999999999993 0.0000000021333027
-0.2049999999999993 0.0000000021970340
-0.2039999999999993 0.0000000022378215
-0.2029999999999993 0.0000000022552361
-0.2019999999999993 0.0000000022490954
-0.2009999999999993 0.0000000022194648
-0.1999999999999993 0.0000000021666577
-0.1989999999999993 0.0000000020912310
-0.1979999999999993 0.0000000019939799
-0.1969999999999993 0.0000000018759284
-0.1959999999999993 0.0000000017383197
-0.1949999999999993 0.0000000015826014
-0.1939999999999993 0.0000000014104106
-0.1929999999999993 0.0000000012235571
-0.1919999999999993 0.0000000010240027
-0.1909999999999993 0.0000000008138418
-0.1899999999999993 0.0000000005952783
-0.1889999999999993 0.0000000003706020
-0.1879999999999993 0.0000000001421656
-0.1869999999999993 0.0000000000876420
-0.1859999999999993 0.0000000003164194
-0.1849999999999993 0.0000000005417792
-0.1839999999999993 0.0000000007613720
-0.1829999999999993 0.0000000009729122
-0.1819999999999993 0.0000000011742020
-0.1809999999999993 0.0000000013631535
-0.1799999999999993 0.0000000015378110
-0.1789999999999993 0.0000000016963724
-0.1779999999999993 0.0000000018372065
-0.1769999999999993 0.0000000019588706
-0.1759999999999993 0.0000000020601256
-0.1749999999999993 0.0000000021399482
-0.1739999999999993 0.0000000021975416
-0.1729999999999993 0.0000000022323436
-0.1719999999999993 0.0000000022440317
-0.1709999999999993 0.0000000022325264
-0.1699999999999993 0.0000000021979908
-0.1689999999999993 0.0000000021408297
-0.1679999999999993 0.0000000020616835
-0.1669999999999993 0.0000000019614217
-0.1659999999999993 0.0000000018411325
-0.1649999999999993 0.0000000017021119
-0.1639999999999993 0.0000000015458481
-0.1629999999999993 0.0000000013740068
-0.1619999999999993 0.0000000011884118
-0.1609999999999993 0.0000000009910265
-0.1599999999999993 0.0000000007839321
-0.1589999999999993 0.0000000005693053
-0.1579999999999993 0.0000000003493954
-0.1569999999999993 0.0000000001265006
-0.1559999999999993 0.0000000000970573
-0.1549999999999992 0.0000000003189565
-0.1539999999999992 0.0000000005369005
-0.1529999999999992 0.0000000007486420
-0.1519999999999992 0.0000000009520061
-0.1509999999999992 0.0000000011449135
-0.1499999999999992 0.0000000013254016
-0.1489999999999992 0.0000000014916456
-0.1479999999999992 0.0000000016419762
-0.1469999999999992 0.0000000017748982
-0.1459999999999992 0.0000000018891039
-0.1449999999999992 0.0000000019834870
-0.1439999999999992 0.0000000020571544
-0.1429999999999992 0.0000000021094327
-0.1419999999999992 0.0000000021398761
-0.1409999999999992 0.0000000021482697
-0.1399999999999992 0.0000000021346304
-0.1389999999999992 0.0000000020992058
-0.1379999999999992 0.0000000020424713
-0.1369999999999992 0.0000000019651225
-0.1359999999999992 0.0000000018680681
-0.1349999999999992 0.0000000017524187
-0.1339999999999992 0.0000000016194739
-0.1329999999999992 0.0000000014707074
-0.1319999999999992 0.0000000013077516
-0.1309999999999992 0.0000000011323775
-0.1299999999999992 0.0000000009464770
-0.1289999999999992 0.0000000007520405
-0.1279999999999992 0.0000000005511372
-0.1269999999999992 0.0000000003458900
-0.1259999999999992 0.0000000001384548
-0.1249999999999992 0.0000000000690036
-0.1239999999999992 0.0000000002743344
-0.1229999999999992 0.0000000004754238
-0.1219999999999992 0.0000000006702169
-0.1209999999999992 0.0000000008567400
-0.1199999999999992 0.0000000010331205
-0.1189999999999992 0.0000000011976060
-0.1179999999999992 0.0000000013485830
-0.1169999999999992 0.0000000014845931
-0.1159999999999992 0.0000000016043459
-0.1149999999999992 0.0000000017067340
-0.1139999999999992 0.0000000017908419
-0.1129999999999992 0.0000000018559547
-0.1119999999999992 0.0000000019015640
-0.1109999999999992 0.0000000019273728
-0.1099999999999992 0.0000000019332954
-0.1089999999999992 0.0000000019194579
-0.1079999999999992 0.0000000018861942
-0.1069999999999992 0.0000000018340413
-0.1059999999999992 0.0000000017637307
-0.1049999999999992 0.0000000016761806
-0.1039999999999992 0.0000000015724821
-0.1029999999999992 0.0000000014538882
-0.1019999999999992 0.0000000013217959
-0.1009999999999992 0.0000000011777322
-0.0999999999999992 0.0000000010233352
-0.0989999999999992 0.0000000008603352
-0.0979999999999992 0.0000000006905355
-0.0969999999999992 0.0000000005157909
-0.0959999999999992 0.0000000003379881
-0.0949999999999992 0.0000000001590251
-0.0939999999999992 0.0000000000192115
-0.0929999999999992 0.0000000001948652
-0.0919999999999992 0.0000000003661301
-0.0909999999999992 0.0000000005312706
-0.0899999999999992 0.0000000006886389
-0.0889999999999992 0.0000000008366926
-0.0879999999999992 0.0000000009740103
-0.0869999999999992 0.0000000010993053
-0.0859999999999992 0.0000000012114391
-0.0849999999999992 0.0000000013094313
-0.0839999999999992 0.0000000013924687
-0.0829999999999992 0.0000000014599121
-0.0819999999999992 0.0000000015113010
-0.0809999999999992 0.0000000015463568
-0.0799999999999992 0.0000000015649828
-0.0789999999999992 0.0000000015672630
-0.0779999999999992 0.0000000015534585
-0.0769999999999992 0.0000000015240028
-0.0759999999999992 0.0000000014794926
-0.0749999999999992 0.0000000014206807
-0.0739999999999992 0.0000000013484638
-0.0729999999999992 0.0000000012638712
-0.0719999999999992 0.0000000011680497
-0.0709999999999992 0.0000000010622502
-0.0699999999999992 0.0000000009478103
-0.0689999999999992 0.0000000008261387
-0.0679999999999992 0.0000000006986987
-0.0669999999999992 0.0000000005669876
-0.0659999999999992 0.0000000004325222
-0.0649999999999992 0.0000000002968183
-0.0639999999999992 0.0000000001613758
-0.0629999999999992 0.0000000000276587
-0.0619999999999992 0.0000000001029190
-0.0609999999999992 0.0000000002290095
-0.0599999999999992 0.0000000003493469
-0.0589999999999992 0.0000000004627578
-0.0579999999999992 0.0000000005681768
-0.0569999999999992 0.0000000006646547
-0.0559999999999992 0.0000000007513671
-0.0549999999999992 0.0000000008276236
-0.0539999999999992 0.0000000008928724
-0.0529999999999992 0.0000000009467034
-0.0519999999999992 0.0000000009888508
-0.0509999999999992 0.0000000010191938
-0.0499999999999992 0.0000000010377541
-0.0489999999999992 0.0000000010446923
-0.0479999999999992 0.0000000010403046
-0.0469999999999992 0.0000000010250132
-0.0459999999999992 0.0000000009993616
-0.0449999999999992 0.0000000009640024
-0.0439999999999992 0.0000000009196880
-0.0429999999999992 0.0000000008672586
-0.0419999999999991 0.0000000008076290
-0.0409999999999991 0.0000000007417758
-0.0399999999999991 0.0000000006707225
-0.0389999999999991 0.0000000005955271
-0.0379999999999991 0.0000000005172652
-0.0369999999999991 0.0000000004370175
-0.0359999999999991 0.0000000003558538
-0.0349999999999991 0.0000000002748205
-0.0339999999999991 0.0000000001949269
-0.0329999999999991 0.0000000001171321
-0.0319999999999991 0.0000000000423340
-0.0309999999999991 0.0000000000286421
-0.0299999999999991 0.0000000000950516
-0.0289999999999991 0.0000000001562409
-0.0279999999999991 0.0000000002116519
-0.0269999999999991 0.0000000002608292
-0.0259999999999991 0.0000000003034230
-0.0249999999999991 0.0000000003391918
-0.0239999999999991 0.0000000003680029
-0.0229999999999991 0.0000000003898319
-0.0219999999999991 0.0000000004047606
-0.0209999999999991 0.0000000004129719
-0.0199999999999991 0.0000000004147468
-0.0189999999999991 0.0000000004104566
-0.0179999999999991 0.0000000004005546
-0.0169999999999991 0.0000000003855688
-0.0159999999999991 0.0000000003660916
-0.0149999999999991 0.0000000003427687
-0.0139999999999991 0.0000000003162884
-0.0129999999999991 0.0000000002873695
-0.0119999999999991 0.0000000002567502
-0.0109999999999991 0.0000000002251757
-0.0099999999999991 0.0000000001933841
-0.0089999999999991 0.0000000001620976
-0.0079999999999991 0.0000000001320092
-0.0069999999999991 0.0000000001037710
-0.0059999999999991 0.0000000000779856
-0.0049999999999991 0.0000000000551957
-0.0039999999999991 0.0000000000358751
-0.0029999999999991 0.0000000000204227
-0.0019999999999991 0.0000000000091549
-0.0009999999999991 0.0000000000023010
0.0000000000000009 0.0000000000000009
0.0010000000000009 0.0000000000023010
0.0020000000000009 0.0000000000091549
0.0030000000000009 0.0000000000204228
0.0040000000000009 0.0000000000358754
0.0050000000000009 0.0000000000551960
0.0060000000000009 0.0000000000779863
0.0070000000000009 0.0000000001037715
0.0080000000000009 0.0000000001320098
0.0090000000000009 0.0000000001620983
0.0100000000000009 0.0000000001933848
0.0110000000000009 0.0000000002251762
0.0120000000000009 0.0000000002567510
0.0130000000000009 0.0000000002873701
0.0140000000000009 0.0000000003162890
0.0150000000000009 0.0000000003427695
0.0160000000000009 0.0000000003660926
0.0170000000000009 0.0000000003855699
0.0180000000000009 0.0000000004005558
0.0190000000000009 0.0000000004104578
0.0200000000000009 0.0000000004147482
0.0210000000000009 0.0000000004129731
0.0220000000000009 0.0000000004047616
0.0230000000000009 0.0000000003898333
0.0240000000000009 0.0000000003680042
0.0250000000000009 0.0000000003391930
0.0260000000000009 0.0000000003034244
0.0270000000000009 0.0000000002608307
0.0280000000000009 0.0000000002116533
0.0290000000000009 0.0000000001562426
0.0300000000000009 0.0000000000950533
0.0310000000000009 0.0000000000286436
0.0320000000000009 0.0000000000423324
0.0330000000000009 0.0000000001171305
0.0340000000000009 0.0000000001949254
0.0350000000000009 0.0000000002748188
0.0360000000000009 0.0000000003558521
0.0370000000000009 0.0000000004370156
0.0380000000000009 0.0000000005172635
0.0390000000000009 0.0000000005955254
0.0400000000000009 0.0000000006707207
0.0410000000000009 0.0000000007417735
0.0420000000000009 0.0000000008076272
0.0430000000000009 0.0000000008672567
0.0440000000000009 0.0000000009196860
0.0450000000000009 0.0000000009640002
0.0460000000000009 0.0000000009993595
0.0470000000000009 0.0000000010250112
0.0480000000000009 0.0000000010403023
0.0490000000000009 0.0000000010446903
0.0500000000000009 0.0000000010377518
0.0510000000000009 0.0000000010191916
0.0520000000000009 0.0000000009888484
0.0530000000000009 0.0000000009467007
0.0540000000000009 0.0000000008928699
0.0550000000000009 0.0000000008276211
0.0560000000000009 0.0000000007513645
0.0570000000000009 0.0000000006646518
0.0580000000000009 0.0000000005681740
0.0590000000000009 0.0000000004627549
0.0600000000000009 0.0000000003493438
0.0610000000000009 0.0000000002290066
0.0620000000000009 0.0000000001029158
0.0630000000000009 0.0000000000276619
0.0640000000000009 0.0000000001613791
0.0650000000000009 0.0000000002968218
0.0660000000000009 0.0000000004325256
0.0670000000000009 0.0000000005669913
0.0680000000000009 0.0000000006987024
0.0690000000000009 0.0000000008261427
0.0700000000000009 0.0000000009478138
0.0710000000000009 0.0000000010622540
0.0720000000000009 0.0000000011680539
0.0730000000000009 0.0000000012638753
0.0740000000000009 0.0000000013484679
0.0750000000000009 0.0000000014206850
0.0760000000000009 0.0000000014794970
0.0770000000000009 0.0000000015240071
0.0780000000000009 0.0000000015534632
0.0790000000000009 0.0000000015672675
0.0800000000000009 0.0000000015649875
0.0810000000000009 0.0000000015463618
0.0820000000000009 0.0000000015113060
0.0830000000000009 0.0000000014599171
0.0840000000000009 0.0000000013924738
0.0850000000000009 0.0000000013094366
0.0860000000000010 0.0000000012114444
0.0870000000000010 0.0000000010993106
0.0880000000000010 0.0000000009740156
0.0890000000000010 0.0000000008366982
0.0900000000000010 0.0000000006886444
0.0910000000000010 0.0000000005312760
0.0920000000000010 0.0000000003661356
0.0930000000000010 0.0000000001948709
0.0940000000000010 0.0000000000192173
0.0950000000000010 0.0000000001590194
0.0960000000000010 0.0000000003379825
0.0970000000000010 0.0000000005157851
0.0980000000000010 0.0000000006905296
0.0990000000000010 0.0000000008603295
0.1000000000000010 0.0000000010233292
0.1010000000000010 0.0000000011777264
0.1020000000000010 0.0000000013217899
0.1030000000000010 0.0000000014538822
0.1040000000000010 0.0000000015724765
0.1050000000000010 0.0000000016761746
0.1060000000000010 0.0000000017637247
0.1070000000000010 0.0000000018340353
0.1080000000000010 0.0000000018861883
0.1090000000000010 0.0000000019194519
0.1100000000000010 0.0000000019332895
0.1110000000000010 0.0000000019273668
0.1120000000000010 0.0000000019015581
0.1130000000000010 0.0000000018559485
0.1140000000000010 0.0000000017908359
0.1150000000000010 0.0000000017067281
0.1160000000000010 0.0000000016043400
0.1170000000000010 0.0000000014845870
0.1180000000000010 0.0000000013485772
0.1190000000000010 0.0000000011976000
0.1200000000000010 0.0000000010331144
0.1210000000000010 0.0000000008567340
0.1220000000000010 0.0000000006702108
0.1230000000000010 0.0000000004754177
0.1240000000000010 0.0000000002743283
0.1250000000000010 0.0000000000689975
0.1260000000000010 0.0000000001384609
0.1270000000000010 0.0000000003458961
0.1280000000000010 0.0000000005511434
0.1290000000000010 0.0000000007520469
0.1300000000000010 0.0000000009464831
0.1310000000000010 0.0000000011323839
0.1320000000000010 0.0000000013077579
0.1330000000000010 0.0000000014707138
0.1340000000000010 0.0000000016194802
0.1350000000000010 0.0000000017524251
0.1360000000000010 0.0000000018680746
0.1370000000000010 0.0000000019651291
0.1380000000000010 0.0000000020424780
0.1390000000000010 0.0000000020992124
0.1400000000000010 0.0000000021346370
0.1410000000000010 0.0000000021482766
0.1420000000000010 0.0000000021398829
0.1430000000000010 0.0000000021094396
0.1440000000000010 0.0000000020571614
0.1450000000000010 0.0000000019834945
0.1460000000000010 0.0000000018891112
0.1470000000000010 0.0000000017749056
0.1480000000000010 0.0000000016419837
0.1490000000000010 0.0000000014916530
0.1500000000000010 0.0000000013254093
0.1510000000000010 0.0000000011449212
0.1520000000000010 0.0000000009520139
0.1530000000000010 0.0000000007486501
0.1540000000000010 0.0000000005369086
0.1550000000000010 0.0000000003189645
0.1560000000000010 0.0000000000970652
0.1570000000000010 0.0000000001264924
0.1580000000000010 0.0000000003493871
0.1590000000000010 0.0000000005692966
0.1600000000000010 0.0000000007839234
0.1610000000000010 0.0000000009910178
0.1620000000000010 0.0000000011884030
0.1630000000000010 0.0000000013739979
0.1640000000000010 0.0000000015458391
0.1650000000000010 0.0000000017021029
0.1660000000000010 0.0000000018411234
0.1670000000000010 0.0000000019614125
0.1680000000000010 0.0000000020616743
0.1690000000000010 0.0000000021408204
0.1700000000000010 0.0000000021979814
0.1710000000000010 0.0000000022325168
0.1720000000000010 0.0000000022440222
0.1730000000000010 0.0000000022323343
0.1740000000000010 0.0000000021975320
0.1750000000000010 0.0000000021399386
0.1760000000000010 0.0000000020601160
0.1770000000000010 0.0000000019588610
0.1780000000000010 0.0000000018371968
0.1790000000000010 0.0000000016963627
0.1800000000000010 0.0000000015378012
0.1810000000000010 0.0000000013631436
0.1820000000000010 0.0000000011741922
0.1830000000000010 0.0000000009729025
0.1840000000000010 0.0000000007613622
0.1850000000000010 0.0000000005417693
0.1860000000000010 0.0000000003164097
0.1870000000000010 0.0000000000876321
0.1880000000000010 0.0000000001421755
0.1890000000000010 0.0000000003706119
0.1900000000000010 0.0000000005952880
0.1910000000000010 0.0000000008138518
0.1920000000000010 0.0000000010240127
0.1930000000000010 0.0000000012235669
0.1940000000000010 0.0000000014104204
0.1950000000000010 0.0000000015826112
0.1960000000000010 0.0000000017383296
0.1970000000000010 0.0000000018759382
0.1980000000000010 0.0000000019939896
0.1990000000000010 0.0000000020912408
0.2000000000000010 0.0000000021666677
0.2010000000000010 0.0000000022194748
0.2020000000000010 0.0000000022491053
0.2030000000000010 0.0000000022552461
0.2040000000000010 0.0000000022378315
0.2050000000000010 0.0000000021970439
0.2060000000000010 0.0000000021333126
0.2070000000000010 0.0000000020473089
0.2080000000000010 0.0000000019399390
0.2090000000000010 0.0000000018123351
0.2100000000000010 0.0000000016658425
0.2110000000000010 0.0000000015020069
0.2120000000000010 0.0000000013225565
0.2130000000000010 0.0000000011293850
0.2140000000000011 0.0000000009245307
0.2150000000000011 0.0000000007101555
0.2160000000000011 0.0000000004885219
0.2170000000000011 0.0000000002619686
0.2180000000000011 0.0000000000328861
0.2190000000000011 0.0000000001963086
0.2200000000000011 0.0000000004231980
0.2210000000000011 0.0000000006453896
0.2220000000000011 0.0000000008605411
0.2230000000000011 0.0000000010663859
0.2240000000000011 0.0000000012607564
0.2250000000000011 0.0000000014416078
0.2260000000000011 0.0000000016070391
0.2270000000000011 0.0000000017553141
0.2280000000000011 0.0000000018848789
0.2290000000000011 0.0000000019943796
0.2300000000000011 0.0000000020826756
0.2310000000000011 0.0000000021488523
0.2320000000000011 0.0000000021922305
0.2330000000000011 0.0000000022123742
0.2340000000000011 0.0000000022090942
0.2350000000000011 0.0000000021824509
0.2360000000000011 0.0000000021327532
0.2370000000000011 0.0000000020605551
0.2380000000000011 0.0000000019666500
0.2390000000000011 0.0000000018520617
0.2400000000000011 0.0000000017180342
0.2410000000000011 0.0000000015660169
0.2420000000000011 0.0000000013976508
0.2430000000000011 0.0000000012147491
0.2440000000000011 0.0000000010192792
0.2450000000000011 0.0000000008133407
0.2460000000000011 0.0000000005991435
0.2470000000000011 0.0000000003789832
0.2480000000000011 0.0000000001552173
0.2490000000000011 0.0000000000697605
0.2500000000000011 0.0000000002935459
0.2510000000000011 0.0000000005137495
0.2520000000000011 0.0000000007280233
0.2530000000000011 0.0000000009340846
0.2540000000000011 0.0000000011297419
0.2550000000000011 0.0000000013129171
0.2560000000000011 0.0000000014816682
0.2570000000000011 0.0000000016342108
0.2580000000000011 0.0000000017689359
0.2590000000000011 0.0000000018844284
0.2600000000000011 0.0000000019794810
0.2610000000000011 0.0000000020531082
0.2620000000000011 0.0000000021045557
0.2630000000000011 0.0000000021333091
0.2640000000000011 0.0000000021390991
0.2650000000000011 0.0000000021219040
0.2660000000000011 0.0000000020819500
0.2670000000000011 0.0000000020197083
0.2680000000000011 0.0000000019358904
0.2690000000000011 0.0000000018314394
0.2700000000000011 0.0000000017075200
0.2710000000000011 0.0000000015655062
0.2720000000000011 0.0000000014069654
0.2730000000000011 0.0000000012336416
0.2740000000000011 0.0000000010474370
0.2750000000000011 0.0000000008503901
0.2760000000000011 0.0000000006446542
0.2770000000000011 0.0000000004324739
0.2780000000000011 0.0000000002161605
0.2790000000000011 0.0000000000019333
0.2800000000000011 0.0000000002194385
0.2810000000000011 0.0000000004339961
0.2820000000000011 0.0000000006432827
0.2830000000000011 0.0000000008450353
0.2840000000000011 0.0000000010370764
0.2850000000000011 0.0000000012173374
0.2860000000000011 0.0000000013838810
0.2870000000000011 0.0000000015349228
0.2880000000000011 0.0000000016688493
0.2890000000000011 0.0000000017842371
0.2900000000000011 0.0000000018798665
0.2910000000000011 0.0000000019547363
0.2920000000000011 0.0000000020080733
0.2930000000000011 0.0000000020393410
0.2940000000000011 0.0000000020482456
0.2950000000000011 0.0000000020347383
0.2960000000000011 0.0000000019990160
0.2970000000000011 0.0000000019415187
0.2980000000000011 0.0000000018629249
0.2990000000000011 0.0000000017641435
0.3000000000000011 0.0000000016463032
0.3010000000000011 0.0000000015107409
0.3020000000000011 0.0000000013589860
0.3030000000000011 0.0000000011927436
0.3040000000000011 0.0000000010138755
0.3050000000000011 0.0000000008243796
0.3060000000000011 0.0000000006263677
0.3070000000000011 0.0000000004220421
0.3080000000000011 0.0000000002136711
0.3090000000000011 0.0000000000035640
0.3100000000000011 0.0000000002059545
0.3110000000000011 0.0000000004125701
0.3120000000000011 0.0000000006140046
0.3130000000000011 0.0000000008080406
0.3140000000000011 0.0000000009925467
0.3150000000000011 0.0000000011655005
0.3160000000000011 0.0000000013250114
0.3170000000000011 0.0000000014693410
0.3180000000000011 0.0000000015969225
0.3190000000000011 0.0000000017063781
0.3200000000000011 0.0000000017965337
0.3210000000000011 0.0000000018664321
0.3220000000000011 0.0000000019153436
0.3230000000000011 0.0000000019427732
0.3240000000000011 0.0000000019484668
0.3250000000000011 0.0000000019324132
0.3260000000000011 0.0000000018948440
0.3270000000000011 0.0000000018362309
0.3280000000000011 0.0000000017572805
0.3290000000000011 0.0000000016589253
0.3300000000000011 0.0000000015423139
0.3310000000000011 0.0000000014087976
0.3320000000000011 0.0000000012599146
0.3330000000000011 0.0000000010973735
0.3340000000000011 0.0000000009230329
0.3350000000000011 0.0000000007388811
0.3360000000000011 0.0000000005470133
0.3370000000000011 0.0000000003496078
0.3380000000000011 0.0000000001489018
0.3390000000000011 0.0000000000528345
0.3400000000000011 0.0000000002533227
0.3410000000000011 0.0000000004503030
0.3420000000000011 0.0000000006415586
0.3430000000000011 0.0000000008249417
0.3440000000000011 0.0000000009983970
0.3450000000000011 0.0000000011599850
0.3460000000000011 0.0000000013079046
0.3470000000000011 0.0000000014405122
0.3480000000000011 0.0000000015563414
0.3490000000000011 0.0000000016541183
0.3500000000000011 0.0000000017327769
0.3510000000000011 0.0000000017914701
0.3520000000000011 0.0000000018295800
0.3530000000000011 0.0000000018467239
0.3540000000000011 0.0000000018427590
0.3550000000000011 0.0000000018177835
0.3560000000000011 0.0000000017721356
0.3570000000000011 0.0000000017063888
0.3580000000000012 0.0000000016213460
0.3590000000000012 0.0000000015180294
0.3600000000000012 0.0000000013976684
0.3610000000000012 0.0000000012616863
0.3620000000000012 0.0000000011116831
0.3630000000000012 0.0000000009494169
0.3640000000000012 0.0000000007767839
0.3650000000000012 0.0000000005957962
0.3660000000000012 0.0000000004085586
0.3670000000000012 0.0000000002172447
0.3680000000000012 0.0000000000240710
0.3690000000000012 0.0000000001687281
0.3700000000000012 0.0000000003589263
0.3710000000000012 0.0000000005443312
0.3720000000000012 0.0000000007228096
0.3730000000000012 0.0000000008923119
0.3740000000000012 0.0000000010508964
0.3750000000000012 0.0000000011967506
0.3760000000000012 0.0000000013282137
0.3770000000000012 0.0000000014437941
0.3780000000000012 0.0000000015421880
0.3790000000000012 0.0000000016222934
0.3800000000000012 0.0000000016832234
0.3810000000000012 0.0000000017243162
0.3820000000000012 0.0000000017451423
0.3830000000000012 0.0000000017455101
0.3840000000000012 0.0000000017254670
0.3850000000000012 0.0000000016852993
0.3860000000000012 0.0000000016255288
0.3870000000000012 0.0000000015469057
0.3880000000000012 0.0000000014504006
0.3890000000000012 0.0000000013371921
0.3900000000000012 0.0000000012086536
0.3910000000000012 0.0000000010663363
0.3920000000000012 0.0000000009119511
0.3930000000000012 0.0000000007473487
0.3940000000000012 0.0000000005744968
0.3950000000000012 0.0000000003954578
0.3960000000000012 0.0000000002123636
0.3970000000000012 0.0000000000273909
0.3980000000000012 0.0000000001572652
0.3990000000000012 0.0000000003394165
0.4000000000000012 0.0000000005169082
0.4010000000000012 0.0000000006876441
0.4020000000000012 0.0000000008496117
0.4030000000000012 0.0000000010009060
0.4040000000000012 0.0000000011397520
0.4050000000000012 0.0000000012645259
0.4060000000000012 0.0000000013737741
0.4070000000000012 0.0000000014662309
0.4080000000000012 0.0000000015408333
0.4090000000000012 0.0000000015967332
0.4100000000000012 0.0000000016333081
0.4110000000000012 0.0000000016501680
0.4120000000000012 0.0000000016471599
0.4130000000000012 0.0000000016243700
0.4140000000000012 0.0000000015821218
0.4150000000000012 0.0000000015209727
0.4160000000000012 0.0000000014417067
0.4170000000000012 0.0000000013453256
0.4180000000000012 0.0000000012330356
0.4190000000000012 0.0000000011062337
0.4200000000000012 0.0000000009664902
0.4210000000000012 0.0000000008155297
0.4220000000000012 0.0000000006552104
0.4230000000000012 0.0000000004875011
0.4240000000000012 0.0000000003144574
0.4250000000000012 0.0000000001381968
0.4260000000000012 0.0000000000391270
0.4270000000000012 0.0000000002153507
0.4280000000000012 0.0000000003883274
0.4290000000000012 0.0000000005559530
0.4300000000000012 0.0000000007161919
0.4310000000000012 0.0000000008671014
0.4320000000000012 0.0000000010068562
0.4330000000000012 0.0000000011337700
0.4340000000000012 0.0000000012463167
0.4350000000000012 0.0000000013431486
0.4360000000000012 0.0000000014231133
0.4370000000000012 0.0000000014852674
0.4380000000000012 0.0000000015288885
0.4390000000000012 0.0000000015534836
0.4400000000000012 0.0000000015587955
0.4410000000000012 0.0000000015448057
0.4420000000000012 0.0000000015117345
0.4430000000000012 0.0000000014600383
0.4440000000000012 0.0000000013904042
0.4450000000000012 0.0000000013037406
0.4460000000000012 0.0000000012011668
0.4470000000000012 0.0000000010839983
0.4480000000000012 0.0000000009537308
0.4490000000000012 0.0000000008120214
0.4500000000000012 0.0000000006606679
0.4510000000000012 0.0000000005015863
0.4520000000000012 0.0000000003367868
0.4530000000000012 0.0000000001683487
0.4540000000000012 0.0000000000016059
0.4550000000000012 0.0000000001709383
0.4560000000000012 0.0000000003375205
0.4570000000000012 0.0000000004992617
0.4580000000000012 0.0000000006541348
0.4590000000000012 0.0000000008002018
0.4600000000000012 0.0000000009356383
0.4610000000000012 0.0000000010587565
0.4620000000000012 0.0000000011680267
0.4630000000000012 0.0000000012620963
0.4640000000000012 0.0000000013398077
0.4650000000000012 0.0000000014002118
0.4660000000000012 0.0000000014425812
0.4670000000000012 0.0000000014664187
0.4680000000000012 0.0000000014714643
0.4690000000000012 0.0000000014576976
0.4700000000000013 0.0000000014253391
0.4710000000000013 0.0000000013748465
0.4720000000000013 0.0000000013069096
0.4730000000000013 0.0000000012224408
0.4740000000000013 0.0000000011225638
0.4750000000000013 0.0000000010085993
0.4760000000000013 0.0000000008820476
0.4770000000000013 0.0000000007445696
0.4780000000000013 0.0000000005979655
0.4790000000000013 0.0000000004441513
0.4800000000000013 0.0000000002851341
0.4810000000000013 0.0000000001229864
0.4820000000000013 0.0000000000401812
0.4830000000000013 0.0000000002022467
0.4840000000000013 0.0000000003611052
0.4850000000000013 0.0000000005146951
0.4860000000000013 0.0000000006610262
0.4870000000000013 0.0000000007982045
0.4880000000000013 0.0000000009244581
0.4890000000000013 0.0000000010381594
0.4900000000000013 0.0000000011378469
0.4910000000000013 0.0000000012222444
0.4920000000000013 0.0000000012902779
0.4930000000000013 0.0000000013410893
0.4940000000000013 0.0000000013740483
0.4950000000000013 0.0000000013887606
0.4960000000000013 0.0000000013850729
0.4970000000000013 0.0000000013630754
0.4980000000000013 0.0000000013231006
0.4990000000000013 0.0000000012657188
0.5000000000000012 0.0000000011917308
0.5010000000000012 0.0000000011021574
0.5020000000000012 0.0000000009982258
0.5030000000000012 0.0000000008813533
0.5040000000000012 0.0000000007531287
0.5050000000000012 0.0000000006152910
0.5060000000000012 0.0000000004697064
0.5070000000000012 0.0000000003183431
0.5080000000000012 0.0000000001632453
0.5090000000000012 0.0000000000065054
0.5100000000000012 0.0000000001497637
0.5110000000000012 0.0000000003034571
0.5120000000000012 0.0000000004525065
0.5130000000000012 0.0000000005949079
0.5140000000000012 0.0000000007287489
0.5150000000000012 0.0000000008522344
0.5160000000000012 0.0000000009637113
0.5170000000000012 0.0000000010616908
0.5180000000000012 0.0000000011448688
0.5190000000000012 0.0000000012121436
0.5200000000000012 0.0000000012626316
0.5210000000000012 0.0000000012956788
0.5220000000000012 0.0000000013108703
0.5230000000000012 0.0000000013080360
0.5240000000000012 0.0000000012872534
0.5250000000000012 0.0000000012488463
0.5260000000000012 0.0000000011933808
0.5270000000000012 0.0000000011216575
0.5280000000000012 0.0000000010347009
0.5290000000000012 0.0000000009337453
0.5300000000000012 0.0000000008202178
0.5310000000000012 0.0000000006957189
0.5320000000000012 0.0000000005620003
0.5330000000000013 0.0000000004209406
0.5340000000000013 0.0000000002745198
0.5350000000000013 0.0000000001247911
0.5360000000000013 0.0000000000261472
0.5370000000000013 0.0000000001761811
0.5380000000000013 0.0000000003232105
0.5390000000000013 0.0000000004651785
0.5400000000000013 0.0000000006001007
0.5410000000000013 0.0000000007260925
0.5420000000000013 0.0000000008413965
0.5430000000000013 0.0000000009444066
0.5440000000000013 0.0000000010336915
0.5450000000000013 0.0000000011080150
0.5460000000000013 0.0000000011663531
0.5470000000000013 0.0000000012079096
0.5480000000000013 0.0000000012321273
0.5490000000000013 0.0000000012386959
0.5500000000000013 0.0000000012275573
0.5510000000000013 0.0000000011989060
0.5520000000000013 0.0000000011531874
0.5530000000000013 0.0000000010910909
0.5540000000000013 0.0000000010135410
0.5550000000000013 0.0000000009216839
0.5560000000000013 0.0000000008168712
0.5570000000000013 0.0000000007006411
0.5580000000000013 0.0000000005746960
0.5590000000000013 0.0000000004408784
0.5600000000000013 0.0000000003011441
0.5610000000000013 0.0000000001575342
0.5620000000000013 0.0000000000121455
0.5630000000000013 0.0000000001328999
0.5640000000000013 0.0000000002754857
0.5650000000000013 0.0000000004135321
0.5660000000000013 0.0000000005450261
0.5670000000000013 0.0000000006680516
0.5680000000000013 0.0000000007808173
0.5690000000000013 0.0000000008816831
0.5700000000000013 0.0000000009691847
0.5710000000000013 0.0000000010420554
0.5720000000000013 0.0000000010992451
0.5730000000000013 0.0000000011399361
0.5740000000000013 0.0000000011635554
0.5750000000000013 0.0000000011697841
0.5760000000000013 0.0000000011585620
0.5770000000000013 0.0000000011300892
0.5780000000000013 0.0000000010848233
0.5790000000000013 0.0000000010234733
0.5800000000000013 0.0000000009469889
0.5810000000000013 0.0000000008565472
0.5820000000000013 0.0000000007535349
0.5830000000000013 0.0000000006395280
0.5840000000000013 0.0000000005162685
0.5850000000000013 0.0000000003856381
0.5860000000000013 0.0000000002496298
0.5870000000000013 0.0000000001103184
0.5880000000000013 0.0000000000301713
0.5890000000000013 0.0000000001696965
0.5900000000000013 0.0000000003061291
0.5910000000000013 0.0000000004373885
0.5920000000000013 0.0000000005614730
0.5930000000000013 0.0000000006764910
0.5940000000000013 0.0000000007806903
0.5950000000000013 0.0000000008724849
0.5960000000000013 0.0000000009504802
0.5970000000000013 0.0000000010134946
0.5980000000000013 0.0000000010605783
0.5990000000000013 0.0000000010910287
0.6000000000000013 0.0000000011044011
0.6010000000000013 0.0000000011005172
0.6020000000000013 0.0000000010794673
0.6030000000000013 0.0000000010416103
0.6040000000000013 0.0000000009875680
0.6050000000000013 0.0000000009182162
0.6060000000000013 0.0000000008346716
0.6070000000000013 0.0000000007382745
0.6080000000000013 0.0000000006305684
0.6090000000000013 0.0000000005132754
0.6100000000000013 0.0000000003882703
0.6110000000000013 0.0000000002575507
0.6120000000000013 0.0000000001232052
0.6130000000000013 0.0000000000126187
0.6140000000000013 0.0000000001477499
0.6150000000000013 0.0000000002800273
0.6160000000000013 0.0000000004073350
0.6170000000000013 0.0000000005276361
0.6180000000000013 0.0000000006390058
0.6190000000000013 0.0000000007396626
0.6200000000000013 0.0000000008279973
0.6210000000000013 0.0000000009025995
0.6220000000000013 0.0000000009622810
0.6230000000000013 0.0000000010060954
0.6240000000000013 0.0000000010333545
0.6250000000000013 0.0000000010436395
0.6260000000000013 0.0000000010368095
0.6270000000000013 0.0000000010130031
0.6280000000000013 0.0000000009726385
0.6290000000000013 0.0000000009164058
0.6300000000000013 0.0000000008452574
0.6310000000000013 0.0000000007603925
0.6320000000000013 0.0000000006632378
0.6330000000000013 0.0000000005554249
0.6340000000000013 0.0000000004387632
0.6350000000000013 0.0000000003152108
0.6360000000000013 0.0000000001868417
0.6370000000000013 0.0000000000558121
0.6380000000000013 0.0000000000756764
0.6390000000000013 0.0000000002054126
0.6400000000000013 0.0000000003312137
0.6410000000000013 0.0000000004509617
0.6420000000000013 0.0000000005626395
0.6430000000000013 0.0000000006643657
0.6440000000000013 0.0000000007544261
0.6450000000000014 0.0000000008313042
0.6460000000000014 0.0000000008937072
0.6470000000000014 0.0000000009405886
0.6480000000000014 0.0000000009711673
0.6490000000000014 0.0000000009849413
0.6500000000000014 0.0000000009816977
0.6510000000000014 0.0000000009615168
0.6520000000000014 0.0000000009247717
0.6530000000000014 0.0000000008721231
0.6540000000000014 0.0000000008045081
0.6550000000000014 0.0000000007231255
0.6560000000000014 0.0000000006294150
0.6570000000000014 0.0000000005250333
0.6580000000000014 0.0000000004118259
0.6590000000000014 0.0000000002917944
0.6600000000000014 0.0000000001670631
0.6610000000000014 0.0000000000398410
0.6620000000000014 0.0000000000876166
0.6630000000000014 0.0000000002130481
0.6640000000000014 0.0000000003342255
0.6650000000000014 0.0000000004489945
0.6660000000000014 0.0000000005553128
0.6670000000000014 0.0000000006512872
0.6680000000000014 0.0000000007352082
0.6690000000000014 0.0000000008055814
0.6700000000000014 0.0000000008611546
0.6710000000000014 0.0000000009009421
0.6720000000000014 0.0000000009242428
0.6730000000000014 0.0000000009306545
0.6740000000000014 0.0000000009200818
0.6750000000000014 0.0000000008927393
0.6760000000000014 0.0000000008491486
0.6770000000000014 0.0000000007901301
0.6780000000000014 0.0000000007167889
0.6790000000000014 0.0000000006304954
0.6800000000000014 0.0000000005328612
0.6810000000000014 0.0000000004257102
0.6820000000000014 0.0000000003110451
0.6830000000000014 0.0000000001910118
0.6840000000000014 0.0000000000678586
0.6850000000000014 0.0000000000561043
0.6860000000000014 0.0000000001785484
0.6870000000000014 0.0000000002971706
0.6880000000000014 0.0000000004097365
0.6890000000000014 0.0000000005141233
0.6900000000000014 0.0000000006083598
0.6910000000000014 0.0000000006906652
0.6920000000000014 0.0000000007594834
0.6930000000000014 0.0000000008135136
0.6940000000000014 0.0000000008517366
0.6950000000000014 0.0000000008734350
0.6960000000000014 0.0000000008782092
0.6970000000000014 0.0000000008659852
0.6980000000000014 0.0000000008370186
0.6990000000000014 0.0000000007918907
0.7000000000000014 0.0000000007314980
0.7010000000000014 0.0000000006570369
0.7020000000000014 0.0000000005699813
0.7030000000000014 0.0000000004720549
0.7040000000000014 0.0000000003651983
0.7050000000000014 0.0000000002515319
0.7060000000000014 0.0000000001333147
0.7070000000000014 0.0000000000128999
0.7080000000000014 0.0000000001073112
0.7090000000000014 0.0000000002249169
0.7100000000000014 0.0000000003375634
0.7110000000000014 0.0000000004429921
0.7120000000000014 0.0000000005390856
0.7130000000000014 0.0000000006239109
0.7140000000000014 0.0000000006957596
0.7150000000000014 0.0000000007531837
0.7160000000000014 0.0000000007950260
0.7170000000000014 0.0000000008204458
0.7180000000000014 0.0000000008289370
0.7190000000000014 0.0000000008203405
0.7200000000000014 0.0000000007948494
0.7210000000000014 0.0000000007530061
0.7220000000000014 0.0000000006956937
0.7230000000000014 0.0000000006241188
0.7240000000000014 0.0000000005397880
0.7250000000000014 0.0000000004444784
0.7260000000000014 0.0000000003402011
0.7270000000000014 0.0000000002291610
0.7280000000000014 0.0000000001137100
0.7290000000000014 0.0000000000037006
0.7300000000000014 0.0000000001205726
0.7310000000000014 0.0000000002344136
0.7320000000000014 0.0000000003427902
0.7330000000000014 0.0000000004433805
0.7340000000000014 0.0000000005340246
0.7350000000000014 0.0000000006127723
0.7360000000000014 0.0000000006779263
0.7370000000000014 0.0000000007280807
0.7380000000000014 0.0000000007621527
0.7390000000000014 0.0000000007794090
0.7400000000000014 0.0000000007794827
0.7410000000000014 0.0000000007623849
0.7420000000000014 0.0000000007285055
0.7430000000000014 0.0000000006786071
0.7440000000000014 0.0000000006138107
0.7450000000000014 0.0000000005355722
0.7460000000000014 0.0000000004456523
0.7470000000000014 0.0000000003460787
0.7480000000000014 0.0000000002391021
0.7490000000000014 0.0000000001271464
0.7500000000000014 0.0000000000127555
0.7510000000000014 0.0000000001014645
0.7520000000000014 0.0000000002129038
0.7530000000000014 0.0000000003190093
0.7540000000000014 0.0000000004173428
0.7550000000000014 0.0000000005056387
0.7560000000000014 0.0000000005818569
0.7570000000000014 0.0000000006442324
0.7580000000000015 0.0000000006913174
0.7590000000000015 0.0000000007220175
0.7600000000000015 0.0000000007356200
0.7610000000000015 0.0000000007318131
0.7620000000000015 0.0000000007106955
0.7630000000000015 0.0000000006727776
0.7640000000000015 0.0000000006189712
0.7650000000000015 0.0000000005505715
0.7660000000000015 0.0000000004692276
0.7670000000000015 0.0000000003769062
0.7680000000000015 0.0000000002758455
0.7690000000000015 0.0000000001685034
0.7700000000000015 0.0000000000574989
0.7710000000000015 0.0000000000544505
0.7720000000000015 0.0000000001645952
0.7730000000000015 0.0000000002702205
0.7740000000000015 0.0000000003687141
0.7750000000000015 0.0000000004576317
0.7760000000000015 0.0000000005347593
0.7770000000000015 0.0000000005981697
0.7780000000000015 0.0000000006462738
0.7790000000000015 0.0000000006778624
0.7800000000000015 0.0000000006921404
0.7810000000000015 0.0000000006887496
0.7820000000000015 0.0000000006677813
0.7830000000000015 0.0000000006297777
0.7840000000000015 0.0000000005757213
0.7850000000000015 0.0000000005070127
0.7860000000000015 0.0000000004254383
0.7870000000000015 0.0000000003331263
0.7880000000000015 0.0000000002324939
0.7890000000000015 0.0000000001261865
0.7900000000000015 0.0000000000170095
0.7910000000000015 0.0000000000921442
0.7920000000000015 0.0000000001983710
0.7930000000000015 0.0000000002988331
0.7940000000000015 0.0000000003908360
0.7950000000000015 0.0000000004719015
0.7960000000000015 0.0000000005398368
0.7970000000000015 0.0000000005927968
0.7980000000000015 0.0000000006293367
0.7990000000000015 0.0000000006484555
0.8000000000000015 0.0000000006496273
0.8010000000000015 0.0000000006328201
0.8020000000000015 0.0000000005985009
0.8030000000000015 0.0000000005476272
0.8040000000000015 0.0000000004816248
0.8050000000000015 0.0000000004023515
0.8060000000000015 0.0000000003120491
0.8070000000000015 0.0000000002132828
0.8080000000000015 0.0000000001088716
0.8090000000000015 0.0000000000018094
0.8100000000000015 0.0000000001048192
0.8110000000000015 0.0000000002079273
0.8120000000000015 0.0000000003045155
0.8130000000000015 0.0000000003917599
0.8140000000000015 0.0000000004670971
0.8150000000000015 0.0000000005283020
0.8160000000000015 0.0000000005735570
0.8170000000000015 0.0000000006015102
0.8180000000000015 0.0000000006113206
0.8190000000000015 0.0000000006026884
0.8200000000000015 0.0000000005758694
0.8210000000000015 0.0000000005316731
0.8220000000000015 0.0000000004714438
0.8230000000000015 0.0000000003970248
0.8240000000000015 0.0000000003107068
0.8250000000000015 0.0000000002151617
0.8260000000000015 0.0000000001133638
0.8270000000000015 0.0000000000084995
0.8280000000000015 0.0000000000961304
0.8290000000000015 0.0000000001972138
0.8300000000000015 0.0000000002915322
0.8310000000000015 0.0000000003760653
0.8320000000000015 0.0000000004480894
0.8330000000000015 0.0000000005052693
0.8340000000000015 0.0000000005457379
0.8350000000000015 0.0000000005681633
0.8360000000000015 0.0000000005717982
0.8370000000000015 0.0000000005565112
0.8380000000000015 0.0000000005227989
0.8390000000000015 0.0000000004717763
0.8400000000000015 0.0000000004051469
0.8410000000000015 0.0000000003251522
0.8420000000000015 0.0000000002345021
0.8430000000000015 0.0000000001362882
0.8440000000000015 0.0000000000338822
0.8450000000000015 0.0000000000691772
0.8460000000000015 0.0000000001693049
0.8470000000000015 0.0000000002629944
0.8480000000000015 0.0000000003469419
0.8490000000000015 0.0000000004181658
0.8500000000000015 0.0000000004741174
0.8510000000000015 0.0000000005127770
0.8520000000000015 0.0000000005327344
0.8530000000000015 0.0000000005332477
0.8540000000000015 0.0000000005142791
0.8550000000000015 0.0000000004765067
0.8560000000000015 0.0000000004213080
0.8570000000000015 0.0000000003507194
0.8580000000000015 0.0000000002673684
0.8590000000000015 0.0000000001743831
0.8600000000000015 0.0000000000752813
0.8610000000000015 0.0000000000261593
0.8620000000000015 0.0000000001260411
0.8630000000000015 0.0000000002204965
0.8640000000000015 0.0000000003058385
0.8650000000000015 0.0000000003787079
0.8660000000000015 0.0000000004362106
0.8670000000000015 0.0000000004760396
0.8680000000000015 0.0000000004965764
0.8690000000000015 0.0000000004969664
0.8700000000000015 0.0000000004771655
0.8710000000000016 0.0000000004379548
0.8720000000000016 0.0000000003809210
0.8730000000000016 0.0000000003084042
0.8740000000000016 0.0000000002234115
0.8750000000000016 0.0000000001295020
0.8760000000000016 0.0000000000306446
0.8770000000000016 0.0000000000689442
0.8780000000000016 0.0000000001649778
0.8790000000000016 0.0000000002532839
0.8800000000000016 0.0000000003299887
0.8810000000000016 0.0000000003916924
0.8820000000000016 0.0000000004356285
0.8830000000000016 0.0000000004597983
0.8840000000000016 0.0000000004630747
0.8850000000000016 0.0000000004452689
0.8860000000000016 0.0000000004071564
0.8870000000000016 0.0000000003504584
0.8880000000000016 0.0000000002777796
0.8890000000000016 0.0000000001925022
0.8900000000000016 0.0000000000986405
0.8910000000000016 0.0000000000006617
0.8920000000000016 0.0000000000967209
0.8930000000000016 0.0000000001887715
0.8940000000000016 0.0000000002709636
0.8950000000000016 0.0000000003392079
0.8960000000000016 0.0000000003900650
0.8970000000000016 0.0000000004209315
0.8980000000000016 0.0000000004301896
0.8990000000000016 0.0000000004173106
0.9000000000000016 0.0000000003829050
0.9010000000000016 0.0000000003287155
0.9020000000000016 0.0000000002575487
0.9030000000000016 0.0000000001731500
0.9040000000000016 0.0000000000800225
0.9050000000000016 0.0000000000168001
0.9060000000000016 0.0000000001120171
0.9070000000000016 0.0000000002003486
0.9080000000000016 0.0000000002768306
0.9090000000000016 0.0000000003371029
0.9100000000000016 0.0000000003776724
0.9110000000000016 0.0000000003961352
0.9120000000000016 0.0000000003913438
0.9130000000000016 0.0000000003635048
0.9140000000000016 0.0000000003142016
0.9150000000000016 0.0000000002463332
0.9160000000000016 0.0000000001639716
0.9170000000000016 0.0000000000721421
0.9180000000000016 0.0000000000234648
0.9190000000000016 0.0000000001168339
0.9200000000000016 0.0000000002020000
0.9210000000000016 0.0000000002734338
0.9220000000000016 0.0000000003264148
0.9230000000000016 0.0000000003573665
0.9240000000000016 0.0000000003641275
0.9250000000000016 0.0000000003461401
0.9260000000000016 0.0000000003045353
0.9270000000000016 0.0000000002421047
0.9280000000000016 0.0000000001631551
0.9290000000000016 0.0000000000732482
0.9300000000000016 0.0000000000211626
0.9310000000000016 0.0000000001131755
0.9320000000000016 0.0000000001959390
0.9330000000000016 0.0000000002631689
0.9340000000000016 0.0000000003096482
0.9350000000000016 0.0000000003316664
0.9360000000000016 0.0000000003273641
0.9370000000000016 0.0000000002969461
0.9380000000000016 0.0000000002427384
0.9390000000000016 0.0000000001690745
0.9400000000000016 0.0000000000820066
0.9410000000000016 0.0000000000111425
0.9420000000000016 0.0000000001023633
0.9430000000000016 0.0000000001836350
0.9440000000000016 0.0000000002476402
0.9450000000000016 0.0000000002884574
0.9460000000000016 0.0000000003021656
0.9470000000000016 0.0000000002872963
0.9480000000000016 0.0000000002450794
0.9490000000000016 0.0000000001794422
0.9500000000000016 0.0000000000967398
0.9510000000000016 0.0000000000052232
0.9520000000000016 0.0000000000857235
0.9530000000000016 0.0000000001665159
0.9540000000000016 0.0000000002283898
0.9550000000000016 0.0000000002644022
0.9560000000000016 0.0000000002703019
0.9570000000000016 0.0000000002451567
0.9580000000000016 0.0000000001916401
0.9590000000000016 0.0000000001159086
0.9600000000000016 0.0000000000270436
0.9610000000000016 0.0000000000639198
0.9620000000000016 0.0000000001452961
0.9630000000000016 0.0000000002062500
0.9640000000000016 0.0000000002383157
0.9650000000000016 0.0000000002367251
0.9660000000000016 0.0000000002013332
0.9670000000000016 0.0000000001369536
0.9680000000000016 0.0000000000529797
0.9690000000000016 0.0000000000377460
0.9700000000000016 0.0000000001207350
0.9710000000000016 0.0000000001821268
0.9720000000000016 0.0000000002111107
0.9730000000000016 0.0000000002020948
0.9740000000000016 0.0000000001561791
0.9750000000000016 0.0000000000815437
0.9760000000000016 0.0000000000075098
0.9770000000000016 0.0000000000929066
0.9780000000000016 0.0000000001562887
0.9790000000000016 0.0000000001830886
0.9800000000000016 0.0000000001663530
0.9810000000000016 0.0000000001093274
0.9820000000000016 0.0000000000258613
0.9830000000000017 0.0000000000619877
0.9840000000000017 0.0000000001291595
0.9850000000000017 0.0000000001547685
0.9860000000000017 0.0000000001294874
0.9870000000000017 0.0000000000606516
0.9880000000000017 0.0000000000275374
0.9890000000000017 0.0000000001004941
0.9900000000000017 0.0000000001261272
0.9910000000000017 0.0000000000906325
0.9920000000000017 0.0000000000102359
0.9930000000000017 0.0000000000700675
0.9940000000000017 0.0000000000974318
0.9950000000000017 0.0000000000487090
0.9960000000000017 0.0000000000364978
0.9970000000000017 0.0000000000683665
0.9980000000000017 0.0000000000023531
0.9990000000000017 0.0000000000385482
