-1.0000000000000000 0.0000001772299757
-0.9990000000000000 0.0000000403597709
-0.9980000000000000 0.0000000892958059
-0.9970000000000000 0.0000000208534875
-0.9960000000000000 0.0000000744038047
-0.9950000000000000 0.0000000793976918
-0.9940000000000000 0.0000000113581012
-0.9930000000000000 0.0000000615731442
-0.9920000000000000 0.0000000895516328
-0.9910000000000000 0.0000000633900078
-0.9900000000000000 0.0000000048925766
-0.9890000000000000 0.0000000536397848
-0.9880000000000000 0.0000000866450726
-0.9870000000000000 0.0000000837461918
-0.9860000000000000 0.0000000497840155
-0.9850000000000000 0.0000000004358581
-0.9840000000000000 0.0000000491355806
-0.9830000000000000 0.0000000815974050
-0.9820000000000000 0.0000000897996516
-0.9810000000000000 0.0000000733673875
-0.9800000000000000 0.0000000383354715
-0.9790000000000000 0.0000000053972229
-0.9780000000000000 0.0000000469986743
-0.9770000000000000 0.0000000772718003
-0.9760000000000000 0.0000000903925593
-0.9750000000000000 0.0000000846428238
-0.9740000000000000 0.0000000622050127
-0.9730000000000000 0.0000000282476888
-0.9720000000000000 0.0000000103917749
-0.9710000000000000 0.0000000466183542
-0.9700000000000000 0.0000000743257677
-0.9690000000000000 0.0000000893005728
-0.9680000000000000 0.0000000896970320
-0.9670000000000000 0.0000000760794877
-0.9660000000000000 0.0000000510948035
-0.9650000000000000 0.0000000188801868
-0.9640000000000000 0.0000000156693564
-0.9630000000000000 0.0000000476517387
-0.9620000000000000 0.0000000728226100
-0.9610000000000000 0.0000000880985431
-0.9600000000000000 0.0000000918557118
-0.9590000000000000 0.0000000840134295
-0.9580000000000000 0.0000000659198472
-0.9570000000000000 0.0000000400781801
-0.9560000000000000 0.0000000097648902
-0.9550000000000000 0.0000000214036507
-0.9540000000000000 0.0000000499015500
-0.9530000000000000 0.0000000726740110
-0.9520000000000000 0.0000000874328973
-0.9510000000000000 0.0000000928454034
-0.9500000000000000 0.0000000886077987
-0.9490000000000000 0.0000000754087586
-0.9480000000000000 0.0000000547972210
-0.9470000000000000 0.0000000289771891
-0.9460000000000000 0.0000000005562599
-0.9450000000000000 0.0000000277240585
-0.9440000000000000 0.0000000532496555
-0.9429999999999999 0.0000000737638433
-0.9419999999999999 0.0000000875484644
-0.9409999999999999 0.0000000935445773
-0.9399999999999999 0.0000000914076297
-0.9389999999999999 0.0000000814981013
-0.9379999999999999 0.0000000648138640
-0.9369999999999999 0.0000000428746807
-0.9359999999999999 0.0000000175721228
-0.9349999999999999 0.0000000090003567
-0.9339999999999999 0.0000000347222469
-0.9329999999999999 0.0000000576118156
-0.9319999999999999 0.0000000759709749
-0.9309999999999999 0.0000000884998759
-0.9299999999999999 0.0000000943749883
-0.9289999999999999 0.0000000932876327
-0.9279999999999999 0.0000000854430349
-0.9269999999999999 0.0000000715228009
-0.9259999999999999 0.0000000526159945
-0.9249999999999999 0.0000000301257938
-0.9239999999999999 0.0000000056597686
-0.9229999999999999 0.0000000190876861
-0.9219999999999999 0.0000000424523948
-0.9209999999999999 0.0000000629092290
-0.9199999999999999 0.0000000791661623
-0.9189999999999999 0.0000000902384278
-0.9179999999999999 0.0000000954993081
-0.9169999999999999 0.0000000947058196
-0.9159999999999999 0.0000000879992173
-0.9149999999999999 0.0000000758818238
-0.9139999999999999 0.0000000591729930
-0.9129999999999999 0.0000000389480910
-0.9119999999999999 0.0000000164651129
-0.9109999999999999 0.0000000069160412
-0.9099999999999999 0.0000000298165116
-0.9089999999999999 0.0000000509187465
-0.9079999999999999 0.0000000690396621
-0.9069999999999999 0.0000000831929593
-0.9059999999999999 0.0000000926377067
-0.9049999999999999 0.0000000969112318
-0.9039999999999999 0.0000000958453592
-0.9029999999999999 0.0000000895659800
-0.9019999999999999 0.0000000784768416
-0.9009999999999999 0.0000000632292200
-0.8999999999999999 0.0000000446797929
-0.8989999999999999 0.0000000238394931
-0.8979999999999999 0.0000000018164330
-0.8969999999999999 0.0000000202438898
-0.8959999999999999 0.0000000412179381
-0.8949999999999999 0.0000000600600797
-0.8939999999999999 0.0000000758524965
-0.8929999999999999 0.0000000878468818
-0.8919999999999999 0.0000000954962723
-0.8909999999999999 0.0000000984759100
-0.8899999999999999 0.0000000966926455
-0.8889999999999999 0.0000000902829391
-0.8879999999999999 0.0000000796000655
-0.8869999999999999 0.0000000651916018
-0.8859999999999999 0.0000000477686619
-0.8849999999999999 0.0000000281686601
-0.8839999999999999 0.0000000073135813
-0.8829999999999999 0.0000000138341613
-0.8819999999999999 0.0000000343161865
-0.8809999999999999 0.0000000532209354
-0.8799999999999999 0.0000000697229516
-0.8789999999999999 0.0000000831170819
-0.8779999999999999 0.0000000928463015
-0.8769999999999999 0.0000000985222208
-0.8759999999999999 0.0000000999376784
-0.8749999999999999 0.0000000970712017
-0.8739999999999999 0.0000000900834567
-0.8729999999999999 0.0000000793061466
-0.8719999999999999 0.0000000652241200
-0.8709999999999999 0.0000000484516742
-0.8699999999999999 0.0000000297042526
-0.8689999999999999 0.0000000097668641
-0.8679999999999999 0.0000000105393775
-0.8669999999999999 0.0000000303911800
-0.8659999999999999 0.0000000489960897
-0.8649999999999999 0.0000000656233256
-0.8639999999999999 0.0000000796312886
-0.8629999999999999 0.0000000904907926
-0.8619999999999999 0.0000000978032617
-0.8609999999999999 0.0000001013133650
-0.8599999999999999 0.0000001009158009
-0.8589999999999999 0.0000000966561676
-0.8579999999999999 0.0000000887260903
-0.8569999999999999 0.0000000774529850
-0.8559999999999999 0.0000000632850129
-0.8549999999999999 0.0000000467719508
-0.8539999999999999 0.0000000285428152
-0.8529999999999999 0.0000000092811634
-0.8519999999999999 0.0000000103009491
-0.8509999999999999 0.0000000294893704
-0.8499999999999999 0.0000000475936535
-0.8489999999999999 0.0000000639713500
-0.8479999999999999 0.0000000780499849
-0.8469999999999999 0.0000000893459991
-0.8459999999999999 0.0000000974801026
-0.8449999999999999 0.0000001021885955
-0.8439999999999999 0.0000001033303996
-0.8429999999999999 0.0000001008896815
-0.8419999999999999 0.0000000949741087
-0.8409999999999999 0.0000000858089344
-0.8399999999999999 0.0000000737272233
-0.8389999999999999 0.0000000591566743
-0.8379999999999999 0.0000000426035693
-0.8369999999999999 0.0000000246344738
-0.8359999999999999 0.0000000058563586
-0.8349999999999999 0.0000000131041615
-0.8339999999999999 0.0000000316217585
-0.8329999999999999 0.0000000490928118
-0.8319999999999999 0.0000000649546656
-0.8309999999999998 0.0000000787031356
-0.8299999999999998 0.0000000899077513
-0.8289999999999998 0.0000000982243100
-0.8279999999999998 0.0000001034044157
-0.8269999999999998 0.0000001053017812
-0.8259999999999998 0.0000001038751861
-0.8249999999999998 0.0000000991880821
-0.8239999999999998 0.0000000914049488
-0.8229999999999998 0.0000000807845963
-0.8219999999999998 0.0000000676707016
-0.8209999999999998 0.0000000524799383
-0.8199999999999998 0.0000000356881231
-0.8189999999999998 0.0000000178148471
-0.8179999999999998 0.0000000005928970
-0.8169999999999998 0.0000000189775906
-0.8159999999999998 0.0000000367880373
-0.8149999999999998 0.0000000534956897
-0.8139999999999998 0.0000000686099852
-0.8129999999999998 0.0000000816922613
-0.8119999999999998 0.0000000923678797
-0.8109999999999998 0.0000001003362449
-0.8099999999999998 0.0000001053784815
-0.8089999999999998 0.0000001073626029
-0.8079999999999998 0.0000001062460772
-0.8069999999999998 0.0000001020757885
-0.8059999999999998 0.0000000949854438
-0.8049999999999998 0.0000000851905648
-0.8039999999999998 0.0000000729812615
-0.8029999999999998 0.0000000587130384
-0.8019999999999998 0.0000000427959380
-0.8009999999999998 0.0000000256823581
-0.7999999999999998 0.0000000078539135
-0.7989999999999998 0.0000000101922745
-0.7979999999999998 0.0000000279574743
-0.7969999999999998 0.0000000449550393
-0.7959999999999998 0.0000000607235322
-0.7949999999999998 0.0000000748389412
-0.7939999999999998 0.0000000869256689
-0.7929999999999998 0.0000000966660340
-0.7919999999999998 0.0000001038080554
-0.7909999999999998 0.0000001081713532
-0.7899999999999998 0.0000001096510477
-0.7889999999999998 0.0000001082195931
-0.7879999999999998 0.0000001039265461
-0.7869999999999998 0.0000000968963120
-0.7859999999999998 0.0000000873239726
-0.7849999999999998 0.0000000754693437
-0.7839999999999998 0.0000000616494481
-0.7829999999999998 0.0000000462296362
-0.7819999999999998 0.0000000296136038
-0.7809999999999998 0.0000000122325876
-0.7799999999999998 0.0000000054659713
-0.7789999999999998 0.0000000230299977
-0.7779999999999998 0.0000000400142884
-0.7769999999999998 0.0000000559916664
-0.7759999999999998 0.0000000705635119
-0.7749999999999998 0.0000000833694167
-0.7739999999999998 0.0000000940957391
-0.7729999999999998 0.0000001024828692
-0.7719999999999998 0.0000001083310499
-0.7709999999999998 0.0000001115046345
-0.7699999999999998 0.0000001119347113
-0.7689999999999998 0.0000001096200548
-0.7679999999999998 0.0000001046264183
-0.7669999999999998 0.0000000970842094
-0.7659999999999998 0.0000000871846387
-0.7649999999999998 0.0000000751744579
-0.7639999999999998 0.0000000613494443
-0.7629999999999998 0.0000000460468025
-0.7619999999999998 0.0000000296366903
-0.7609999999999998 0.0000000125130815
-0.7599999999999998 0.0000000049158071
-0.7589999999999998 0.0000000222372897
-0.7579999999999998 0.0000000390439562
-0.7569999999999998 0.0000000549431574
-0.7559999999999998 0.0000000695660192
-0.7549999999999998 0.0000000825757776
-0.7539999999999998 0.0000000936752631
-0.7529999999999998 0.0000001026133658
-0.7519999999999998 0.0000001091903589
-0.7509999999999998 0.0000001132619741
-0.7499999999999998 0.0000001147421556
-0.7489999999999998 0.0000001136044560
-0.7479999999999998 0.0000001098820604
-0.7469999999999998 0.0000001036664646
-0.7459999999999998 0.0000000951048583
-0.7449999999999998 0.0000000843962878
-0.7439999999999998 0.0000000717867142
-0.7429999999999998 0.0000000575630840
-0.7419999999999998 0.0000000420465638
-0.7409999999999998 0.0000000255851082
-0.7399999999999998 0.0000000085455208
-0.7389999999999998 0.0000000086947939
-0.7379999999999998 0.0000000257562129
-0.7369999999999998 0.0000000422652218
-0.7359999999999998 0.0000000578625057
-0.7349999999999998 0.0000000722106352
-0.7339999999999998 0.0000000850011856
-0.7329999999999998 0.0000000959611433
-0.7319999999999998 0.0000001048584754
-0.7309999999999998 0.0000001115067544
-0.7299999999999998 0.0000001157687528
-0.7289999999999998 0.0000001175589465
-0.7279999999999998 0.0000001168448927
-0.7269999999999998 0.0000001136474659
-0.7259999999999998 0.0000001080399661
-0.7249999999999998 0.0000001001461346
-0.7239999999999998 0.0000000901371326
-0.7229999999999998 0.0000000782275641
-0.7219999999999998 0.0000000646706353
-0.7209999999999998 0.0000000497525679
-0.7199999999999998 0.0000000337863906
-0.7189999999999998 0.0000000171052423
-0.7179999999999997 0.0000000000553398
-0.7169999999999997 0.0000000170112515
-0.7159999999999997 0.0000000337438807
-0.7149999999999997 0.0000000498004748
-0.7139999999999997 0.0000000648544424
-0.7129999999999997 0.0000000786011943
-0.7119999999999997 0.0000000907641460
-0.7109999999999997 0.0000001011000910
-0.7099999999999997 0.0000001094038462
-0.7089999999999997 0.0000001155120868
-0.7079999999999997 0.0000001193062975
-0.7069999999999997 0.0000001207148068
-0.7059999999999997 0.0000001197138606
-0.7049999999999997 0.0000001163277375
-0.7039999999999997 0.0000001106279110
-0.7029999999999997 0.0000001027312902
-0.7019999999999997 0.0000000927975824
-0.7009999999999997 0.0000000810258426
-0.6999999999999997 0.0000000676502877
-0.6989999999999997 0.0000000529354671
-0.6979999999999997 0.0000000371708883
-0.6969999999999997 0.0000000206652128
-0.6959999999999997 0.0000000037401390
-0.6949999999999997 0.0000000132759118
-0.6939999999999997 0.0000000300541702
-0.6929999999999997 0.0000000462718455
-0.6919999999999997 0.0000000616182728
-0.6909999999999997 0.0000000758007729
-0.6899999999999997 0.0000000885501104
-0.6889999999999997 0.0000000996254583
-0.6879999999999997 0.0000001088187759
-0.6869999999999997 0.0000001159585245
-0.6859999999999997 0.0000001209126646
-0.6849999999999997 0.0000001235908770
-0.6839999999999997 0.0000001239459859
-0.6829999999999997 0.0000001219745585
-0.6819999999999997 0.0000001177166849
-0.6809999999999997 0.0000001112549486
-0.6799999999999997 0.0000001027126179
-0.6789999999999997 0.0000000922510988
-0.6779999999999997 0.0000000800667094
-0.6769999999999997 0.0000000663868346
-0.6759999999999997 0.0000000514655480
-0.6749999999999997 0.0000000355787805
-0.6739999999999997 0.0000000190191319
-0.6729999999999997 0.0000000020904229
-0.6719999999999997 0.0000000148979090
-0.6709999999999997 0.0000000316364693
-0.6699999999999997 0.0000000478215154
-0.6689999999999997 0.0000000631604169
-0.6679999999999997 0.0000000773768698
-0.6669999999999997 0.0000000902157723
-0.6659999999999997 0.0000001014476797
-0.6649999999999997 0.0000001108727650
-0.6639999999999997 0.0000001183242157
-0.6629999999999997 0.0000001236710159
-0.6619999999999997 0.0000001268200699
-0.6609999999999997 0.0000001277176360
-0.6599999999999997 0.0000001263500516
-0.6589999999999997 0.0000001227437488
-0.6579999999999997 0.0000001169645605
-0.6569999999999997 0.0000001091163413
-0.6559999999999997 0.0000000993389343
-0.6549999999999997 0.0000000878055241
-0.6539999999999997 0.0000000747194284
-0.6529999999999997 0.0000000603103907
-0.6519999999999997 0.0000000448304442
-0.6509999999999997 0.0000000285494194
-0.6499999999999997 0.0000000117501797
-0.6489999999999997 0.0000000052763307
-0.6479999999999997 0.0000000222361420
-0.6469999999999997 0.0000000388373270
-0.6459999999999997 0.0000000547949955
-0.6449999999999997 0.0000000698361330
-0.6439999999999997 0.0000000837041994
-0.6429999999999997 0.0000000961634130
-0.6419999999999997 0.0000001070026534
-0.6409999999999997 0.0000001160389160
-0.6399999999999997 0.0000001231202653
-0.6389999999999997 0.0000001281282442
-0.6379999999999997 0.0000001309797037
-0.6369999999999997 0.0000001316280240
-0.6359999999999997 0.0000001300637155
-0.6349999999999997 0.0000001263143972
-0.6339999999999997 0.0000001204441504
-0.6329999999999997 0.0000001125522770
-0.6319999999999997 0.0000001027714739
-0.6309999999999997 0.0000000912654734
-0.6299999999999997 0.0000000782261786
-0.6289999999999997 0.0000000638703611
-0.6279999999999997 0.0000000484359655
-0.6269999999999997 0.0000000321780929
-0.6259999999999997 0.0000000153647312
-0.6249999999999997 0.0000000017276998
-0.6239999999999997 0.0000000188189090
-0.6229999999999997 0.0000000356293295
-0.6219999999999997 0.0000000518846701
-0.6209999999999997 0.0000000673203514
-0.6199999999999997 0.0000000816857588
-0.6189999999999997 0.0000000947482374
-0.6179999999999997 0.0000001062967746
-0.6169999999999997 0.0000001161453079
-0.6159999999999997 0.0000001241356121
-0.6149999999999997 0.0000001301397214
-0.6139999999999997 0.0000001340618499
-0.6129999999999997 0.0000001358397875
-0.6119999999999997 0.0000001354457504
-0.6109999999999997 0.0000001328866783
-0.6099999999999997 0.0000001282039771
-0.6089999999999997 0.0000001214727189
-0.6079999999999997 0.0000001128003118
-0.6069999999999997 0.0000001023246660
-0.6059999999999997 0.0000000902118935
-0.6049999999999996 0.0000000766535734
-0.6039999999999996 0.0000000618636374
-0.6029999999999996 0.0000000460749204
-0.6019999999999996 0.0000000295354364
-0.6009999999999996 0.0000000125044406
-0.5999999999999996 0.0000000047516633
-0.5989999999999996 0.0000000219635007
-0.5979999999999996 0.0000000388629280
-0.5969999999999996 0.0000000551871903
-0.5959999999999996 0.0000000706829704
-0.5949999999999996 0.0000000851102726
-0.5939999999999996 0.0000000982460761
-0.5929999999999996 0.0000001098877070
-0.5919999999999996 0.0000001198558807
-0.5909999999999996 0.0000001279973673
-0.5899999999999996 0.0000001341872436
-0.5889999999999996 0.0000001383307003
-0.5879999999999996 0.0000001403643797
-0.5869999999999996 0.0000001402572292
-0.5859999999999996 0.0000001380108559
-0.5849999999999996 0.0000001336593874
-0.5839999999999996 0.0000001272688373
-0.5829999999999996 0.0000001189359972
-0.5819999999999996 0.0000001087868621
-0.5809999999999996 0.0000000969746338
-0.5799999999999996 0.0000000836773173
-0.5789999999999996 0.0000000690949630
-0.5779999999999996 0.0000000534465884
-0.5769999999999996 0.0000000369668367
-0.5759999999999996 0.0000000199024135
-0.5749999999999996 0.0000000025083672
-0.5739999999999996 0.0000000149557404
-0.5729999999999996 0.0000000322297083
-0.5719999999999996 0.0000000490565626
-0.5709999999999996 0.0000000651863556
-0.5699999999999996 0.0000000803798413
-0.5689999999999996 0.0000000944119750
-0.5679999999999996 0.0000001070751895
-0.5669999999999996 0.0000001181823941
-0.5659999999999996 0.0000001275696626
-0.5649999999999996 0.0000001350985653
-0.5639999999999996 0.0000001406581201
-0.5629999999999996 0.0000001441663311
-0.5619999999999996 0.0000001455712982
-0.5609999999999996 0.0000001448518838
-0.5599999999999996 0.0000001420179270
-0.5589999999999996 0.0000001371100107
-0.5579999999999996 0.0000001301987804
-0.5569999999999996 0.0000001213838356
-0.5559999999999996 0.0000001107922026
-0.5549999999999996 0.0000000985764238
-0.5539999999999996 0.0000000849122860
-0.5529999999999996 0.0000000699962241
-0.5519999999999996 0.0000000540424396
-0.5509999999999996 0.0000000372797812
-0.5499999999999996 0.0000000199484225
-0.5489999999999996 0.0000000022964003
-0.5479999999999996 0.0000000154239516
-0.5469999999999996 0.0000000329596090
-0.5459999999999996 0.0000000500604617
-0.5449999999999996 0.0000000664828591
-0.5439999999999996 0.0000000819930521
-0.5429999999999996 0.0000000963704764
-0.5419999999999996 0.0000001094108397
-0.5409999999999996 0.0000001209289657
-0.5399999999999996 0.0000001307613537
-0.5389999999999996 0.0000001387684304
-0.5379999999999996 0.0000001448364467
-0.5369999999999996 0.0000001488790138
-0.5359999999999996 0.0000001508382448
-0.5349999999999996 0.0000001506854948
-0.5339999999999996 0.0000001484216901
-0.5329999999999996 0.0000001440772431
-0.5319999999999996 0.0000001377115593
-0.5309999999999996 0.0000001294121396
-0.5299999999999996 0.0000001192933000
-0.5289999999999996 0.0000001074945222
-0.5279999999999996 0.0000000941784631
-0.5269999999999996 0.0000000795286523
-0.5259999999999996 0.0000000637469093
-0.5249999999999996 0.0000000470505175
-0.5239999999999996 0.0000000296691990
-0.5229999999999996 0.0000000118419262
-0.5219999999999996 0.0000000061863785
-0.5209999999999996 0.0000000241682162
-0.5199999999999996 0.0000000418569038
-0.5189999999999996 0.0000000590099474
-0.5179999999999996 0.0000000753923440
-0.5169999999999996 0.0000000907797686
-0.5159999999999996 0.0000001049616076
-0.5149999999999996 0.0000001177437932
-0.5139999999999996 0.0000001289514053
-0.5129999999999996 0.0000001384310034
-0.5119999999999996 0.0000001460526616
-0.5109999999999996 0.0000001517116768
-0.5099999999999996 0.0000001553299357
-0.5089999999999996 0.0000001568569123
-0.5079999999999996 0.0000001562702973
-0.5069999999999996 0.0000001535762422
-0.5059999999999996 0.0000001488092236
-0.5049999999999996 0.0000001420315264
-0.5039999999999996 0.0000001333323588
-0.5029999999999996 0.0000001228266079
-0.5019999999999996 0.0000001106532588
-0.5009999999999996 0.0000000969734971
-0.4999999999999996 0.0000000819685219
-0.4989999999999996 0.0000000658370982
-0.4979999999999996 0.0000000487928875
-0.4969999999999996 0.0000000310615845
-0.4959999999999996 0.0000000128779074
-0.4949999999999996 0.0000000055175255
-0.4939999999999996 0.0000000238813828
-0.4929999999999995 0.0000000419708409
-0.4919999999999995 0.0000000595467791
-0.4909999999999995 0.0000000763769255
-0.4899999999999995 0.0000000922388980
-0.4889999999999995 0.0000001069231080
-0.4879999999999995 0.0000001202354907
-0.4869999999999995 0.0000001320000205
-0.4859999999999995 0.0000001420609870
-0.4849999999999995 0.0000001502849963
-0.4839999999999995 0.0000001565626805
-0.4829999999999995 0.0000001608100829
-0.4819999999999995 0.0000001629697166
-0.4809999999999995 0.0000001630112700
-0.4799999999999995 0.0000001609319628
-0.4789999999999995 0.0000001567565407
-0.4779999999999995 0.0000001505369177
-0.4769999999999995 0.0000001423514649
-0.4759999999999995 0.0000001323039613
-0.4749999999999995 0.0000001205222206
-0.4739999999999995 0.0000001071564113
-0.4729999999999995 0.0000000923770931
-0.4719999999999995 0.0000000763729974
-0.4709999999999995 0.0000000593485808
-0.4699999999999995 0.0000000415213812
-0.4689999999999995 0.0000000231192159
-0.4679999999999995 0.0000000043772528
-0.4669999999999995 0.0000000144650041
-0.4659999999999995 0.0000000331667765
-0.4649999999999995 0.0000000514890836
-0.4639999999999995 0.0000000691977828
-0.4629999999999995 0.0000000860665416
-0.4619999999999995 0.0000001018797068
-0.4609999999999995 0.0000001164350234
-0.4599999999999995 0.0000001295461887
-0.4589999999999995 0.0000001410451890
-0.4579999999999995 0.0000001507844055
-0.4569999999999995 0.0000001586384569
-0.4559999999999995 0.0000001645057573
-0.4549999999999995 0.0000001683097698
-0.4539999999999995 0.0000001699999457
-0.4529999999999995 0.0000001695523322
-0.4519999999999995 0.0000001669698464
-0.4509999999999995 0.0000001622822122
-0.4499999999999995 0.0000001555455603
-0.4489999999999995 0.0000001468417017
-0.4479999999999995 0.0000001362770790
-0.4469999999999995 0.0000001239814135
-0.4459999999999995 0.0000001101060674
-0.4449999999999995 0.0000000948221339
-0.4439999999999995 0.0000000783182953
-0.4429999999999995 0.0000000607984548
-0.4419999999999995 0.0000000424791965
-0.4409999999999995 0.0000000235870832
-0.4399999999999995 0.0000000043558422
-0.4389999999999995 0.0000000149765353
-0.4379999999999995 0.0000000341707402
-0.4369999999999995 0.0000000529891035
-0.4359999999999995 0.0000000711985286
-0.4349999999999995 0.0000000885733596
-0.4339999999999995 0.0000001048981570
-0.4329999999999995 0.0000001199703379
-0.4319999999999995 0.0000001336026574
-0.4309999999999995 0.0000001456254961
-0.4299999999999995 0.0000001558889275
-0.4289999999999995 0.0000001642645415
-0.4279999999999995 0.0000001706470005
-0.4269999999999995 0.0000001749553130
-0.4259999999999995 0.0000001771338057
-0.4249999999999995 0.0000001771527879
-0.4239999999999995 0.0000001750088955
-0.4229999999999995 0.0000001707251177
-0.4219999999999995 0.0000001643505003
-0.4209999999999995 0.0000001559595355
-0.4199999999999995 0.0000001456512437
-0.4189999999999995 0.0000001335479574
-0.4179999999999995 0.0000001197938276
-0.4169999999999995 0.0000001045530690
-0.4159999999999995 0.0000000880079619
-0.4149999999999995 0.0000000703566440
-0.4139999999999995 0.0000000518107099
-0.4129999999999995 0.0000000325926559
-0.4119999999999995 0.0000000129331940
-0.4109999999999995 0.0000000069315259
-0.4099999999999995 0.0000000267627578
-0.4089999999999995 0.0000000463220255
-0.4079999999999995 0.0000000653739862
-0.4069999999999995 0.0000000836892455
-0.4059999999999995 0.0000001010471056
-0.4049999999999995 0.0000001172381975
-0.4039999999999995 0.0000001320669818
-0.4029999999999995 0.0000001453540771
-0.4019999999999995 0.0000001569383935
-0.4009999999999995 0.0000001666790463
-0.3999999999999995 0.0000001744570268
-0.3989999999999995 0.0000001801766101
-0.3979999999999995 0.0000001837664869
-0.3969999999999995 0.0000001851806015
-0.3959999999999995 0.0000001843986924
-0.3949999999999995 0.0000001814265242
-0.3939999999999995 0.0000001762958141
-0.3929999999999995 0.0000001690638489
-0.3919999999999995 0.0000001598128034
-0.3909999999999995 0.0000001486487650
-0.3899999999999995 0.0000001357004746
-0.3889999999999995 0.0000001211178083
-0.3879999999999995 0.0000001050700066
-0.3869999999999995 0.0000000877436804
-0.3859999999999995 0.0000000693406150
-0.3849999999999995 0.0000000500753979
-0.3839999999999995 0.0000000301728995
-0.3829999999999995 0.0000000098656338
-0.3819999999999995 0.0000000106089628
-0.3809999999999995 0.0000000310113127
-0.3799999999999994 0.0000000511024985
-0.3789999999999994 0.0000000706470522
-0.3779999999999994 0.0000000894157063
-0.3769999999999994 0.0000001071880643
-0.3759999999999994 0.0000001237551697
-0.3749999999999994 0.0000001389219373
-0.3739999999999994 0.0000001525094222
-0.3729999999999994 0.0000001643568995
-0.3719999999999994 0.0000001743237296
-0.3709999999999994 0.0000001822909892
-0.3699999999999994 0.0000001881628520
-0.3689999999999994 0.0000001918676961
-0.3679999999999994 0.0000001933589362
-0.3669999999999994 0.0000001926155587
-0.3659999999999994 0.0000001896423700
-0.3649999999999994 0.0000001844699390
-0.3639999999999994 0.0000001771542459
-0.3629999999999994 0.0000001677760403
-0.3619999999999994 0.0000001564399092
-0.3609999999999994 0.0000001432730801
-0.3599999999999994 0.0000001284239535
-0.3589999999999994 0.0000001120604058
-0.3579999999999994 0.0000000943678609
-0.3569999999999994 0.0000000755471632
-0.3559999999999994 0.0000000558122799
-0.3549999999999994 0.0000000353878518
-0.3539999999999994 0.0000000145066219
-0.3529999999999994 0.0000000065932253
-0.3519999999999994 0.0000000276707832
-0.3509999999999994 0.0000000484851750
-0.3499999999999994 0.0000000687983002
-0.3489999999999994 0.0000000883775535
-0.3479999999999994 0.0000001069984723
-0.3469999999999994 0.0000001244472938
-0.3459999999999994 0.0000001405233909
-0.3449999999999994 0.0000001550415543
-0.3439999999999994 0.0000001678340982
-0.3429999999999994 0.0000001787527695
-0.3419999999999994 0.0000001876704319
-0.3409999999999994 0.0000001944825119
-0.3399999999999994 0.0000001991081895
-0.3389999999999994 0.0000002014913161
-0.3379999999999994 0.0000002016010592
-0.3369999999999994 0.0000001994322543
-0.3359999999999994 0.0000001950054693
-0.3349999999999994 0.0000001883667826
-0.3339999999999994 0.0000001795872671
-0.3329999999999994 0.0000001687621975
-0.3319999999999994 0.0000001560099849
-0.3309999999999994 0.0000001414708495
-0.3299999999999994 0.0000001253052513
-0.3289999999999994 0.0000001076920917
-0.3279999999999994 0.0000000888267129
-0.3269999999999994 0.0000000689187074
-0.3259999999999994 0.0000000481895734
-0.3249999999999994 0.0000000268702385
-0.3239999999999994 0.0000000051984725
-0.3229999999999994 0.0000000165837677
-0.3219999999999994 0.0000000382330454
-0.3209999999999994 0.0000000595071614
-0.3199999999999994 0.0000000801678635
-0.3189999999999994 0.0000000999835039
-0.3179999999999994 0.0000001187316265
-0.3169999999999994 0.0000001362014508
-0.3159999999999994 0.0000001521962223
-0.3149999999999994 0.0000001665354092
-0.3139999999999994 0.0000001790567170
-0.3129999999999994 0.0000001896178987
-0.3119999999999994 0.0000001980983428
-0.3109999999999994 0.0000002044004228
-0.3099999999999994 0.0000002084505861
-0.3089999999999994 0.0000002102001802
-0.3079999999999994 0.0000002096260019
-0.3069999999999994 0.0000002067305642
-0.3059999999999994 0.0000002015420755
-0.3049999999999994 0.0000001941141412
-0.3039999999999994 0.0000001845251800
-0.3029999999999994 0.0000001728775647
-0.3019999999999994 0.0000001592965024
-0.3009999999999994 0.0000001439286634
-0.2999999999999994 0.0000001269405687
-0.2989999999999994 0.0000001085167640
-0.2979999999999994 0.0000000888577938
-0.2969999999999994 0.0000000681779968
-0.2959999999999994 0.0000000467031580
-0.2949999999999994 0.0000000246680243
-0.2939999999999994 0.0000000023137308
-0.2929999999999994 0.0000000201148456
-0.2919999999999994 0.0000000423717752
-0.2909999999999994 0.0000000642127724
-0.2899999999999994 0.0000000853978757
-0.2889999999999994 0.0000001056940797
-0.2879999999999994 0.0000001248778903
-0.2869999999999994 0.0000001427377769
-0.2859999999999994 0.0000001590764906
-0.2849999999999994 0.0000001737132278
-0.2839999999999994 0.0000001864856116
-0.2829999999999994 0.0000001972514754
-0.2819999999999994 0.0000002058904223
-0.2809999999999994 0.0000002123051466
-0.2799999999999994 0.0000002164225048
-0.2789999999999994 0.0000002181943219
-0.2779999999999994 0.0000002175979272
-0.2769999999999994 0.0000002146364073
-0.2759999999999994 0.0000002093385867
-0.2749999999999994 0.0000002017587186
-0.2739999999999994 0.0000001919759085
-0.2729999999999994 0.0000001800932590
-0.2719999999999994 0.0000001662367608
-0.2709999999999994 0.0000001505539324
-0.2699999999999994 0.0000001332122228
-0.2689999999999994 0.0000001143972086
-0.2679999999999993 0.0000000943105791
-0.2669999999999993 0.0000000731679606
-0.2659999999999993 0.0000000511965830
-0.2649999999999993 0.0000000286328234
-0.2639999999999993 0.0000000057196508
-0.2629999999999993 0.0000000172960017
-0.2619999999999993 0.0000000401659088
-0.2609999999999993 0.0000000626432304
-0.2599999999999993 0.0000000844851824
-0.2589999999999993 0.0000001054556595
-0.2579999999999993 0.0000001253277877
-0.2569999999999993 0.0000001438863726
-0.2559999999999993 0.0000001609302211
-0.2549999999999993 0.0000001762743231
-0.2539999999999993 0.0000001897518385
-0.2529999999999993 0.0000002012159062
-0.2519999999999993 0.0000002105412258
-0.2509999999999993 0.0000002176254126
-0.2499999999999993 0.0000002223901050
-0.2489999999999993 0.0000002247818085
-0.2479999999999993 0.0000002247724775
-0.2469999999999993 0.0000002223598197
-0.2459999999999993 0.0000002175673270
-0.2449999999999993 0.0000002104440249
-0.2439999999999993 0.0000002010639455
-0.2429999999999993 0.0000001895253459
-0.2419999999999993 0.0000001759496464
-0.2409999999999993 0.0000001604801376
-0.2399999999999993 0.0000001432804391
-0.2389999999999993 0.0000001245327557
-0.2379999999999993 0.0000001044359195
-0.2369999999999993 0.0000000832032652
-0.2359999999999993 0.0000000610603412
-0.2349999999999993 0.0000000382425043
-0.2339999999999993 0.0000000149923931
-0.2329999999999993 0.0000000084426617
-0.2319999999999993 0.0000000318132862
-0.2309999999999993 0.0000000548707226
-0.2299999999999993 0.0000000773694966
-0.2289999999999993 0.0000000990700295
-0.2279999999999993 0.0000001197412032
-0.2269999999999993 0.0000001391628235
-0.2259999999999993 0.0000001571279671
-0.2249999999999993 0.0000001734451907
-0.2239999999999993 0.0000001879405702
-0.2229999999999993 0.0000002004595472
-0.2219999999999993 0.0000002108685773
-0.2209999999999993 0.0000002190565458
-0.2199999999999993 0.0000002249359485
-0.2189999999999993 0.0000002284438136
-0.2179999999999993 0.0000002295423642
-0.2169999999999993 0.0000002282194176
-0.2159999999999993 0.0000002244885016
-0.2149999999999993 0.0000002183887013
-0.2139999999999993 0.0000002099842309
-0.2129999999999993 0.0000001993637464
-0.2119999999999993 0.0000001866393822
-0.2109999999999993 0.0000001719455569
-0.2099999999999993 0.0000001554375264
-0.2089999999999993 0.0000001372897218
-0.2079999999999993 0.0000001176938933
-0.2069999999999993 0.0000000968570504
-0.2059999999999993 0.0000000749992628
-0.2049999999999993 0.0000000523513104
-0.2039999999999993 0.0000000291522233
-0.2029999999999993 0.0000000056467426
-0.2019999999999993 0.0000000179172845
-0.2009999999999993 0.0000000412915440
-0.1999999999999993 0.0000000642298792
-0.1989999999999993 0.0000000864909149
-0.1979999999999993 0.0000001078406022
-0.1969999999999993 0.0000001280547077
-0.1959999999999993 0.0000001469211717
-0.1949999999999993 0.0000001642423557
-0.1939999999999993 0.0000001798371163
-0.1929999999999993 0.0000001935427192
-0.1919999999999993 0.0000002052165353
-0.1909999999999993 0.0000002147375380
-0.1899999999999993 0.0000002220075594
-0.1889999999999993 0.0000002269523045
-0.1879999999999993 0.0000002295221089
-0.1869999999999993 0.0000002296924388
-0.1859999999999993 0.0000002274641115
-0.1849999999999993 0.0000002228632616
-0.1839999999999993 0.0000002159410180
-0.1829999999999993 0.0000002067729366
-0.1819999999999993 0.0000001954581612
-0.1809999999999993 0.0000001821183293
-0.1799999999999993 0.0000001668962595
-0.1789999999999993 0.0000001499543942
-0.1779999999999993 0.0000001314730520
-0.1769999999999993 0.0000001116484811
-0.1759999999999993 0.0000000906907540
-0.1749999999999993 0.0000000688215134
-0.1739999999999993 0.0000000462716030
-0.1729999999999993 0.0000000232786017
-0.1719999999999993 0.0000000000842872
-0.1709999999999993 0.0000000230679253
-0.1699999999999993 0.0000000459355824
-0.1689999999999993 0.0000000682797494
-0.1679999999999993 0.0000000898675472
-0.1669999999999993 0.0000001104746041
-0.1659999999999993 0.0000001298874150
-0.1649999999999993 0.0000001479055913
-0.1639999999999993 0.0000001643439473
-0.1629999999999993 0.0000001790344326
-0.1619999999999993 0.0000001918278727
-0.1609999999999993 0.0000002025955070
-0.1599999999999993 0.0000002112302999
-0.1589999999999993 0.0000002176480209
-0.1579999999999993 0.0000002217880768
-0.1569999999999993 0.0000002236140908
-0.1559999999999993 0.0000002231142155
-0.1549999999999992 0.0000002203011924
-0.1539999999999992 0.0000002152121379
-0.1529999999999992 0.0000002079080761
-0.1519999999999992 0.0000001984732121
-0.1509999999999992 0.0000001870139670
-0.1499999999999992 0.0000001736577584
-0.1489999999999992 0.0000001585515927
-0.1479999999999992 0.0000001418604145
-0.1469999999999992 0.0000001237652971
-0.1459999999999992 0.0000001044614475
-0.1449999999999992 0.0000000841560786
-0.1439999999999992 0.0000000630661487
-0.1429999999999992 0.0000000414160164
-0.1419999999999992 0.0000000194350078
-0.1409999999999992 0.0000000026450433
-0.1399999999999992 0.0000000245922873
-0.1389999999999992 0.0000000461773380
-0.1379999999999992 0.0000000671757125
-0.1369999999999992 0.0000000873702080
-0.1359999999999992 0.0000001065531983
-0.1349999999999992 0.0000001245288188
-0.1339999999999992 0.0000001411149979
-0.1329999999999992 0.0000001561453522
-0.1319999999999992 0.0000001694708929
-0.1309999999999992 0.0000001809615466
-0.1299999999999992 0.0000001905074405
-0.1289999999999992 0.0000001980200022
-0.1279999999999992 0.0000002034327786
-0.1269999999999992 0.0000002067020537
-0.1259999999999992 0.0000002078071830
-0.1249999999999992 0.0000002067506961
-0.1239999999999992 0.0000002035581361
-0.1229999999999992 0.0000001982776583
-0.1219999999999992 0.0000001909793710
-0.1209999999999992 0.0000001817544577
-0.1199999999999992 0.0000001707140562
-0.1189999999999992 0.0000001579879449
-0.1179999999999992 0.0000001437230113
-0.1169999999999992 0.0000001280815560
-0.1159999999999992 0.0000001112394377
-0.1149999999999992 0.0000000933840698
-0.1139999999999992 0.0000000747123128
-0.1129999999999992 0.0000000554282686
-0.1119999999999992 0.0000000357410079
-0.1109999999999992 0.0000000158622648
-0.1099999999999992 0.0000000039958956
-0.1089999999999992 0.0000000236233872
-0.1079999999999992 0.0000000428143863
-0.1069999999999992 0.0000000613695441
-0.1059999999999992 0.0000000790981183
-0.1049999999999992 0.0000000958199977
-0.1039999999999992 0.0000001113675863
-0.1029999999999992 0.0000001255875390
-0.1019999999999992 0.0000001383423380
-0.1009999999999992 0.0000001495116604
-0.0999999999999992 0.0000001589935632
-0.0989999999999992 0.0000001667054410
-0.0979999999999992 0.0000001725847718
-0.0969999999999992 0.0000001765896220
-0.0959999999999992 0.0000001786989268
-0.0949999999999992 0.0000001789125204
-0.0939999999999992 0.0000001772509508
-0.0929999999999992 0.0000001737550415
-0.0919999999999992 0.0000001684852449
-0.0909999999999992 0.0000001615207696
-0.0899999999999992 0.0000001529585103
-0.0889999999999992 0.0000001429117735
-0.0879999999999992 0.0000001315088509
-0.0869999999999992 0.0000001188914074
-0.0859999999999992 0.0000001052127585
-0.0849999999999992 0.0000000906360063
-0.0839999999999992 0.0000000753320974
-0.0829999999999992 0.0000000594778022
-0.0819999999999992 0.0000000432536509
-0.0809999999999992 0.0000000268418372
-0.0799999999999992 0.0000000104241340
-0.0789999999999992 0.0000000058201688
-0.0779999999999992 0.0000000217162843
-0.0769999999999992 0.0000000370958642
-0.0759999999999992 0.0000000517988514
-0.0749999999999992 0.0000000656752088
-0.0739999999999992 0.0000000785865142
-0.0729999999999992 0.0000000904074069
-0.0719999999999992 0.0000001010268651
-0.0709999999999992 0.0000001103492919
-0.0699999999999992 0.0000001182954263
-0.0689999999999992 0.0000001248030301
-0.0679999999999992 0.0000001298273817
-0.0669999999999992 0.0000001333415525
-0.0659999999999992 0.0000001353364616
-0.0649999999999992 0.0000001358207364
-0.0639999999999992 0.0000001348203345
-0.0629999999999992 0.0000001323779912
-0.0619999999999992 0.0000001285524527
-0.0609999999999992 0.0000001234175393
-0.0599999999999992 0.0000001170610275
-0.0589999999999992 0.0000001095833833
-0.0579999999999992 0.0000001010963522
-0.0569999999999992 0.0000000917214429
-0.0559999999999992 0.0000000815882881
-0.0549999999999992 0.0000000708329457
-0.0539999999999992 0.0000000595961369
-0.0529999999999992 0.0000000480214490
-0.0519999999999992 0.0000000362535220
-0.0509999999999992 0.0000000244362561
-0.0499999999999992 0.0000000127110429
-0.0489999999999992 0.0000000012150485
-0.0479999999999992 0.0000000099204089
-0.0469999999999992 0.0000000205714170
-0.0459999999999992 0.0000000306228816
-0.0449999999999992 0.0000000399698319
-0.0439999999999992 0.0000000485185661
-0.0429999999999992 0.0000000561876456
-0.0419999999999991 0.0000000629087171
-0.0409999999999991 0.0000000686271495
-0.0399999999999991 0.0000000733024978
-0.0389999999999991 0.0000000769087674
-0.0379999999999991 0.0000000794344888
-0.0369999999999991 0.0000000808826046
-0.0359999999999991 0.0000000812701715
-0.0349999999999991 0.0000000806278746
-0.0339999999999991 0.0000000789993717
-0.0329999999999991 0.0000000764404755
-0.0319999999999991 0.0000000730181864
-0.0309999999999991 0.0000000688095825
-0.0299999999999991 0.0000000639005928
-0.0289999999999991 0.0000000583846698
-0.0279999999999991 0.0000000523613708
-0.0269999999999991 0.0000000459348790
-0.0259999999999991 0.0000000392124742
-0.0249999999999991 0.0000000323029883
-0.0239999999999991 0.0000000253152461
-0.0229999999999991 0.0000000183565334
-0.0219999999999991 0.0000000115310985
-0.0209999999999991 0.0000000049387132
-0.0199999999999991 0.0000000013266894
-0.0189999999999991 0.0000000071782773
-0.0179999999999991 0.0000000125374784
-0.0169999999999991 0.0000000173350039
-0.0159999999999991 0.0000000215117361
-0.0149999999999991 0.0000000250194638
-0.0139999999999991 0.0000000278214551
-0.0129999999999991 0.0000000298928639
-0.0119999999999991 0.0000000312209634
-0.0109999999999991 0.0000000318052038
-0.0099999999999991 0.0000000316570974
-0.0089999999999991 0.0000000307999272
-0.0079999999999991 0.0000000292682907
-0.0069999999999991 0.0000000271074825
-0.0059999999999991 0.0000000243727228
-0.0049999999999991 0.0000000211282487
-0.0039999999999991 0.0000000174462755
-0.0029999999999991 0.0000000134058463
-0.0019999999999991 0.0000000090915860
-0.0009999999999991 0.0000000045923756
0.0000000000000009 0.0000000000000328
0.0010000000000009 0.0000000045924411
0.0020000000000009 0.0000000090916513
0.0030000000000009 0.0000000134059113
0.0040000000000009 0.0000000174463400
0.0050000000000009 0.0000000211283125
0.0060000000000009 0.0000000243727857
0.0070000000000009 0.0000000271075446
0.0080000000000009 0.0000000292683520
0.0090000000000009 0.0000000307999872
0.0100000000000009 0.0000000316571563
0.0110000000000009 0.0000000318052614
0.0120000000000009 0.0000000312210193
0.0130000000000009 0.0000000298929186
0.0140000000000009 0.0000000278215083
0.0150000000000009 0.0000000250195155
0.0160000000000009 0.0000000215117861
0.0170000000000009 0.0000000173350519
0.0180000000000009 0.0000000125375248
0.0190000000000009 0.0000000071783222
0.0200000000000009 0.0000000013267328
0.0210000000000009 0.0000000049386710
0.0220000000000009 0.0000000115310574
0.0230000000000009 0.0000000183564941
0.0240000000000009 0.0000000253152086
0.0250000000000009 0.0000000323029516
0.0260000000000009 0.0000000392124386
0.0270000000000009 0.0000000459348439
0.0280000000000009 0.0000000523613366
0.0290000000000009 0.0000000583846373
0.0300000000000009 0.0000000639005600
0.0310000000000009 0.0000000688095498
0.0320000000000009 0.0000000730181549
0.0330000000000009 0.0000000764404435
0.0340000000000009 0.0000000789993388
0.0350000000000009 0.0000000806278426
0.0360000000000009 0.0000000812701391
0.0370000000000009 0.0000000808825713
0.0380000000000009 0.0000000794344548
0.0390000000000009 0.0000000769087323
0.0400000000000009 0.0000000733024619
0.0410000000000009 0.0000000686271124
0.0420000000000009 0.0000000629086778
0.0430000000000009 0.0000000561876050
0.0440000000000009 0.0000000485185239
0.0450000000000009 0.0000000399697879
0.0460000000000009 0.0000000306228358
0.0470000000000009 0.0000000205713677
0.0480000000000009 0.0000000099203583
0.0490000000000009 0.0000000012151022
0.0500000000000009 0.0000000127110980
0.0510000000000009 0.0000000244363147
0.0520000000000009 0.0000000362535828
0.0530000000000009 0.0000000480215121
0.0540000000000009 0.0000000595962026
0.0550000000000009 0.0000000708330141
0.0560000000000009 0.0000000815883592
0.0570000000000009 0.0000000917215170
0.0580000000000009 0.0000001010964281
0.0590000000000009 0.0000001095834601
0.0600000000000009 0.0000001170611070
0.0610000000000009 0.0000001234176215
0.0620000000000009 0.0000001285525362
0.0630000000000009 0.0000001323780765
0.0640000000000009 0.0000001348204228
0.0650000000000009 0.0000001358208266
0.0660000000000009 0.0000001353365522
0.0670000000000009 0.0000001333416431
0.0680000000000009 0.0000001298274732
0.0690000000000009 0.0000001248031229
0.0700000000000009 0.0000001182955205
0.0710000000000009 0.0000001103493865
0.0720000000000009 0.0000001010269584
0.0730000000000009 0.0000000904075006
0.0740000000000009 0.0000000785866079
0.0750000000000009 0.0000000656753008
0.0760000000000009 0.0000000517989425
0.0770000000000009 0.0000000370959539
0.0780000000000009 0.0000000217163727
0.0790000000000009 0.0000000058202563
0.0800000000000009 0.0000000104240487
0.0810000000000009 0.0000000268417542
0.0820000000000009 0.0000000432535696
0.0830000000000009 0.0000000594777236
0.0840000000000009 0.0000000753320224
0.0850000000000009 0.0000000906359348
0.0860000000000010 0.0000001052126897
0.0870000000000010 0.0000001188913425
0.0880000000000010 0.0000001315087879
0.0890000000000010 0.0000001429117149
0.0900000000000010 0.0000001529584535
0.0910000000000010 0.0000001615207172
0.0920000000000010 0.0000001684851965
0.0930000000000010 0.0000001737549971
0.0940000000000010 0.0000001772509091
0.0950000000000010 0.0000001789124822
0.0960000000000010 0.0000001786988912
0.0970000000000010 0.0000001765895918
0.0980000000000010 0.0000001725847434
0.0990000000000010 0.0000001667054166
0.1000000000000010 0.0000001589935428
0.1010000000000010 0.0000001495116422
0.1020000000000010 0.0000001383423225
0.1030000000000010 0.0000001255875270
0.1040000000000010 0.0000001113675756
0.1050000000000010 0.0000000958199915
0.1060000000000010 0.0000000790981134
0.1070000000000010 0.0000000613695401
0.1080000000000010 0.0000000428143840
0.1090000000000010 0.0000000236233859
0.1100000000000010 0.0000000039958943
0.1110000000000010 0.0000000158622648
0.1120000000000010 0.0000000357410079
0.1130000000000010 0.0000000554282686
0.1140000000000010 0.0000000747123132
0.1150000000000010 0.0000000933840698
0.1160000000000010 0.0000001112394390
0.1170000000000010 0.0000001280815578
0.1180000000000010 0.0000001437230148
0.1190000000000010 0.0000001579879512
0.1200000000000010 0.0000001707140647
0.1210000000000010 0.0000001817544675
0.1220000000000010 0.0000001909793830
0.1230000000000010 0.0000001982776729
0.1240000000000010 0.0000002035581548
0.1250000000000010 0.0000002067507161
0.1260000000000010 0.0000002078072066
0.1270000000000010 0.0000002067020817
0.1280000000000010 0.0000002034328097
0.1290000000000010 0.0000001980200364
0.1300000000000010 0.0000001905074805
0.1310000000000010 0.0000001809615884
0.1320000000000010 0.0000001694709399
0.1330000000000010 0.0000001561454015
0.1340000000000010 0.0000001411150516
0.1350000000000010 0.0000001245288765
0.1360000000000010 0.0000001065532609
0.1370000000000010 0.0000000873702728
0.1380000000000010 0.0000000671757814
0.1390000000000010 0.0000000461774117
0.1400000000000010 0.0000000245923637
0.1410000000000010 0.0000000026451223
0.1420000000000010 0.0000000194349252
0.1430000000000010 0.0000000414159316
0.1440000000000010 0.0000000630660617
0.1450000000000010 0.0000000841559888
0.1460000000000010 0.0000001044613560
0.1470000000000010 0.0000001237652039
0.1480000000000010 0.0000001418603195
0.1490000000000010 0.0000001585514968
0.1500000000000010 0.0000001736576625
0.1510000000000010 0.0000001870138679
0.1520000000000010 0.0000001984731148
0.1530000000000010 0.0000002079079784
0.1540000000000010 0.0000002152120411
0.1550000000000010 0.0000002203010951
0.1560000000000010 0.0000002231141183
0.1570000000000010 0.0000002236139967
0.1580000000000010 0.0000002217879831
0.1590000000000010 0.0000002176479299
0.1600000000000010 0.0000002112302111
0.1610000000000010 0.0000002025954204
0.1620000000000010 0.0000001918277892
0.1630000000000010 0.0000001790343505
0.1640000000000010 0.0000001643438692
0.1650000000000010 0.0000001479055163
0.1660000000000010 0.0000001298873431
0.1670000000000010 0.0000001104745344
0.1680000000000010 0.0000000898674828
0.1690000000000010 0.0000000682796881
0.1700000000000010 0.0000000459355247
0.1710000000000010 0.0000000230678721
0.1720000000000010 0.0000000000843379
0.1730000000000010 0.0000000232786475
0.1740000000000010 0.0000000462716461
0.1750000000000010 0.0000000688215533
0.1760000000000010 0.0000000906907895
0.1770000000000010 0.0000001116485131
0.1780000000000010 0.0000001314730804
0.1790000000000010 0.0000001499544191
0.1800000000000010 0.0000001668962808
0.1810000000000010 0.0000001821183484
0.1820000000000010 0.0000001954581772
0.1830000000000010 0.0000002067729516
0.1840000000000010 0.0000002159410304
0.1850000000000010 0.0000002228632709
0.1860000000000010 0.0000002274641209
0.1870000000000010 0.0000002296924460
0.1880000000000010 0.0000002295221151
0.1890000000000010 0.0000002269523094
0.1900000000000010 0.0000002220075643
0.1910000000000010 0.0000002147375424
0.1920000000000010 0.0000002052165398
0.1930000000000010 0.0000001935427241
0.1940000000000010 0.0000001798371225
0.1950000000000010 0.0000001642423615
0.1960000000000010 0.0000001469211797
0.1970000000000010 0.0000001280547171
0.1980000000000010 0.0000001078406133
0.1990000000000010 0.0000000864909278
0.2000000000000010 0.0000000642298938
0.2010000000000010 0.0000000412915613
0.2020000000000010 0.0000000179173059
0.2030000000000010 0.0000000056467191
0.2040000000000010 0.0000000291521962
0.2050000000000010 0.0000000523512798
0.2060000000000010 0.0000000749992295
0.2070000000000010 0.0000000968570131
0.2080000000000010 0.0000001176938524
0.2090000000000010 0.0000001372896787
0.2100000000000010 0.0000001554374784
0.2110000000000010 0.0000001719455058
0.2120000000000010 0.0000001866393280
0.2130000000000010 0.0000001993636887
0.2140000000000011 0.0000002099841701
0.2150000000000011 0.0000002183886356
0.2160000000000011 0.0000002244884341
0.2170000000000011 0.0000002282193465
0.2180000000000011 0.0000002295422901
0.2190000000000011 0.0000002284437350
0.2200000000000011 0.0000002249358682
0.2210000000000011 0.0000002190564636
0.2220000000000011 0.0000002108684920
0.2230000000000011 0.0000002004594606
0.2240000000000011 0.0000001879404818
0.2250000000000011 0.0000001734451014
0.2260000000000011 0.0000001571278756
0.2270000000000011 0.0000001391627311
0.2280000000000011 0.0000001197411108
0.2290000000000011 0.0000000990699371
0.2300000000000011 0.0000000773694038
0.2310000000000011 0.0000000548706303
0.2320000000000011 0.0000000318131939
0.2330000000000011 0.0000000084425706
0.2340000000000011 0.0000000149924837
0.2350000000000011 0.0000000382425935
0.2360000000000011 0.0000000610604283
0.2370000000000011 0.0000000832033500
0.2380000000000011 0.0000001044360034
0.2390000000000011 0.0000001245328365
0.2400000000000011 0.0000001432805177
0.2410000000000011 0.0000001604802122
0.2420000000000011 0.0000001759497197
0.2430000000000011 0.0000001895254160
0.2440000000000011 0.0000002010640123
0.2450000000000011 0.0000002104440875
0.2460000000000011 0.0000002175673870
0.2470000000000011 0.0000002223598770
0.2480000000000011 0.0000002247725299
0.2490000000000011 0.0000002247818580
0.2500000000000011 0.0000002223901512
0.2510000000000011 0.0000002176254550
0.2520000000000011 0.0000002105412646
0.2530000000000011 0.0000002012159424
0.2540000000000011 0.0000001897518718
0.2550000000000011 0.0000001762743524
0.2560000000000011 0.0000001609302482
0.2570000000000011 0.0000001438863959
0.2580000000000011 0.0000001253278088
0.2590000000000011 0.0000001054556777
0.2600000000000011 0.0000000844851979
0.2610000000000011 0.0000000626432437
0.2620000000000011 0.0000000401659201
0.2630000000000011 0.0000000172960124
0.2640000000000011 0.0000000057196432
0.2650000000000011 0.0000000286328175
0.2660000000000011 0.0000000511965774
0.2670000000000011 0.0000000731679557
0.2680000000000011 0.0000000943105756
0.2690000000000011 0.0000001143972053
0.2700000000000011 0.0000001332122199
0.2710000000000011 0.0000001505539287
0.2720000000000011 0.0000001662367572
0.2730000000000011 0.0000001800932545
0.2740000000000011 0.0000001919759041
0.2750000000000011 0.0000002017587128
0.2760000000000011 0.0000002093385798
0.2770000000000011 0.0000002146363989
0.2780000000000011 0.0000002175979172
0.2790000000000011 0.0000002181943106
0.2800000000000011 0.0000002164224913
0.2810000000000011 0.0000002123051310
0.2820000000000011 0.0000002058904049
0.2830000000000011 0.0000001972514556
0.2840000000000011 0.0000001864855896
0.2850000000000011 0.0000001737132034
0.2860000000000011 0.0000001590764642
0.2870000000000011 0.0000001427377476
0.2880000000000011 0.0000001248778585
0.2890000000000011 0.0000001056940451
0.2900000000000011 0.0000000853978395
0.2910000000000011 0.0000000642127340
0.2920000000000011 0.0000000423717343
0.2930000000000011 0.0000000201148025
0.2940000000000011 0.0000000023137767
0.2950000000000011 0.0000000246680718
0.2960000000000011 0.0000000467032077
0.2970000000000011 0.0000000681780483
0.2980000000000011 0.0000000888578464
0.2990000000000011 0.0000001085168186
0.3000000000000011 0.0000001269406247
0.3010000000000011 0.0000001439287209
0.3020000000000011 0.0000001592965611
0.3030000000000011 0.0000001728776242
0.3040000000000011 0.0000001845252404
0.3050000000000011 0.0000001941142020
0.3060000000000011 0.0000002015421365
0.3070000000000011 0.0000002067306255
0.3080000000000011 0.0000002096260638
0.3090000000000011 0.0000002102002419
0.3100000000000011 0.0000002084506472
0.3110000000000011 0.0000002044004832
0.3120000000000011 0.0000001980984030
0.3130000000000011 0.0000001896179576
0.3140000000000011 0.0000001790567754
0.3150000000000011 0.0000001665354665
0.3160000000000011 0.0000001521962785
0.3170000000000011 0.0000001362015063
0.3180000000000011 0.0000001187316807
0.3190000000000011 0.0000000999835561
0.3200000000000011 0.0000000801679148
0.3210000000000011 0.0000000595072107
0.3220000000000011 0.0000000382330927
0.3230000000000011 0.0000000165838134
0.3240000000000011 0.0000000051984284
0.3250000000000011 0.0000000268701958
0.3260000000000011 0.0000000481895330
0.3270000000000011 0.0000000689186681
0.3280000000000011 0.0000000888266758
0.3290000000000011 0.0000001076920566
0.3300000000000011 0.0000001253052175
0.3310000000000011 0.0000001414708173
0.3320000000000011 0.0000001560099545
0.3330000000000011 0.0000001687621685
0.3340000000000011 0.0000001795872393
0.3350000000000011 0.0000001883667564
0.3360000000000011 0.0000001950054445
0.3370000000000011 0.0000001994322305
0.3380000000000011 0.0000002016010368
0.3390000000000011 0.0000002014912945
0.3400000000000011 0.0000001991081682
0.3410000000000011 0.0000001944824917
0.3420000000000011 0.0000001876704123
0.3430000000000011 0.0000001787527506
0.3440000000000011 0.0000001678340793
0.3450000000000011 0.0000001550415356
0.3460000000000011 0.0000001405233727
0.3470000000000011 0.0000001244472758
0.3480000000000011 0.0000001069984539
0.3490000000000011 0.0000000883775360
0.3500000000000011 0.0000000687982817
0.3510000000000011 0.0000000484851561
0.3520000000000011 0.0000000276707641
0.3530000000000011 0.0000000065932051
0.3540000000000011 0.0000000145066419
0.3550000000000011 0.0000000353878733
0.3560000000000011 0.0000000558123017
0.3570000000000011 0.0000000755471856
0.3580000000000012 0.0000000943678840
0.3590000000000012 0.0000001120604303
0.3600000000000012 0.0000001284239788
0.3610000000000012 0.0000001432731057
0.3620000000000012 0.0000001564399366
0.3630000000000012 0.0000001677760680
0.3640000000000012 0.0000001771542752
0.3650000000000012 0.0000001844699691
0.3660000000000012 0.0000001896424011
0.3670000000000012 0.0000001926155910
0.3680000000000012 0.0000001933589691
0.3690000000000012 0.0000001918677301
0.3700000000000012 0.0000001881628873
0.3710000000000012 0.0000001822910253
0.3720000000000012 0.0000001743237661
0.3730000000000012 0.0000001643569372
0.3740000000000012 0.0000001525094606
0.3750000000000012 0.0000001389219759
0.3760000000000012 0.0000001237552087
0.3770000000000012 0.0000001071881038
0.3780000000000012 0.0000000894157465
0.3790000000000012 0.0000000706470924
0.3800000000000012 0.0000000511025388
0.3810000000000012 0.0000000310113538
0.3820000000000012 0.0000000106090038
0.3830000000000012 0.0000000098655925
0.3840000000000012 0.0000000301728581
0.3850000000000012 0.0000000500753571
0.3860000000000012 0.0000000693405748
0.3870000000000012 0.0000000877436405
0.3880000000000012 0.0000001050699668
0.3890000000000012 0.0000001211177688
0.3900000000000012 0.0000001357004353
0.3910000000000012 0.0000001486487264
0.3920000000000012 0.0000001598127656
0.3930000000000012 0.0000001690638116
0.3940000000000012 0.0000001762957774
0.3950000000000012 0.0000001814264886
0.3960000000000012 0.0000001843986572
0.3970000000000012 0.0000001851805672
0.3980000000000012 0.0000001837664537
0.3990000000000012 0.0000001801765779
0.4000000000000012 0.0000001744569953
0.4010000000000012 0.0000001666790161
0.4020000000000012 0.0000001569383640
0.4030000000000012 0.0000001453540486
0.4040000000000012 0.0000001320669543
0.4050000000000012 0.0000001172381711
0.4060000000000012 0.0000001010470806
0.4070000000000012 0.0000000836892216
0.4080000000000012 0.0000000653739629
0.4090000000000012 0.0000000463220030
0.4100000000000012 0.0000000267627360
0.4110000000000012 0.0000000069315051
0.4120000000000012 0.0000000129332138
0.4130000000000012 0.0000000325926750
0.4140000000000012 0.0000000518107285
0.4150000000000012 0.0000000703566615
0.4160000000000012 0.0000000880079786
0.4170000000000012 0.0000001045530849
0.4180000000000012 0.0000001197938432
0.4190000000000012 0.0000001335479721
0.4200000000000012 0.0000001456512584
0.4210000000000012 0.0000001559595496
0.4220000000000012 0.0000001643505139
0.4230000000000012 0.0000001707251314
0.4240000000000012 0.0000001750089088
0.4250000000000012 0.0000001771528009
0.4260000000000012 0.0000001771338188
0.4270000000000012 0.0000001749553261
0.4280000000000012 0.0000001706470135
0.4290000000000012 0.0000001642645544
0.4300000000000012 0.0000001558889405
0.4310000000000012 0.0000001456255097
0.4320000000000012 0.0000001336026714
0.4330000000000012 0.0000001199703522
0.4340000000000012 0.0000001048981717
0.4350000000000012 0.0000000885733746
0.4360000000000012 0.0000000711985441
0.4370000000000012 0.0000000529891194
0.4380000000000012 0.0000000341707569
0.4390000000000012 0.0000000149765522
0.4400000000000012 0.0000000043558243
0.4410000000000012 0.0000000235870651
0.4420000000000012 0.0000000424791774
0.4430000000000012 0.0000000607984353
0.4440000000000012 0.0000000783182750
0.4450000000000012 0.0000000948221135
0.4460000000000012 0.0000001101060457
0.4470000000000012 0.0000001239813913
0.4480000000000012 0.0000001362770561
0.4490000000000012 0.0000001468416784
0.4500000000000012 0.0000001555455362
0.4510000000000012 0.0000001622821872
0.4520000000000012 0.0000001669698212
0.4530000000000012 0.0000001695523064
0.4540000000000012 0.0000001699999194
0.4550000000000012 0.0000001683097430
0.4560000000000012 0.0000001645057305
0.4570000000000012 0.0000001586384299
0.4580000000000012 0.0000001507843780
0.4590000000000012 0.0000001410451613
0.4600000000000012 0.0000001295461609
0.4610000000000012 0.0000001164349955
0.4620000000000012 0.0000001018796787
0.4630000000000012 0.0000000860665141
0.4640000000000012 0.0000000691977549
0.4650000000000012 0.0000000514890561
0.4660000000000012 0.0000000331667493
0.4670000000000012 0.0000000144649771
0.4680000000000012 0.0000000043772792
0.4690000000000012 0.0000000231192422
0.4700000000000013 0.0000000415214070
0.4710000000000013 0.0000000593486057
0.4720000000000013 0.0000000763730219
0.4730000000000013 0.0000000923771167
0.4740000000000013 0.0000001071564346
0.4750000000000013 0.0000001205222431
0.4760000000000013 0.0000001323039832
0.4770000000000013 0.0000001423514862
0.4780000000000013 0.0000001505369382
0.4790000000000013 0.0000001567565604
0.4800000000000013 0.0000001609319815
0.4810000000000013 0.0000001630112878
0.4820000000000013 0.0000001629697337
0.4830000000000013 0.0000001608100992
0.4840000000000013 0.0000001565626957
0.4850000000000013 0.0000001502850114
0.4860000000000013 0.0000001420610010
0.4870000000000013 0.0000001320000338
0.4880000000000013 0.0000001202355033
0.4890000000000013 0.0000001069231201
0.4900000000000013 0.0000000922389095
0.4910000000000013 0.0000000763769367
0.4920000000000013 0.0000000595467898
0.4930000000000013 0.0000000419708510
0.4940000000000013 0.0000000238813927
0.4950000000000013 0.0000000055175351
0.4960000000000013 0.0000000128778976
0.4970000000000013 0.0000000310615751
0.4980000000000013 0.0000000487928781
0.4990000000000013 0.0000000658370891
0.5000000000000012 0.0000000819685125
0.5010000000000012 0.0000000969734880
0.5020000000000012 0.0000001106532493
0.5030000000000012 0.0000001228265979
0.5040000000000012 0.0000001333323486
0.5050000000000012 0.0000001420315163
0.5060000000000012 0.0000001488092129
0.5070000000000012 0.0000001535762313
0.5080000000000012 0.0000001562702857
0.5090000000000012 0.0000001568569003
0.5100000000000012 0.0000001553299231
0.5110000000000012 0.0000001517116640
0.5120000000000012 0.0000001460526479
0.5130000000000012 0.0000001384309898
0.5140000000000012 0.0000001289513908
0.5150000000000012 0.0000001177437783
0.5160000000000012 0.0000001049615924
0.5170000000000012 0.0000000907797531
0.5180000000000012 0.0000000753923281
0.5190000000000012 0.0000000590099313
0.5200000000000012 0.0000000418568868
0.5210000000000012 0.0000000241681990
0.5220000000000012 0.0000000061863614
0.5230000000000012 0.0000000118419435
0.5240000000000012 0.0000000296692160
0.5250000000000012 0.0000000470505347
0.5260000000000012 0.0000000637469266
0.5270000000000012 0.0000000795286696
0.5280000000000012 0.0000000941784803
0.5290000000000012 0.0000001074945389
0.5300000000000012 0.0000001192933166
0.5310000000000012 0.0000001294121558
0.5320000000000012 0.0000001377115749
0.5330000000000013 0.0000001440772586
0.5340000000000013 0.0000001484217046
0.5350000000000013 0.0000001506855092
0.5360000000000013 0.0000001508382584
0.5370000000000013 0.0000001488790266
0.5380000000000013 0.0000001448364590
0.5390000000000013 0.0000001387684417
0.5400000000000013 0.0000001307613646
0.5410000000000013 0.0000001209289754
0.5420000000000013 0.0000001094108491
0.5430000000000013 0.0000000963704846
0.5440000000000013 0.0000000819930597
0.5450000000000013 0.0000000664828659
0.5460000000000013 0.0000000500604675
0.5470000000000013 0.0000000329596143
0.5480000000000013 0.0000000154239560
0.5490000000000013 0.0000000022963964
0.5500000000000013 0.0000000199484194
0.5510000000000013 0.0000000372797784
0.5520000000000013 0.0000000540424375
0.5530000000000013 0.0000000699962225
0.5540000000000013 0.0000000849122849
0.5550000000000013 0.0000000985764229
0.5560000000000013 0.0000001107922016
0.5570000000000013 0.0000001213838353
0.5580000000000013 0.0000001301987800
0.5590000000000013 0.0000001371100103
0.5600000000000013 0.0000001420179268
0.5610000000000013 0.0000001448518831
0.5620000000000013 0.0000001455712973
0.5630000000000013 0.0000001441663299
0.5640000000000013 0.0000001406581187
0.5650000000000013 0.0000001350985635
0.5660000000000013 0.0000001275696603
0.5670000000000013 0.0000001181823916
0.5680000000000013 0.0000001070751861
0.5690000000000013 0.0000000944119711
0.5700000000000013 0.0000000803798365
0.5710000000000013 0.0000000651863504
0.5720000000000013 0.0000000490565567
0.5730000000000013 0.0000000322297011
0.5740000000000013 0.0000000149557324
0.5750000000000013 0.0000000025083758
0.5760000000000013 0.0000000199024230
0.5770000000000013 0.0000000369668467
0.5780000000000013 0.0000000534465995
0.5790000000000013 0.0000000690949747
0.5800000000000013 0.0000000836773299
0.5810000000000013 0.0000000969746472
0.5820000000000013 0.0000001087868765
0.5830000000000013 0.0000001189360122
0.5840000000000013 0.0000001272688536
0.5850000000000013 0.0000001336594036
0.5860000000000013 0.0000001380108730
0.5870000000000013 0.0000001402572467
0.5880000000000013 0.0000001403643980
0.5890000000000013 0.0000001383307189
0.5900000000000013 0.0000001341872625
0.5910000000000013 0.0000001279973866
0.5920000000000013 0.0000001198559005
0.5930000000000013 0.0000001098877270
0.5940000000000013 0.0000000982460961
0.5950000000000013 0.0000000851102932
0.5960000000000013 0.0000000706829911
0.5970000000000013 0.0000000551872110
0.5980000000000013 0.0000000388629489
0.5990000000000013 0.0000000219635213
0.6000000000000013 0.0000000047516839
0.6010000000000013 0.0000000125044201
0.6020000000000013 0.0000000295354158
0.6030000000000013 0.0000000460749000
0.6040000000000013 0.0000000618636171
0.6050000000000013 0.0000000766535531
0.6060000000000013 0.0000000902118733
0.6070000000000013 0.0000001023246460
0.6080000000000013 0.0000001128002921
0.6090000000000013 0.0000001214726995
0.6100000000000013 0.0000001282039576
0.6110000000000013 0.0000001328866586
0.6120000000000013 0.0000001354457311
0.6130000000000013 0.0000001358397686
0.6140000000000013 0.0000001340618307
0.6150000000000013 0.0000001301397025
0.6160000000000013 0.0000001241355932
0.6170000000000013 0.0000001161452891
0.6180000000000013 0.0000001062967558
0.6190000000000013 0.0000000947482189
0.6200000000000013 0.0000000816857399
0.6210000000000013 0.0000000673203323
0.6220000000000013 0.0000000518846510
0.6230000000000013 0.0000000356293108
0.6240000000000013 0.0000000188188902
0.6250000000000013 0.0000000017276808
0.6260000000000013 0.0000000153647506
0.6270000000000013 0.0000000321781126
0.6280000000000013 0.0000000484359852
0.6290000000000013 0.0000000638703810
0.6300000000000013 0.0000000782261987
0.6310000000000013 0.0000000912654936
0.6320000000000013 0.0000001027714945
0.6330000000000013 0.0000001125522974
0.6340000000000013 0.0000001204441712
0.6350000000000013 0.0000001263144181
0.6360000000000013 0.0000001300637370
0.6370000000000013 0.0000001316280454
0.6380000000000013 0.0000001309797257
0.6390000000000013 0.0000001281282662
0.6400000000000013 0.0000001231202875
0.6410000000000013 0.0000001160389386
0.6420000000000013 0.0000001070026761
0.6430000000000013 0.0000000961634356
0.6440000000000013 0.0000000837042222
0.6450000000000014 0.0000000698361566
0.6460000000000014 0.0000000547950192
0.6470000000000014 0.0000000388373509
0.6480000000000014 0.0000000222361662
0.6490000000000014 0.0000000052763552
0.6500000000000014 0.0000000117501547
0.6510000000000014 0.0000000285493939
0.6520000000000014 0.0000000448304186
0.6530000000000014 0.0000000603103645
0.6540000000000014 0.0000000747194019
0.6550000000000014 0.0000000878054973
0.6560000000000014 0.0000000993389069
0.6570000000000014 0.0000001091163135
0.6580000000000014 0.0000001169645322
0.6590000000000014 0.0000001227437202
0.6600000000000014 0.0000001263500223
0.6610000000000014 0.0000001277176059
0.6620000000000014 0.0000001268200394
0.6630000000000014 0.0000001236709850
0.6640000000000014 0.0000001183241838
0.6650000000000014 0.0000001108727326
0.6660000000000014 0.0000001014476467
0.6670000000000014 0.0000000902157385
0.6680000000000014 0.0000000773768353
0.6690000000000014 0.0000000631603818
0.6700000000000014 0.0000000478214794
0.6710000000000014 0.0000000316364324
0.6720000000000014 0.0000000148978717
0.6730000000000014 0.0000000020904613
0.6740000000000014 0.0000000190191709
0.6750000000000014 0.0000000355788199
0.6760000000000014 0.0000000514655880
0.6770000000000014 0.0000000663868753
0.6780000000000014 0.0000000800667508
0.6790000000000014 0.0000000922511409
0.6800000000000014 0.0000001027126604
0.6810000000000014 0.0000001112549916
0.6820000000000014 0.0000001177167285
0.6830000000000014 0.0000001219746025
0.6840000000000014 0.0000001239460303
0.6850000000000014 0.0000001235909219
0.6860000000000014 0.0000001209127096
0.6870000000000014 0.0000001159585700
0.6880000000000014 0.0000001088188213
0.6890000000000014 0.0000000996255044
0.6900000000000014 0.0000000885501565
0.6910000000000014 0.0000000758008193
0.6920000000000014 0.0000000616183194
0.6930000000000014 0.0000000462718920
0.6940000000000014 0.0000000300542169
0.6950000000000014 0.0000000132759585
0.6960000000000014 0.0000000037400920
0.6970000000000014 0.0000000206651662
0.6980000000000014 0.0000000371708414
0.6990000000000014 0.0000000529354201
0.7000000000000014 0.0000000676502407
0.7010000000000014 0.0000000810257954
0.7020000000000014 0.0000000927975353
0.7030000000000014 0.0000001027312432
0.7040000000000014 0.0000001106278638
0.7050000000000014 0.0000001163276903
0.7060000000000014 0.0000001197138134
0.7070000000000014 0.0000001207147595
0.7080000000000014 0.0000001193062500
0.7090000000000014 0.0000001155120387
0.7100000000000014 0.0000001094037983
0.7110000000000014 0.0000001011000426
0.7120000000000014 0.0000000907640977
0.7130000000000014 0.0000000786011458
0.7140000000000014 0.0000000648543937
0.7150000000000014 0.0000000498004257
0.7160000000000014 0.0000000337438314
0.7170000000000014 0.0000000170112019
0.7180000000000014 0.0000000000553894
0.7190000000000014 0.0000000171052926
0.7200000000000014 0.0000000337864411
0.7210000000000014 0.0000000497526188
0.7220000000000014 0.0000000646706864
0.7230000000000014 0.0000000782276156
0.7240000000000014 0.0000000901371845
0.7250000000000014 0.0000001001461866
0.7260000000000014 0.0000001080400184
0.7270000000000014 0.0000001136475183
0.7280000000000014 0.0000001168449454
0.7290000000000014 0.0000001175589993
0.7300000000000014 0.0000001157688059
0.7310000000000014 0.0000001115068077
0.7320000000000014 0.0000001048585288
0.7330000000000014 0.0000000959611966
0.7340000000000014 0.0000000850012394
0.7350000000000014 0.0000000722106889
0.7360000000000014 0.0000000578625596
0.7370000000000014 0.0000000422652758
0.7380000000000014 0.0000000257562671
0.7390000000000014 0.0000000086948481
0.7400000000000014 0.0000000085454665
0.7410000000000014 0.0000000255850536
0.7420000000000014 0.0000000420465091
0.7430000000000014 0.0000000575630289
0.7440000000000014 0.0000000717866593
0.7450000000000014 0.0000000843962326
0.7460000000000014 0.0000000951048027
0.7470000000000014 0.0000001036664091
0.7480000000000014 0.0000001098820042
0.7490000000000014 0.0000001136043993
0.7500000000000014 0.0000001147420985
0.7510000000000014 0.0000001132619167
0.7520000000000014 0.0000001091903010
0.7530000000000014 0.0000001026133072
0.7540000000000014 0.0000000936752042
0.7550000000000014 0.0000000825757180
0.7560000000000014 0.0000000695659589
0.7570000000000014 0.0000000549430966
0.7580000000000015 0.0000000390438944
0.7590000000000015 0.0000000222372274
0.7600000000000015 0.0000000049157443
0.7610000000000015 0.0000000125131451
0.7620000000000015 0.0000000296367543
0.7630000000000015 0.0000000460468673
0.7640000000000015 0.0000000613495097
0.7650000000000015 0.0000000751745241
0.7660000000000015 0.0000000871847051
0.7670000000000015 0.0000000970842764
0.7680000000000015 0.0000001046264858
0.7690000000000015 0.0000001096201226
0.7700000000000015 0.0000001119347796
0.7710000000000015 0.0000001115047031
0.7720000000000015 0.0000001083311184
0.7730000000000015 0.0000001024829381
0.7740000000000015 0.0000000940958078
0.7750000000000015 0.0000000833694856
0.7760000000000015 0.0000000705635806
0.7770000000000015 0.0000000559917351
0.7780000000000015 0.0000000400143568
0.7790000000000015 0.0000000230300661
0.7800000000000015 0.0000000054660394
0.7810000000000015 0.0000000122325199
0.7820000000000015 0.0000000296135365
0.7830000000000015 0.0000000462295689
0.7840000000000015 0.0000000616493811
0.7850000000000015 0.0000000754692770
0.7860000000000015 0.0000000873239066
0.7870000000000015 0.0000000968962460
0.7880000000000015 0.0000001039264804
0.7890000000000015 0.0000001082195278
0.7900000000000015 0.0000001096509824
0.7910000000000015 0.0000001081712880
0.7920000000000015 0.0000001038079902
0.7930000000000015 0.0000000966659685
0.7940000000000015 0.0000000869256032
0.7950000000000015 0.0000000748388753
0.7960000000000015 0.0000000607234661
0.7970000000000015 0.0000000449549728
0.7980000000000015 0.0000000279574076
0.7990000000000015 0.0000000101922072
0.8000000000000015 0.0000000078539815
0.8010000000000015 0.0000000256824267
0.8020000000000015 0.0000000427960077
0.8030000000000015 0.0000000587131087
0.8040000000000015 0.0000000729813325
0.8050000000000015 0.0000000851906363
0.8060000000000015 0.0000000949855162
0.8070000000000015 0.0000001020758616
0.8080000000000015 0.0000001062461508
0.8090000000000015 0.0000001073626771
0.8100000000000015 0.0000001053785567
0.8110000000000015 0.0000001003363206
0.8120000000000015 0.0000000923679563
0.8130000000000015 0.0000000816923382
0.8140000000000015 0.0000000686100621
0.8150000000000015 0.0000000534957675
0.8160000000000015 0.0000000367881156
0.8170000000000015 0.0000000189776692
0.8180000000000015 0.0000000005929755
0.8190000000000015 0.0000000178147684
0.8200000000000015 0.0000000356880439
0.8210000000000015 0.0000000524798595
0.8220000000000015 0.0000000676706227
0.8230000000000015 0.0000000807845174
0.8240000000000015 0.0000000914048701
0.8250000000000015 0.0000000991880033
0.8260000000000015 0.0000001038751072
0.8270000000000015 0.0000001053017022
0.8280000000000015 0.0000001034043364
0.8290000000000015 0.0000000982242308
0.8300000000000015 0.0000000899076718
0.8310000000000015 0.0000000787030558
0.8320000000000015 0.0000000649545856
0.8330000000000015 0.0000000490927313
0.8340000000000015 0.0000000316216773
0.8350000000000015 0.0000000131040796
0.8360000000000015 0.0000000058564407
0.8370000000000015 0.0000000246345568
0.8380000000000015 0.0000000426036529
0.8390000000000015 0.0000000591567591
0.8400000000000015 0.0000000737273092
0.8410000000000015 0.0000000858090210
0.8420000000000015 0.0000000949741966
0.8430000000000015 0.0000001008897699
0.8440000000000015 0.0000001033304895
0.8450000000000015 0.0000001021886867
0.8460000000000015 0.0000000974801949
0.8470000000000015 0.0000000893460926
0.8480000000000015 0.0000000780500790
0.8490000000000015 0.0000000639714456
0.8500000000000015 0.0000000475937497
0.8510000000000015 0.0000000294894674
0.8520000000000015 0.0000000103010470
0.8530000000000015 0.0000000092810645
0.8540000000000015 0.0000000285427158
0.8550000000000015 0.0000000467718506
0.8560000000000015 0.0000000632849122
0.8570000000000015 0.0000000774528841
0.8580000000000015 0.0000000887259890
0.8590000000000015 0.0000000966560658
0.8600000000000015 0.0000001009156991
0.8610000000000015 0.0000001013132631
0.8620000000000015 0.0000000978031592
0.8630000000000015 0.0000000904906903
0.8640000000000015 0.0000000796311861
0.8650000000000015 0.0000000656232232
0.8660000000000015 0.0000000489959872
0.8670000000000015 0.0000000303910773
0.8680000000000015 0.0000000105392748
0.8690000000000015 0.0000000097669669
0.8700000000000015 0.0000000297043556
0.8710000000000016 0.0000000484517777
0.8720000000000016 0.0000000652242237
0.8730000000000016 0.0000000793062505
0.8740000000000016 0.0000000900835607
0.8750000000000016 0.0000000970713067
0.8760000000000016 0.0000000999377837
0.8770000000000016 0.0000000985223264
0.8780000000000016 0.0000000928464076
0.8790000000000016 0.0000000831171887
0.8800000000000016 0.0000000697230592
0.8810000000000016 0.0000000532210434
0.8820000000000016 0.0000000343162958
0.8830000000000016 0.0000000138342708
0.8840000000000016 0.0000000073134709
0.8850000000000016 0.0000000281685488
0.8860000000000016 0.0000000477685498
0.8870000000000016 0.0000000651914894
0.8880000000000016 0.0000000795999519
0.8890000000000016 0.0000000902828246
0.8900000000000016 0.0000000966925306
0.8910000000000016 0.0000000984757938
0.8920000000000016 0.0000000954961557
0.8930000000000016 0.0000000878467648
0.8940000000000016 0.0000000758523783
0.8950000000000016 0.0000000600599611
0.8960000000000016 0.0000000412178185
0.8970000000000016 0.0000000202437697
0.8980000000000016 0.0000000018165530
0.8990000000000016 0.0000000238396139
0.9000000000000016 0.0000000446799138
0.9010000000000016 0.0000000632293409
0.9020000000000016 0.0000000784769630
0.9030000000000016 0.0000000895661014
0.9040000000000016 0.0000000958454798
0.9050000000000016 0.0000000969113522
0.9060000000000016 0.0000000926378265
0.9070000000000016 0.0000000831930786
0.9080000000000016 0.0000000690397800
0.9090000000000016 0.0000000509188634
0.9100000000000016 0.0000000298166276
0.9110000000000016 0.0000000069161559
0.9120000000000016 0.0000000164649990
0.9130000000000016 0.0000000389479787
0.9140000000000016 0.0000000591728820
0.9150000000000016 0.0000000758817139
0.9160000000000016 0.0000000879991087
0.9170000000000016 0.0000000947057120
0.9180000000000016 0.0000000954992006
0.9190000000000016 0.0000000902383209
0.9200000000000016 0.0000000791660558
0.9210000000000016 0.0000000629091220
0.9220000000000016 0.0000000424522871
0.9230000000000016 0.0000000190875777
0.9240000000000016 0.0000000056598786
0.9250000000000016 0.0000000301259056
0.9260000000000016 0.0000000526161090
0.9270000000000016 0.0000000715229178
0.9280000000000016 0.0000000854431548
0.9290000000000016 0.0000000932877552
0.9300000000000016 0.0000000943751149
0.9310000000000016 0.0000000885000051
0.9320000000000016 0.0000000759711079
0.9330000000000016 0.0000000576119515
0.9340000000000016 0.0000000347223856
0.9350000000000016 0.0000000090004976
0.9360000000000016 0.0000000175719790
0.9370000000000016 0.0000000428745363
0.9380000000000016 0.0000000648137170
0.9390000000000016 0.0000000814979536
0.9400000000000016 0.0000000914074811
0.9410000000000016 0.0000000935444289
0.9420000000000016 0.0000000875483166
0.9430000000000016 0.0000000737636955
0.9440000000000016 0.0000000532495077
0.9450000000000016 0.0000000277239114
0.9460000000000016 0.0000000005564065
0.9470000000000016 0.0000000289773350
0.9480000000000016 0.0000000547973668
0.9490000000000016 0.0000000754089045
0.9500000000000016 0.0000000886079457
0.9510000000000016 0.0000000928455511
0.9520000000000016 0.0000000874330458
0.9530000000000016 0.0000000726741611
0.9540000000000016 0.0000000499017010
0.9550000000000016 0.0000000214038035
0.9560000000000016 0.0000000097647367
0.9570000000000016 0.0000000400780259
0.9580000000000016 0.0000000659196922
0.9590000000000016 0.0000000840132744
0.9600000000000016 0.0000000918555568
0.9610000000000016 0.0000000880983877
0.9620000000000016 0.0000000728224540
0.9630000000000016 0.0000000476515837
0.9640000000000016 0.0000000156692006
0.9650000000000016 0.0000000188803428
0.9660000000000016 0.0000000510949611
0.9670000000000016 0.0000000760796467
0.9680000000000016 0.0000000896971929
0.9690000000000016 0.0000000893007361
0.9700000000000016 0.0000000743259348
0.9710000000000016 0.0000000466185247
0.9720000000000016 0.0000000103919484
0.9730000000000016 0.0000000282475119
0.9740000000000016 0.0000000622048341
0.9750000000000016 0.0000000846426443
0.9760000000000016 0.0000000903923797
0.9770000000000016 0.0000000772716215
0.9780000000000016 0.0000000469984981
0.9790000000000016 0.0000000053970494
0.9800000000000016 0.0000000383356427
0.9810000000000016 0.0000000733675561
0.9820000000000016 0.0000000897998214
0.9830000000000017 0.0000000815975751
0.9840000000000017 0.0000000491357530
0.9850000000000017 0.0000000004360350
0.9860000000000017 0.0000000497838348
0.9870000000000017 0.0000000837460084
0.9880000000000017 0.0000000866448896
0.9890000000000017 0.0000000536396073
0.9900000000000017 0.0000000048927416
0.9910000000000017 0.0000000633901596
0.9920000000000017 0.0000000895517674
0.9930000000000017 0.0000000615732683
0.9940000000000017 0.0000000113579802
0.9950000000000017 0.0000000793975637
0.9960000000000017 0.0000000744036649
0.9970000000000017 0.0000000208536325
0.9980000000000017 0.0000000892959427
0.9990000000000017 0.0000000403596281
