-1.0000000000000000 0.0437884212437652
-0.9990000000000000 0.0386308247364834
-0.9980000000000000 0.0336710922975679
-0.9970000000000000 0.0289049195833592
-0.9960000000000000 0.0243280640173079
-0.9950000000000000 0.0199363441692809
-0.9940000000000000 0.0157256391393219
-0.9930000000000000 0.0116918879458460
-0.9920000000000000 0.0078310889182446
-0.9910000000000000 0.0041392990938771
-0.9900000000000000 0.0006126336194292
-0.9890000000000000 0.0027527348433868
-0.9880000000000000 0.0059605767078087
-0.9870000000000000 0.0090146060477064
-0.9860000000000000 0.0119184811789839
-0.9850000000000000 0.0146758052367283
-0.9840000000000000 0.0172901267481265
-0.9830000000000000 0.0197649402011715
-0.9820000000000000 0.0221036866091802
-0.9810000000000000 0.0243097540711423
-0.9800000000000000 0.0263864783279278
-0.9790000000000000 0.0283371433143666
-0.9780000000000000 0.0301649817072293
-0.9770000000000000 0.0318731754691251
-0.9760000000000000 0.0334648563883417
-0.9750000000000000 0.0349431066146466
-0.9740000000000000 0.0363109591910714
-0.9730000000000000 0.0375713985817009
-0.9720000000000000 0.0387273611954874
-0.9710000000000000 0.0397817359061108
-0.9700000000000000 0.0407373645679070
-0.9690000000000000 0.0415970425278837
-0.9680000000000000 0.0423635191338449
-0.9670000000000000 0.0430394982386457
-0.9660000000000000 0.0436276387005967
-0.9650000000000000 0.0441305548800391
-0.9640000000000000 0.0445508171321117
-0.9630000000000000 0.0448909522957281
-0.9620000000000000 0.0451534441787873
-0.9610000000000000 0.0453407340396354
-0.9600000000000000 0.0454552210647999
-0.9590000000000000 0.0454992628430168
-0.9580000000000000 0.0454751758355693
-0.9570000000000000 0.0453852358429597
-0.9560000000000000 0.0452316784679331
-0.9550000000000000 0.0450166995748732
-0.9540000000000000 0.0447424557455901
-0.9530000000000000 0.0444110647315192
-0.9520000000000000 0.0440246059023518
-0.9510000000000000 0.0435851206911152
-0.9500000000000000 0.0430946130357242
-0.9490000000000000 0.0425550498170208
-0.9480000000000000 0.0419683612933230
-0.9470000000000000 0.0413364415315018
-0.9460000000000000 0.0406611488346051
-0.9450000000000000 0.0399443061660473
-0.9440000000000000 0.0391877015703851
-0.9429999999999999 0.0383930885906962
-0.9419999999999999 0.0375621866825826
-0.9409999999999999 0.0366966816248138
-0.9399999999999999 0.0357982259266321
-0.9389999999999999 0.0348684392317367
-0.9379999999999999 0.0339089087189652
-0.9369999999999999 0.0329211894996923
-0.9359999999999999 0.0319068050119620
-0.9349999999999999 0.0308672474113745
-0.9339999999999999 0.0298039779587437
-0.9329999999999999 0.0287184274045449
-0.9319999999999999 0.0276119963701697
-0.9309999999999999 0.0264860557260084
-0.9299999999999999 0.0253419469663745
-0.9289999999999999 0.0241809825812938
-0.9279999999999999 0.0230044464251711
-0.9269999999999999 0.0218135940823560
-0.9259999999999999 0.0206096532296244
-0.9249999999999999 0.0193938239955927
-0.9239999999999999 0.0181672793170831
-0.9229999999999999 0.0169311652924583
-0.9219999999999999 0.0156866015319404
-0.9209999999999999 0.0144346815049352
-0.9199999999999999 0.0131764728843760
-0.9189999999999999 0.0119130178881061
-0.9179999999999999 0.0106453336173166
-0.9169999999999999 0.0093744123920565
-0.9159999999999999 0.0081012220838328
-0.9149999999999999 0.0068267064453168
-0.9139999999999999 0.0055517854371742
-0.9129999999999999 0.0042773555520362
-0.9119999999999999 0.0030042901356269
-0.9109999999999999 0.0017334397050664
-0.9099999999999999 0.0004656322643628
-0.9089999999999999 0.0007983263828865
-0.9079999999999999 0.0020576523235707
-0.9069999999999999 0.0033115832279001
-0.9059999999999999 0.0045593780449843
-0.9049999999999999 0.0058003167011362
-0.9039999999999999 0.0070336998008873
-0.9029999999999999 0.0082588483306959
-0.9019999999999999 0.0094751033653341
-0.9009999999999999 0.0106818257769362
-0.8999999999999999 0.0118783959466922
-0.8989999999999999 0.0130642134791721
-0.8979999999999999 0.0142386969192629
-0.8969999999999999 0.0154012834717040
-0.8959999999999999 0.0165514287232046
-0.8949999999999999 0.0176886063671274
-0.8939999999999999 0.0188123079307226
-0.8929999999999999 0.0199220425048975
-0.8919999999999999 0.0210173364765056
-0.8909999999999999 0.0220977332631385
-0.8899999999999999 0.0231627930504079
-0.8889999999999999 0.0242120925317002
-0.8879999999999999 0.0252452246503883
-0.8869999999999999 0.0262617983444872
-0.8859999999999999 0.0272614382937357
-0.8849999999999999 0.0282437846690923
-0.8839999999999999 0.0292084928846264
-0.8829999999999999 0.0301552333517929
-0.8819999999999999 0.0310836912360741
-0.8809999999999999 0.0319935662159736
-0.8799999999999999 0.0328845722443484
-0.8789999999999999 0.0337564373120633
-0.8779999999999999 0.0346089032139541
-0.8769999999999999 0.0354417253170842
-0.8759999999999999 0.0362546723312800
-0.8749999999999999 0.0370475260819308
-0.8739999999999999 0.0378200812850390
-0.8729999999999999 0.0385721453245064
-0.8719999999999999 0.0393035380316400
-0.8709999999999999 0.0400140914668674
-0.8699999999999999 0.0407036497036432
-0.8689999999999999 0.0413720686145344
-0.8679999999999999 0.0420192156594711
-0.8669999999999999 0.0426449696761473
-0.8659999999999999 0.0432492206725579
-0.8649999999999999 0.0438318696216587
-0.8639999999999999 0.0443928282581361
-0.8629999999999999 0.0449320188772698
-0.8619999999999999 0.0454493741358786
-0.8609999999999999 0.0459448368553331
-0.8599999999999999 0.0464183598266220
-0.8589999999999999 0.0468699056174591
-0.8579999999999999 0.0472994463814178
-0.8569999999999999 0.0477069636690776
-0.8559999999999999 0.0480924482411717
-0.8549999999999999 0.0484558998837214
-0.8539999999999999 0.0487973272251429
-0.8529999999999999 0.0491167475553151
-0.8519999999999999 0.0494141866465943
-0.8509999999999999 0.0496896785767625
-0.8499999999999999 0.0499432655538968
-0.8489999999999999 0.0501749977431462
-0.8479999999999999 0.0503849330954043
-0.8469999999999999 0.0505731371778626
-0.8459999999999999 0.0507396830064343
-0.8449999999999999 0.0508846508800335
-0.8439999999999999 0.0510081282166988
-0.8429999999999999 0.0511102093915476
-0.8419999999999999 0.0511909955765483
-0.8409999999999999 0.0512505945820999
-0.8399999999999999 0.0512891207004029
-0.8389999999999999 0.0513066945506129
-0.8379999999999999 0.0513034429257616
-0.8369999999999999 0.0512794986414348
-0.8359999999999999 0.0512350003861932
-0.8349999999999999 0.0511700925737263
-0.8339999999999999 0.0510849251967245
-0.8329999999999999 0.0509796536824600
-0.8319999999999999 0.0508544387500613
-0.8309999999999998 0.0507094462694726
-0.8299999999999998 0.0505448471220837
-0.8289999999999998 0.0503608170630198
-0.8279999999999998 0.0501575365850784
-0.8269999999999998 0.0499351907843029
-0.8259999999999998 0.0496939692271791
-0.8249999999999998 0.0494340658194451
-0.8239999999999998 0.0491556786765017
-0.8229999999999998 0.0488590099954115
-0.8219999999999998 0.0485442659284763
-0.8209999999999998 0.0482116564583803
-0.8199999999999998 0.0478613952748881
-0.8189999999999998 0.0474936996530861
-0.8179999999999998 0.0471087903331555
-0.8169999999999998 0.0467068914016674
-0.8159999999999998 0.0462882301743853
-0.8149999999999998 0.0458530370805684
-0.8139999999999998 0.0454015455487600
-0.8129999999999998 0.0449339918940535
-0.8119999999999998 0.0444506152068231
-0.8109999999999998 0.0439516572429088
-0.8099999999999998 0.0434373623152443
-0.8089999999999998 0.0429079771869181
-0.8079999999999998 0.0423637509656560
-0.8069999999999998 0.0418049349997135
-0.8059999999999998 0.0412317827751701
-0.8049999999999998 0.0406445498146116
-0.8039999999999998 0.0400434935771922
-0.8029999999999998 0.0394288733600641
-0.8019999999999998 0.0388009502011662
-0.8009999999999998 0.0381599867833588
-0.7999999999999998 0.0375062473398958
-0.7989999999999998 0.0368399975612243
-0.7979999999999998 0.0361615045030984
-0.7969999999999998 0.0354710364960018
-0.7959999999999998 0.0347688630558634
-0.7949999999999998 0.0340552547960608
-0.7939999999999998 0.0333304833406977
-0.7929999999999998 0.0325948212391479
-0.7919999999999998 0.0318485418818539
-0.7909999999999998 0.0310919194173713
-0.7899999999999998 0.0303252286706492
-0.7889999999999998 0.0295487450625347
-0.7879999999999998 0.0287627445304956
-0.7869999999999998 0.0279675034505468
-0.7859999999999998 0.0271632985603747
-0.7849999999999998 0.0263504068836469
-0.7839999999999998 0.0255291056555004
-0.7829999999999998 0.0246996722491955
-0.7819999999999998 0.0238623841039292
-0.7809999999999998 0.0230175186537958
-0.7799999999999998 0.0221653532578862
-0.7789999999999998 0.0213061651315186
-0.7779999999999998 0.0204402312785868
-0.7769999999999998 0.0195678284250211
-0.7759999999999998 0.0186892329533503
-0.7749999999999998 0.0178047208383558
-0.7739999999999998 0.0169145675838091
-0.7729999999999998 0.0160190481602836
-0.7719999999999998 0.0151184369440305
-0.7709999999999998 0.0142130076569119
-0.7699999999999998 0.0133030333073801
-0.7689999999999998 0.0123887861324945
-0.7679999999999998 0.0114705375409686
-0.7669999999999998 0.0105485580572368
-0.7659999999999998 0.0096231172665323
-0.7649999999999998 0.0086944837609685
-0.7639999999999998 0.0077629250866132
-0.7629999999999998 0.0068287076915497
-0.7619999999999998 0.0058920968749125
-0.7609999999999998 0.0049533567368932
-0.7599999999999998 0.0040127501297047
-0.7589999999999998 0.0030705386094962
-0.7579999999999998 0.0021269823892118
-0.7569999999999998 0.0011823402923828
-0.7559999999999998 0.0002368697078450
-0.7549999999999998 0.0007091734546248
-0.7539999999999998 0.0016555348077645
-0.7529999999999998 0.0026019615293812
-0.7519999999999998 0.0035482024040122
-0.7509999999999998 0.0044940078637025
-0.7499999999999998 0.0054391300279043
-0.7489999999999998 0.0063833227425098
-0.7479999999999998 0.0073263416180220
-0.7469999999999998 0.0082679440668740
-0.7459999999999998 0.0092078893399033
-0.7449999999999998 0.0101459385619900
-0.7439999999999998 0.0110818547668652
-0.7429999999999998 0.0120154029310997
-0.7419999999999998 0.0129463500072787
-0.7409999999999998 0.0138744649563712
-0.7399999999999998 0.0147995187793015
-0.7389999999999998 0.0157212845477308
-0.7379999999999998 0.0166395374340562
-0.7369999999999998 0.0175540547406348
-0.7359999999999998 0.0184646159282395
-0.7349999999999998 0.0193710026437565
-0.7339999999999998 0.0202729987471282
-0.7329999999999998 0.0211703903375531
-0.7319999999999998 0.0220629657789455
-0.7309999999999998 0.0229505157246674
-0.7299999999999998 0.0238328331415345
-0.7289999999999998 0.0247097133331087
-0.7279999999999998 0.0255809539622796
-0.7269999999999998 0.0264463550731461
-0.7259999999999998 0.0273057191122028
-0.7249999999999998 0.0281588509488384
-0.7239999999999998 0.0290055578951549
-0.7229999999999998 0.0298456497251122
-0.7219999999999998 0.0306789386930076
-0.7209999999999998 0.0315052395512940
-0.7199999999999998 0.0323243695677473
-0.7189999999999998 0.0331361485419866
-0.7179999999999997 0.0339403988213558
-0.7169999999999997 0.0347369453161735
-0.7159999999999997 0.0355256155143564
-0.7149999999999997 0.0363062394954248
-0.7139999999999997 0.0370786499438951
-0.7129999999999997 0.0378426821620670
-0.7119999999999997 0.0385981740822121
-0.7109999999999997 0.0393449662781691
-0.7099999999999997 0.0400829019763539
-0.7089999999999997 0.0408118270661893
-0.7079999999999997 0.0415315901099626
-0.7069999999999997 0.0422420423521153
-0.7059999999999997 0.0429430377279732
-0.7049999999999997 0.0436344328719220
-0.7039999999999997 0.0443160871250351
-0.7029999999999997 0.0449878625421603
-0.7019999999999997 0.0456496238984699
-0.7009999999999997 0.0463012386954830
-0.6999999999999997 0.0469425771665633
-0.6989999999999997 0.0475735122819010
-0.6979999999999997 0.0481939197529826
-0.6969999999999997 0.0488036780365569
-0.6959999999999997 0.0494026683381004
-0.6949999999999997 0.0499907746147916
-0.6939999999999997 0.0505678835779959
-0.6929999999999997 0.0511338846952710
-0.6919999999999997 0.0516886701918960
-0.6909999999999997 0.0522321350519307
-0.6899999999999997 0.0527641770188110
-0.6889999999999997 0.0532846965954864
-0.6879999999999997 0.0537935970441050
-0.6869999999999997 0.0542907843852507
-0.6859999999999997 0.0547761673967406
-0.6849999999999997 0.0552496576119850
-0.6839999999999997 0.0557111693179193
-0.6829999999999997 0.0561606195525089
-0.6819999999999997 0.0565979281018373
-0.6809999999999997 0.0570230174967787
-0.6799999999999997 0.0574358130092632
-0.6789999999999997 0.0578362426481391
-0.6779999999999997 0.0582242371546367
-0.6769999999999997 0.0585997299974413
-0.6759999999999997 0.0589626573673781
-0.6749999999999997 0.0593129581717153
-0.6739999999999997 0.0596505740280914
-0.6729999999999997 0.0599754492580704
-0.6719999999999997 0.0602875308803313
-0.6709999999999997 0.0605867686034960
-0.6699999999999997 0.0608731148186012
-0.6689999999999997 0.0611465245912194
-0.6679999999999997 0.0614069556532337
-0.6669999999999997 0.0616543683942721
-0.6659999999999997 0.0618887258528046
-0.6649999999999997 0.0621099937069101
-0.6639999999999997 0.0623181402647164
-0.6629999999999997 0.0625131364545186
-0.6619999999999997 0.0626949558145814
-0.6609999999999997 0.0628635744826288
-0.6599999999999997 0.0630189711850274
-0.6589999999999997 0.0631611272256660
-0.6579999999999997 0.0632900264745386
-0.6569999999999997 0.0634056553560339
-0.6559999999999997 0.0635080028369362
-0.6549999999999997 0.0635970604141418
-0.6539999999999997 0.0636728221020975
-0.6529999999999997 0.0637352844199622
-0.6519999999999997 0.0637844463785006
-0.6509999999999997 0.0638203094667081
-0.6499999999999997 0.0638428776381768
-0.6489999999999997 0.0638521572972029
-0.6479999999999997 0.0638481572846421
-0.6469999999999997 0.0638308888635160
-0.6459999999999997 0.0638003657043747
-0.6449999999999997 0.0637566038704204
-0.6439999999999997 0.0636996218023935
-0.6429999999999997 0.0636294403032296
-0.6419999999999997 0.0635460825224876
-0.6409999999999997 0.0634495739405557
-0.6399999999999997 0.0633399423526384
-0.6389999999999997 0.0632172178525282
-0.6379999999999997 0.0630814328161675
-0.6369999999999997 0.0629326218850026
-0.6359999999999997 0.0627708219491363
-0.6349999999999997 0.0625960721302806
-0.6339999999999997 0.0624084137645158
-0.6329999999999997 0.0622078903848575
-0.6319999999999997 0.0619945477036380
-0.6309999999999997 0.0617684335947028
-0.6299999999999997 0.0615295980754301
-0.6289999999999997 0.0612780932885730
-0.6279999999999997 0.0610139734839308
-0.6269999999999997 0.0607372949998519
-0.6259999999999997 0.0604481162445731
-0.6249999999999997 0.0601464976773981
-0.6239999999999997 0.0598325017897184
-0.6229999999999997 0.0595061930858821
-0.6219999999999997 0.0591676380639125
-0.6209999999999997 0.0588169051960800
-0.6199999999999997 0.0584540649093328
-0.6189999999999997 0.0580791895655874
-0.6179999999999997 0.0576923534418841
-0.6169999999999997 0.0572936327104108
-0.6159999999999997 0.0568831054183966
-0.6149999999999997 0.0564608514678830
-0.6139999999999997 0.0560269525953702
-0.6129999999999997 0.0555814923513467
-0.6119999999999997 0.0551245560797038
-0.6109999999999997 0.0546562308970375
-0.6099999999999997 0.0541766056718421
-0.6089999999999997 0.0536857710035986
-0.6079999999999997 0.0531838192017612
-0.6069999999999997 0.0526708442646440
-0.6059999999999997 0.0521469418582132
-0.6049999999999996 0.0516122092947861
-0.6039999999999996 0.0510667455116400
-0.6029999999999996 0.0505106510495359
-0.6019999999999996 0.0499440280311582
-0.6009999999999996 0.0493669801394740
-0.5999999999999996 0.0487796125960156
-0.5989999999999996 0.0481820321390882
-0.5979999999999996 0.0475743470019068
-0.5969999999999996 0.0469566668906642
-0.5959999999999996 0.0463291029625339
-0.5949999999999996 0.0456917678036102
-0.5939999999999996 0.0450447754067886
-0.5929999999999996 0.0443882411495896
-0.5919999999999996 0.0437222817719278
-0.5909999999999996 0.0430470153538300
-0.5899999999999996 0.0423625612931054
-0.5889999999999996 0.0416690402829685
-0.5879999999999996 0.0409665742896207
-0.5869999999999996 0.0402552865297898
-0.5859999999999996 0.0395353014482335
-0.5849999999999996 0.0388067446952056
-0.5839999999999996 0.0380697431038922
-0.5829999999999996 0.0373244246678158
-0.5819999999999996 0.0365709185182138
-0.5809999999999996 0.0358093549013908
-0.5799999999999996 0.0350398651560495
-0.5789999999999996 0.0342625816906020
-0.5779999999999996 0.0334776379604627
-0.5769999999999996 0.0326851684453273
-0.5759999999999996 0.0318853086264393
-0.5749999999999996 0.0310781949638460
-0.5739999999999996 0.0302639648736473
-0.5729999999999996 0.0294427567052390
-0.5719999999999996 0.0286147097185531
-0.5709999999999996 0.0277799640612975
-0.5699999999999996 0.0269386607461975
-0.5689999999999996 0.0260909416282410
-0.5679999999999996 0.0252369493819296
-0.5669999999999996 0.0243768274785391
-0.5659999999999996 0.0235107201633890
-0.5649999999999996 0.0226387724331262
-0.5639999999999996 0.0217611300130225
-0.5629999999999996 0.0208779393342897
-0.5619999999999996 0.0199893475114142
-0.5609999999999996 0.0190955023195115
-0.5599999999999996 0.0181965521717053
-0.5589999999999996 0.0172926460965316
-0.5579999999999996 0.0163839337153695
-0.5569999999999996 0.0154705652199021
-0.5559999999999996 0.0145526913496086
-0.5549999999999996 0.0136304633692891
-0.5539999999999996 0.0127040330466260
-0.5529999999999996 0.0117735526297804
-0.5519999999999996 0.0108391748250298
-0.5509999999999996 0.0099010527744450
-0.5499999999999996 0.0089593400336110
-0.5489999999999996 0.0080141905493915
-0.5479999999999996 0.0070657586377406
-0.5469999999999996 0.0061141989615619
-0.5459999999999996 0.0051596665086187
-0.5449999999999996 0.0042023165694947
-0.5439999999999996 0.0032423047156090
-0.5429999999999996 0.0022797867772860
-0.5419999999999996 0.0013149188218821
-0.5409999999999996 0.0003478571319708
-0.5399999999999996 0.0006212418164113
-0.5389999999999996 0.0015922213754578
-0.5379999999999996 0.0025649247472211
-0.5369999999999996 0.0035391950051775
-0.5359999999999996 0.0045148751157241
-0.5349999999999996 0.0054918079596086
-0.5339999999999996 0.0064698363532892
-0.5329999999999996 0.0074488030702229
-0.5319999999999996 0.0084285508620821
-0.5309999999999996 0.0094089224798951
-0.5299999999999996 0.0103897606951137
-0.5289999999999996 0.0113709083206010
-0.5279999999999996 0.0123522082315424
-0.5269999999999996 0.0133335033862765
-0.5259999999999996 0.0143146368470438
-0.5249999999999996 0.0152954518006538
-0.5239999999999996 0.0162757915790674
-0.5229999999999996 0.0172554996798946
-0.5219999999999996 0.0182344197868047
-0.5209999999999996 0.0192123957898495
-0.5199999999999996 0.0201892718056962
-0.5189999999999996 0.0211648921977710
-0.5179999999999996 0.0221391015963101
-0.5169999999999996 0.0231117449183181
-0.5159999999999996 0.0240826673874323
-0.5149999999999996 0.0250517145536914
-0.5139999999999996 0.0260187323132078
-0.5129999999999996 0.0269835669277425
-0.5119999999999996 0.0279460650441806
-0.5109999999999996 0.0289060737139076
-0.5099999999999996 0.0298634404120839
-0.5089999999999996 0.0308180130568177
-0.5079999999999996 0.0317696400282346
-0.5069999999999996 0.0327181701874429
-0.5059999999999996 0.0336634528953934
-0.5049999999999996 0.0346053380316334
-0.5039999999999996 0.0355436760129526
-0.5029999999999996 0.0364783178119216
-0.5019999999999996 0.0374091149753205
-0.5009999999999996 0.0383359196424573
-0.4999999999999996 0.0392585845633754
-0.4989999999999996 0.0401769631169485
-0.4979999999999996 0.0410909093288632
-0.4969999999999996 0.0420002778894870
-0.4959999999999996 0.0429049241716217
-0.4949999999999996 0.0438047042481413
-0.4939999999999996 0.0446994749095133
-0.4929999999999995 0.0455890936812026
-0.4919999999999995 0.0464734188409568
-0.4909999999999995 0.0473523094359737
-0.4899999999999995 0.0482256252999475
-0.4889999999999995 0.0490932270699957
-0.4879999999999995 0.0499549762034639
-0.4869999999999995 0.0508107349946093
-0.4859999999999995 0.0516603665911602
-0.4849999999999995 0.0525037350107532
-0.4839999999999995 0.0533407051572457
-0.4829999999999995 0.0541711428369033
-0.4819999999999995 0.0549949147744620
-0.4809999999999995 0.0558118886290636
-0.4799999999999995 0.0566219330100648
-0.4789999999999995 0.0574249174927184
-0.4779999999999995 0.0582207126337263
-0.4769999999999995 0.0590091899866642
-0.4759999999999995 0.0597902221172758
-0.4749999999999995 0.0605636826186388
-0.4739999999999995 0.0613294461261986
-0.4729999999999995 0.0620873883326718
-0.4719999999999995 0.0628373860028182
-0.4709999999999995 0.0635793169880800
-0.4699999999999995 0.0643130602410890
-0.4689999999999995 0.0650384958300399
-0.4679999999999995 0.0657555049529308
-0.4669999999999995 0.0664639699516680
-0.4659999999999995 0.0671637743260381
-0.4649999999999995 0.0678548027475435
-0.4639999999999995 0.0685369410731028
-0.4629999999999995 0.0692100763586154
-0.4619999999999995 0.0698740968723891
-0.4609999999999995 0.0705288921084316
-0.4599999999999995 0.0711743527996040
-0.4589999999999995 0.0718103709306375
-0.4579999999999995 0.0724368397510107
-0.4569999999999995 0.0730536537876902
-0.4559999999999995 0.0736607088577310
-0.4549999999999995 0.0742579020807388
-0.4539999999999995 0.0748451318911920
-0.4529999999999995 0.0754222980506242
-0.4519999999999995 0.0759893016596674
-0.4509999999999995 0.0765460451699532
-0.4499999999999995 0.0770924323958745
-0.4489999999999995 0.0776283685262059
-0.4479999999999995 0.0781537601355824
-0.4469999999999995 0.0786685151958372
-0.4459999999999995 0.0791725430871969
-0.4449999999999995 0.0796657546093354
-0.4439999999999995 0.0801480619922844
-0.4429999999999995 0.0806193789072027
-0.4419999999999995 0.0810796204770017
-0.4409999999999995 0.0815287032868278
-0.4399999999999995 0.0819665453944025
-0.4389999999999995 0.0823930663402176
-0.4379999999999995 0.0828081871575886
-0.4369999999999995 0.0832118303825626
-0.4359999999999995 0.0836039200636831
-0.4349999999999995 0.0839843817716102
-0.4339999999999995 0.0843531426085971
-0.4329999999999995 0.0847101312178210
-0.4319999999999995 0.0850552777925700
-0.4309999999999995 0.0853885140852859
-0.4299999999999995 0.0857097734164602
-0.4289999999999995 0.0860189906833871
-0.4279999999999995 0.0863161023687697
-0.4269999999999995 0.0866010465491811
-0.4259999999999995 0.0868737629033815
-0.4249999999999995 0.0871341927204876
-0.4239999999999995 0.0873822789079981
-0.4229999999999995 0.0876179659996722
-0.4219999999999995 0.0878412001632629
-0.4209999999999995 0.0880519292081044
-0.4199999999999995 0.0882501025925532
-0.4189999999999995 0.0884356714312828
-0.4179999999999995 0.0886085885024332
-0.4169999999999995 0.0887688082546128
-0.4159999999999995 0.0889162868137552
-0.4149999999999995 0.0890509819898289
-0.4139999999999995 0.0891728532834006
-0.4129999999999995 0.0892818618920521
-0.4119999999999995 0.0893779707166505
-0.4109999999999995 0.0894611443674724
-0.4099999999999995 0.0895313491701799
-0.4089999999999995 0.0895885531716522
-0.4079999999999995 0.0896327261456674
-0.4069999999999995 0.0896638395984406
-0.4059999999999995 0.0896818667740125
-0.4049999999999995 0.0896867826594936
-0.4039999999999995 0.0896785639901583
-0.4029999999999995 0.0896571892543954
-0.4019999999999995 0.0896226386985089
-0.4009999999999995 0.0895748943313731
-0.3999999999999995 0.0895139399289404
-0.3989999999999995 0.0894397610386011
-0.3979999999999995 0.0893523449833974
-0.3969999999999995 0.0892516808660885
-0.3959999999999995 0.0891377595730701
-0.3949999999999995 0.0890105737781451
-0.3939999999999995 0.0888701179461476
-0.3929999999999995 0.0887163883364193
-0.3919999999999995 0.0885493830061387
-0.3909999999999995 0.0883691018135019
-0.3899999999999995 0.0881755464207566
-0.3889999999999995 0.0879687202970884
-0.3879999999999995 0.0877486287213584
-0.3869999999999995 0.0875152787846942
-0.3859999999999995 0.0872686793929318
-0.3849999999999995 0.0870088412689108
-0.3839999999999995 0.0867357769546199
-0.3829999999999995 0.0864495008131962
-0.3819999999999995 0.0861500290307743
-0.3809999999999995 0.0858373796181884
-0.3799999999999994 0.0855115724125249
-0.3789999999999994 0.0851726290785275
-0.3779999999999994 0.0848205731098522
-0.3769999999999994 0.0844554298301752
-0.3759999999999994 0.0840772263941494
-0.3749999999999994 0.0836859917882141
-0.3739999999999994 0.0832817568312544
-0.3729999999999994 0.0828645541751105
-0.3719999999999994 0.0824344183049378
-0.3709999999999994 0.0819913855394183
-0.3699999999999994 0.0815354940308194
-0.3689999999999994 0.0810667837649052
-0.3679999999999994 0.0805852965606953
-0.3669999999999994 0.0800910760700733
-0.3659999999999994 0.0795841677772451
-0.3649999999999994 0.0790646189980455
-0.3639999999999994 0.0785324788790925
-0.3629999999999994 0.0779877983967910
-0.3619999999999994 0.0774306303561838
-0.3609999999999994 0.0768610293896501
-0.3599999999999994 0.0762790519554512
-0.3589999999999994 0.0756847563361237
-0.3579999999999994 0.0750782026367182
-0.3569999999999994 0.0744594527828849
-0.3559999999999994 0.0738285705188049
-0.3549999999999994 0.0731856214049660
-0.3539999999999994 0.0725306728157846
-0.3529999999999994 0.0718637939370710
-0.3519999999999994 0.0711850557633389
-0.3509999999999994 0.0704945310949588
-0.3499999999999994 0.0697922945351535
-0.3489999999999994 0.0690784224868364
-0.3479999999999994 0.0683529931492923
-0.3469999999999994 0.0676160865146976
-0.3459999999999994 0.0668677843644830
-0.3449999999999994 0.0661081702655353
-0.3439999999999994 0.0653373295662380
-0.3429999999999994 0.0645553493923520
-0.3419999999999994 0.0637623186427326
-0.3409999999999994 0.0629583279848849
-0.3399999999999994 0.0621434698503547
-0.3389999999999994 0.0613178384299556
-0.3379999999999994 0.0604815296688310
-0.3369999999999994 0.0596346412613492
-0.3359999999999994 0.0587772726458327
-0.3349999999999994 0.0579095249991187
-0.3339999999999994 0.0570315012309514
-0.3329999999999994 0.0561433059782042
-0.3319999999999994 0.0552450455989311
-0.3309999999999994 0.0543368281662466
-0.3299999999999994 0.0534187634620323
-0.3289999999999994 0.0524909629704699
-0.3279999999999994 0.0515535398713985
-0.3269999999999994 0.0506066090334961
-0.3259999999999994 0.0496502870072827
-0.3249999999999994 0.0486846920179460
-0.3239999999999994 0.0477099439579850
-0.3229999999999994 0.0467261643796738
-0.3219999999999994 0.0457334764873418
-0.3209999999999994 0.0447320051294690
-0.3199999999999994 0.0437218767905971
-0.3189999999999994 0.0427032195830519
-0.3179999999999994 0.0416761632384768
-0.3169999999999994 0.0406408390991776
-0.3159999999999994 0.0395973801092726
-0.3149999999999994 0.0385459208056513
-0.3139999999999994 0.0374865973087362
-0.3129999999999994 0.0364195473130473
-0.3119999999999994 0.0353449100775683
-0.3109999999999994 0.0342628264159109
-0.3099999999999994 0.0331734386862764
-0.3089999999999994 0.0320768907812122
-0.3079999999999994 0.0309733281171617
-0.3069999999999994 0.0298628976238046
-0.3059999999999994 0.0287457477331857
-0.3049999999999994 0.0276220283686306
-0.3039999999999994 0.0264918909334466
-0.3029999999999994 0.0253554882994024
-0.3019999999999994 0.0242129747949916
-0.3009999999999994 0.0230645061934692
-0.2999999999999994 0.0219102397006657
-0.2989999999999994 0.0207503339425718
-0.2979999999999994 0.0195849489526923
-0.2969999999999994 0.0184142461591676
-0.2959999999999994 0.0172383883716585
-0.2949999999999994 0.0160575397679924
-0.2939999999999994 0.0148718658805678
-0.2929999999999994 0.0136815335825138
-0.2919999999999994 0.0124867110736024
-0.2909999999999994 0.0112875678659095
-0.2899999999999994 0.0100842747692228
-0.2889999999999994 0.0088770038761913
-0.2879999999999994 0.0076659285472160
-0.2869999999999994 0.0064512233950755
-0.2859999999999994 0.0052330642692849
-0.2849999999999994 0.0040116282401842
-0.2839999999999994 0.0027870935827525
-0.2829999999999994 0.0015596397601441
-0.2819999999999994 0.0003294474069426
-0.2809999999999994 0.0009033016878690
-0.2799999999999994 0.0021384245982293
-0.2789999999999994 0.0033757372786108
-0.2779999999999994 0.0046150545819311
-0.2769999999999994 0.0058561902777636
-0.2759999999999994 0.0070989570708553
-0.2749999999999994 0.0083431666199529
-0.2739999999999994 0.0095886295569438
-0.2729999999999994 0.0108351555063149
-0.2719999999999994 0.0120825531049337
-0.2709999999999994 0.0133306300221589
-0.2699999999999994 0.0145791929802800
-0.2689999999999994 0.0158280477752956
-0.2679999999999993 0.0170769992980326
-0.2669999999999993 0.0183258515556114
-0.2659999999999993 0.0195744076932622
-0.2649999999999993 0.0208224700164985
-0.2639999999999993 0.0220698400136499
-0.2629999999999993 0.0233163183787641
-0.2619999999999993 0.0245617050348771
-0.2609999999999993 0.0258057991576630
-0.2599999999999993 0.0270483991994652
-0.2589999999999993 0.0282893029137152
-0.2579999999999993 0.0295283073797438
-0.2569999999999993 0.0307652090279931
-0.2559999999999993 0.0319998036656309
-0.2549999999999993 0.0332318865025759
-0.2539999999999993 0.0344612521779400
-0.2529999999999993 0.0356876947868897
-0.2519999999999993 0.0369110079079381
-0.2509999999999993 0.0381309846306678
-0.2499999999999993 0.0393474175838958
-0.2489999999999993 0.0405600989642818
-0.2479999999999993 0.0417688205653904
-0.2469999999999993 0.0429733738072101
-0.2459999999999993 0.0441735497661355
-0.2449999999999993 0.0453691392054227
-0.2439999999999993 0.0465599326061191
-0.2429999999999993 0.0477457201984771
-0.2419999999999993 0.0489262919938570
-0.2409999999999993 0.0501014378171269
-0.2399999999999993 0.0512709473395627
-0.2389999999999993 0.0524346101122599
-0.2379999999999993 0.0535922156000577
-0.2369999999999993 0.0547435532159867
-0.2359999999999993 0.0558884123562445
-0.2349999999999993 0.0570265824357058
-0.2339999999999993 0.0581578529239736
-0.2329999999999993 0.0592820133819793
-0.2319999999999993 0.0603988534991353
-0.2309999999999993 0.0615081631310497
-0.2299999999999993 0.0626097323378080
-0.2289999999999993 0.0637033514228276
-0.2279999999999993 0.0647888109722931
-0.2269999999999993 0.0658659018951767
-0.2259999999999993 0.0669344154638534
-0.2249999999999993 0.0679941433553118
-0.2239999999999993 0.0690448776929723
-0.2229999999999993 0.0700864110891146
-0.2219999999999993 0.0711185366879232
-0.2209999999999993 0.0721410482091548
-0.2199999999999993 0.0731537399924345
-0.2189999999999993 0.0741564070421856
-0.2179999999999993 0.0751488450731997
-0.2169999999999993 0.0761308505568508
-0.2159999999999993 0.0771022207679608
-0.2149999999999993 0.0780627538323189
-0.2139999999999993 0.0790122487748612
-0.2129999999999993 0.0799505055685157
-0.2119999999999993 0.0808773251837153
-0.2109999999999993 0.0817925096385855
-0.2099999999999993 0.0826958620498082
-0.2089999999999993 0.0835871866841667
-0.2079999999999993 0.0844662890107766
-0.2069999999999993 0.0853329757540022
-0.2059999999999993 0.0861870549470663
-0.2049999999999993 0.0870283359863507
-0.2039999999999993 0.0878566296863942
-0.2029999999999993 0.0886717483355872
-0.2019999999999993 0.0894735057525651
-0.2009999999999993 0.0902617173433020
-0.1999999999999993 0.0910362001589069
-0.1989999999999993 0.0917967729541180
-0.1979999999999993 0.0925432562465015
-0.1969999999999993 0.0932754723763479
-0.1959999999999993 0.0939932455672711
-0.1949999999999993 0.0946964019875017
-0.1939999999999993 0.0953847698118797
-0.1929999999999993 0.0960581792845371
-0.1919999999999993 0.0967164627822725
-0.1909999999999993 0.0973594548786106
-0.1899999999999993 0.0979869924085440
-0.1889999999999993 0.0985989145339491
-0.1879999999999993 0.0991950628096757
-0.1869999999999993 0.0997752812502978
-0.1859999999999993 0.1003394163975212
-0.1849999999999993 0.1008873173882414
-0.1839999999999993 0.1014188360232391
-0.1829999999999993 0.1019338268365063
-0.1819999999999993 0.1024321471651918
-0.1809999999999993 0.1029136572201544
-0.1799999999999993 0.1033782201571128
-0.1789999999999993 0.1038257021483761
-0.1779999999999993 0.1042559724551425
-0.1769999999999993 0.1046689035003532
-0.1759999999999993 0.1050643709420799
-0.1749999999999993 0.1054422537474327
-0.1739999999999993 0.1058024342669690
-0.1729999999999993 0.1061447983095827
-0.1719999999999993 0.1064692352178550
-0.1709999999999993 0.1067756379438414
-0.1699999999999993 0.1070639031252770
-0.1689999999999993 0.1073339311621690
-0.1679999999999993 0.1075856262937583
-0.1669999999999993 0.1078188966758149
-0.1659999999999993 0.1080336544582462
-0.1649999999999993 0.1082298158629830
-0.1639999999999993 0.1084073012621160
-0.1629999999999993 0.1085660352562452
-0.1619999999999993 0.1087059467530149
-0.1609999999999993 0.1088269690457905
-0.1599999999999993 0.1089290398924475
-0.1589999999999993 0.1090121015942294
-0.1579999999999993 0.1090761010746335
-0.1569999999999993 0.1091209899582873
-0.1559999999999993 0.1091467246497656
-0.1549999999999992 0.1091532664123093
-0.1539999999999992 0.1091405814463916
-0.1529999999999992 0.1091086409680917
-0.1519999999999992 0.1090574212872147
-0.1509999999999992 0.1089869038851168
-0.1499999999999992 0.1088970754921711
-0.1489999999999992 0.1087879281648262
-0.1479999999999992 0.1086594593621948
-0.1469999999999992 0.1085116720221146
-0.1459999999999992 0.1083445746366195
-0.1449999999999992 0.1081581813267588
-0.1439999999999992 0.1079525119166961
-0.1429999999999992 0.1077275920070261
-0.1419999999999992 0.1074834530472331
-0.1409999999999992 0.1072201324072279
-0.1399999999999992 0.1069376734478845
-0.1389999999999992 0.1066361255905037
-0.1379999999999992 0.1063155443851289
-0.1369999999999992 0.1059759915776329
-0.1359999999999992 0.1056175351754979
-0.1349999999999992 0.1052402495122027
-0.1339999999999992 0.1048442153101400
-0.1329999999999992 0.1044295197419706
-0.1319999999999992 0.1039962564903317
-0.1309999999999992 0.1035445258058094
-0.1299999999999992 0.1030744345630838
-0.1289999999999992 0.1025860963151540
-0.1279999999999992 0.1020796313455519
-0.1269999999999992 0.1015551667184438
-0.1259999999999992 0.1010128363265289
-0.1249999999999992 0.1004527809366321
-0.1239999999999992 0.0998751482328931
-0.1229999999999992 0.0992800928574495
-0.1219999999999992 0.0986677764485144
-0.1209999999999992 0.0980383676757413
-0.1199999999999992 0.0973920422727759
-0.1189999999999992 0.0967289830668869
-0.1179999999999992 0.0960493800055700
-0.1169999999999992 0.0953534301800210
-0.1159999999999992 0.0946413378453665
-0.1149999999999992 0.0939133144375484
-0.1139999999999992 0.0931695785867505
-0.1129999999999992 0.0924103561272620
-0.1119999999999992 0.0916358801036685
-0.1109999999999992 0.0908463907732593
-0.1099999999999992 0.0900421356045483
-0.1089999999999992 0.0892233692717961
-0.1079999999999992 0.0883903536454286
-0.1069999999999992 0.0875433577782437
-0.1059999999999992 0.0866826578873041
-0.1049999999999992 0.0858085373314065
-0.1039999999999992 0.0849212865840293
-0.1029999999999992 0.0840212032016523
-0.1019999999999992 0.0831085917873541
-0.1009999999999992 0.0821837639495804
-0.0999999999999992 0.0812470382559977
-0.0989999999999992 0.0802987401823282
-0.0979999999999992 0.0793392020560828
-0.0969999999999992 0.0783687629950992
-0.0959999999999992 0.0773877688407983
-0.0949999999999992 0.0763965720860826
-0.0939999999999992 0.0753955317977903
-0.0929999999999992 0.0743850135336354
-0.0919999999999992 0.0733653892535583
-0.0909999999999992 0.0723370372254238
-0.0899999999999992 0.0713003419249995
-0.0889999999999992 0.0702556939301592
-0.0879999999999992 0.0692034898092587
-0.0869999999999992 0.0681441320036322
-0.0859999999999992 0.0670780287041716
-0.0849999999999992 0.0660055937219469
-0.0839999999999992 0.0649272463528415
-0.0829999999999992 0.0638434112361724
-0.0819999999999992 0.0627545182072818
-0.0809999999999992 0.0616610021440844
-0.0799999999999992 0.0605633028075663
-0.0789999999999992 0.0594618646762402
-0.0779999999999992 0.0583571367745626
-0.0769999999999992 0.0572495724953319
-0.0759999999999992 0.0561396294160925
-0.0749999999999992 0.0550277691095760
-0.0739999999999992 0.0539144569482226
-0.0729999999999992 0.0528001619028302
-0.0719999999999992 0.0516853563353874
-0.0709999999999992 0.0505705157861632
-0.0699999999999992 0.0494561187551188
-0.0689999999999992 0.0483426464777357
-0.0679999999999992 0.0472305826953454
-0.0669999999999992 0.0461204134200691
-0.0659999999999992 0.0450126266944747
-0.0649999999999992 0.0439077123460748
-0.0639999999999992 0.0428061617367972
-0.0629999999999992 0.0417084675075643
-0.0619999999999992 0.0406151233181348
-0.0609999999999992 0.0395266235823664
-0.0599999999999992 0.0384434631990638
-0.0589999999999992 0.0373661372785989
-0.0579999999999992 0.0362951408654806
-0.0569999999999992 0.0352309686570792
-0.0559999999999992 0.0341741147187086
-0.0549999999999992 0.0331250721952814
-0.0539999999999992 0.0320843330197618
-0.0529999999999992 0.0310523876186501
-0.0519999999999992 0.0300297246147415
-0.0509999999999992 0.0290168305274072
-0.0499999999999992 0.0280141894706600
-0.0489999999999992 0.0270222828492683
-0.0479999999999992 0.0260415890531929
-0.0469999999999992 0.0250725831506345
-0.0459999999999992 0.0241157365799699
-0.0449999999999992 0.0231715168408841
-0.0439999999999992 0.0222403871849914
-0.0429999999999992 0.0213228063062615
-0.0419999999999991 0.0204192280315569
-0.0409999999999991 0.0195301010116065
-0.0399999999999991 0.0186558684127357
-0.0389999999999991 0.0177969676096805
-0.0379999999999991 0.0169538298798214
-0.0369999999999991 0.0161268800991652
-0.0359999999999991 0.0153165364404186
-0.0349999999999991 0.0145232100734897
-0.0339999999999991 0.0137473048687577
-0.0329999999999991 0.0129892171034580
-0.0319999999999991 0.0122493351715196
-0.0309999999999991 0.0115280392972006
-0.0299999999999991 0.0108257012528625
-0.0289999999999991 0.0101426840812258
-0.0279999999999991 0.0094793418224407
-0.0269999999999991 0.0088360192463145
-0.0259999999999991 0.0082130515900228
-0.0249999999999991 0.0076107643016375
-0.0239999999999991 0.0070294727897918
-0.0229999999999991 0.0064694821798055
-0.0219999999999991 0.0059310870765799
-0.0209999999999991 0.0054145713345699
-0.0199999999999991 0.0049202078351367
-0.0189999999999991 0.0044482582715669
-0.0179999999999991 0.0039989729420477
-0.0169999999999991 0.0035725905508693
-0.0159999999999991 0.0031693380181244
-0.0149999999999991 0.0027894302981527
-0.0139999999999991 0.0024330702069882
-0.0129999999999991 0.0021004482590300
-0.0119999999999991 0.0017917425131692
-0.0109999999999991 0.0015071184285784
-0.0099999999999991 0.0012467287303604
-0.0089999999999991 0.0010107132852496
-0.0079999999999991 0.0007991989875270
-0.0069999999999991 0.0006122996553152
-0.0059999999999991 0.0004501159373963
-0.0049999999999991 0.0003127352306825
-0.0039999999999991 0.0002002316084517
-0.0029999999999991 0.0001126657594566
-0.0019999999999991 0.0000500849379825
-0.0009999999999991 0.0000125229249343
0.0000000000000009 0.0000000000000001
0.0010000000000009 0.0000125229249340
0.0020000000000009 0.0000500849379824
0.0030000000000009 0.0001126657594567
0.0040000000000009 0.0002002316084522
0.0050000000000009 0.0003127352306829
0.0060000000000009 0.0004501159373970
0.0070000000000009 0.0006122996553155
0.0080000000000009 0.0007991989875274
0.0090000000000009 0.0010107132852504
0.0100000000000009 0.0012467287303609
0.0110000000000009 0.0015071184285789
0.0120000000000009 0.0017917425131699
0.0130000000000009 0.0021004482590308
0.0140000000000009 0.0024330702069889
0.0150000000000009 0.0027894302981535
0.0160000000000009 0.0031693380181250
0.0170000000000009 0.0035725905508704
0.0180000000000009 0.0039989729420489
0.0190000000000009 0.0044482582715681
0.0200000000000009 0.0049202078351378
0.0210000000000009 0.0054145713345711
0.0220000000000009 0.0059310870765810
0.0230000000000009 0.0064694821798069
0.0240000000000009 0.0070294727897933
0.0250000000000009 0.0076107643016389
0.0260000000000009 0.0082130515900245
0.0270000000000009 0.0088360192463162
0.0280000000000009 0.0094793418224421
0.0290000000000009 0.0101426840812275
0.0300000000000009 0.0108257012528643
0.0310000000000009 0.0115280392972023
0.0320000000000009 0.0122493351715215
0.0330000000000009 0.0129892171034597
0.0340000000000009 0.0137473048687594
0.0350000000000009 0.0145232100734914
0.0360000000000009 0.0153165364404204
0.0370000000000009 0.0161268800991672
0.0380000000000009 0.0169538298798235
0.0390000000000009 0.0177969676096826
0.0400000000000009 0.0186558684127377
0.0410000000000009 0.0195301010116089
0.0420000000000009 0.0204192280315589
0.0430000000000009 0.0213228063062636
0.0440000000000009 0.0222403871849937
0.0450000000000009 0.0231715168408865
0.0460000000000009 0.0241157365799725
0.0470000000000009 0.0250725831506369
0.0480000000000009 0.0260415890531952
0.0490000000000009 0.0270222828492706
0.0500000000000009 0.0280141894706626
0.0510000000000009 0.0290168305274096
0.0520000000000009 0.0300297246147438
0.0530000000000009 0.0310523876186527
0.0540000000000009 0.0320843330197642
0.0550000000000009 0.0331250721952842
0.0560000000000009 0.0341741147187113
0.0570000000000009 0.0352309686570816
0.0580000000000009 0.0362951408654834
0.0590000000000009 0.0373661372786018
0.0600000000000009 0.0384434631990666
0.0610000000000009 0.0395266235823690
0.0620000000000009 0.0406151233181377
0.0630000000000009 0.0417084675075671
0.0640000000000009 0.0428061617368001
0.0650000000000009 0.0439077123460777
0.0660000000000009 0.0450126266944777
0.0670000000000009 0.0461204134200721
0.0680000000000009 0.0472305826953485
0.0690000000000009 0.0483426464777387
0.0700000000000009 0.0494561187551217
0.0710000000000009 0.0505705157861661
0.0720000000000009 0.0516853563353905
0.0730000000000009 0.0528001619028331
0.0740000000000009 0.0539144569482256
0.0750000000000009 0.0550277691095790
0.0760000000000009 0.0561396294160955
0.0770000000000009 0.0572495724953349
0.0780000000000009 0.0583571367745656
0.0790000000000009 0.0594618646762431
0.0800000000000009 0.0605633028075692
0.0810000000000009 0.0616610021440874
0.0820000000000009 0.0627545182072849
0.0830000000000009 0.0638434112361755
0.0840000000000009 0.0649272463528445
0.0850000000000009 0.0660055937219500
0.0860000000000010 0.0670780287041747
0.0870000000000010 0.0681441320036352
0.0880000000000010 0.0692034898092616
0.0890000000000010 0.0702556939301623
0.0900000000000010 0.0713003419250025
0.0910000000000010 0.0723370372254267
0.0920000000000010 0.0733653892535614
0.0930000000000010 0.0743850135336385
0.0940000000000010 0.0753955317977933
0.0950000000000010 0.0763965720860856
0.0960000000000010 0.0773877688408013
0.0970000000000010 0.0783687629951023
0.0980000000000010 0.0793392020560859
0.0990000000000010 0.0802987401823311
0.1000000000000010 0.0812470382560005
0.1010000000000010 0.0821837639495833
0.1020000000000010 0.0831085917873569
0.1030000000000010 0.0840212032016552
0.1040000000000010 0.0849212865840322
0.1050000000000010 0.0858085373314094
0.1060000000000010 0.0866826578873072
0.1070000000000010 0.0875433577782466
0.1080000000000010 0.0883903536454315
0.1090000000000010 0.0892233692717990
0.1100000000000010 0.0900421356045511
0.1110000000000010 0.0908463907732621
0.1120000000000010 0.0916358801036713
0.1130000000000010 0.0924103561272649
0.1140000000000010 0.0931695785867530
0.1150000000000010 0.0939133144375512
0.1160000000000010 0.0946413378453692
0.1170000000000010 0.0953534301800235
0.1180000000000010 0.0960493800055726
0.1190000000000010 0.0967289830668894
0.1200000000000010 0.0973920422727786
0.1210000000000010 0.0980383676757439
0.1220000000000010 0.0986677764485171
0.1230000000000010 0.0992800928574523
0.1240000000000010 0.0998751482328957
0.1250000000000010 0.1004527809366348
0.1260000000000010 0.1010128363265314
0.1270000000000010 0.1015551667184462
0.1280000000000010 0.1020796313455543
0.1290000000000010 0.1025860963151565
0.1300000000000010 0.1030744345630861
0.1310000000000010 0.1035445258058119
0.1320000000000010 0.1039962564903341
0.1330000000000010 0.1044295197419729
0.1340000000000010 0.1048442153101423
0.1350000000000010 0.1052402495122050
0.1360000000000010 0.1056175351755001
0.1370000000000010 0.1059759915776353
0.1380000000000010 0.1063155443851311
0.1390000000000010 0.1066361255905058
0.1400000000000010 0.1069376734478867
0.1410000000000010 0.1072201324072302
0.1420000000000010 0.1074834530472351
0.1430000000000010 0.1077275920070282
0.1440000000000010 0.1079525119166982
0.1450000000000010 0.1081581813267609
0.1460000000000010 0.1083445746366217
0.1470000000000010 0.1085116720221166
0.1480000000000010 0.1086594593621968
0.1490000000000010 0.1087879281648283
0.1500000000000010 0.1088970754921731
0.1510000000000010 0.1089869038851184
0.1520000000000010 0.1090574212872165
0.1530000000000010 0.1091086409680935
0.1540000000000010 0.1091405814463935
0.1550000000000010 0.1091532664123108
0.1560000000000010 0.1091467246497673
0.1570000000000010 0.1091209899582889
0.1580000000000010 0.1090761010746351
0.1590000000000010 0.1090121015942310
0.1600000000000010 0.1089290398924492
0.1610000000000010 0.1088269690457919
0.1620000000000010 0.1087059467530165
0.1630000000000010 0.1085660352562468
0.1640000000000010 0.1084073012621175
0.1650000000000010 0.1082298158629844
0.1660000000000010 0.1080336544582476
0.1670000000000010 0.1078188966758162
0.1680000000000010 0.1075856262937597
0.1690000000000010 0.1073339311621704
0.1700000000000010 0.1070639031252782
0.1710000000000010 0.1067756379438427
0.1720000000000010 0.1064692352178562
0.1730000000000010 0.1061447983095839
0.1740000000000010 0.1058024342669701
0.1750000000000010 0.1054422537474339
0.1760000000000010 0.1050643709420810
0.1770000000000010 0.1046689035003543
0.1780000000000010 0.1042559724551436
0.1790000000000010 0.1038257021483769
0.1800000000000010 0.1033782201571141
0.1810000000000010 0.1029136572201556
0.1820000000000010 0.1024321471651928
0.1830000000000010 0.1019338268365073
0.1840000000000010 0.1014188360232402
0.1850000000000010 0.1008873173882425
0.1860000000000010 0.1003394163975220
0.1870000000000010 0.0997752812502986
0.1880000000000010 0.0991950628096767
0.1890000000000010 0.0985989145339499
0.1900000000000010 0.0979869924085447
0.1910000000000010 0.0973594548786115
0.1920000000000010 0.0967164627822732
0.1930000000000010 0.0960581792845376
0.1940000000000010 0.0953847698118802
0.1950000000000010 0.0946964019875023
0.1960000000000010 0.0939932455672716
0.1970000000000010 0.0932754723763484
0.1980000000000010 0.0925432562465019
0.1990000000000010 0.0917967729541187
0.2000000000000010 0.0910362001589075
0.2010000000000010 0.0902617173433025
0.2020000000000010 0.0894735057525655
0.2030000000000010 0.0886717483355877
0.2040000000000010 0.0878566296863947
0.2050000000000010 0.0870283359863511
0.2060000000000010 0.0861870549470667
0.2070000000000010 0.0853329757540026
0.2080000000000010 0.0844662890107769
0.2090000000000010 0.0835871866841672
0.2100000000000010 0.0826958620498086
0.2110000000000010 0.0817925096385859
0.2120000000000010 0.0808773251837156
0.2130000000000010 0.0799505055685159
0.2140000000000011 0.0790122487748614
0.2150000000000011 0.0780627538323191
0.2160000000000011 0.0771022207679610
0.2170000000000011 0.0761308505568509
0.2180000000000011 0.0751488450731997
0.2190000000000011 0.0741564070421857
0.2200000000000011 0.0731537399924346
0.2210000000000011 0.0721410482091550
0.2220000000000011 0.0711185366879231
0.2230000000000011 0.0700864110891145
0.2240000000000011 0.0690448776929722
0.2250000000000011 0.0679941433553118
0.2260000000000011 0.0669344154638534
0.2270000000000011 0.0658659018951768
0.2280000000000011 0.0647888109722931
0.2290000000000011 0.0637033514228276
0.2300000000000011 0.0626097323378080
0.2310000000000011 0.0615081631310497
0.2320000000000011 0.0603988534991352
0.2330000000000011 0.0592820133819792
0.2340000000000011 0.0581578529239735
0.2350000000000011 0.0570265824357055
0.2360000000000011 0.0558884123562443
0.2370000000000011 0.0547435532159865
0.2380000000000011 0.0535922156000574
0.2390000000000011 0.0524346101122597
0.2400000000000011 0.0512709473395624
0.2410000000000011 0.0501014378171266
0.2420000000000011 0.0489262919938567
0.2430000000000011 0.0477457201984767
0.2440000000000011 0.0465599326061189
0.2450000000000011 0.0453691392054224
0.2460000000000011 0.0441735497661351
0.2470000000000011 0.0429733738072097
0.2480000000000011 0.0417688205653902
0.2490000000000011 0.0405600989642814
0.2500000000000011 0.0393474175838954
0.2510000000000011 0.0381309846306675
0.2520000000000011 0.0369110079079377
0.2530000000000011 0.0356876947868894
0.2540000000000011 0.0344612521779395
0.2550000000000011 0.0332318865025756
0.2560000000000011 0.0319998036656303
0.2570000000000011 0.0307652090279927
0.2580000000000011 0.0295283073797434
0.2590000000000011 0.0282893029137148
0.2600000000000011 0.0270483991994649
0.2610000000000011 0.0258057991576626
0.2620000000000011 0.0245617050348766
0.2630000000000011 0.0233163183787636
0.2640000000000011 0.0220698400136496
0.2650000000000011 0.0208224700164980
0.2660000000000011 0.0195744076932617
0.2670000000000011 0.0183258515556107
0.2680000000000011 0.0170769992980322
0.2690000000000011 0.0158280477752952
0.2700000000000011 0.0145791929802795
0.2710000000000011 0.0133306300221583
0.2720000000000011 0.0120825531049332
0.2730000000000011 0.0108351555063142
0.2740000000000011 0.0095886295569433
0.2750000000000011 0.0083431666199525
0.2760000000000011 0.0070989570708548
0.2770000000000011 0.0058561902777631
0.2780000000000011 0.0046150545819306
0.2790000000000011 0.0033757372786103
0.2800000000000011 0.0021384245982287
0.2810000000000011 0.0009033016878685
0.2820000000000011 0.0003294474069432
0.2830000000000011 0.0015596397601446
0.2840000000000011 0.0027870935827530
0.2850000000000011 0.0040116282401847
0.2860000000000011 0.0052330642692853
0.2870000000000011 0.0064512233950760
0.2880000000000011 0.0076659285472167
0.2890000000000011 0.0088770038761919
0.2900000000000011 0.0100842747692234
0.2910000000000011 0.0112875678659101
0.2920000000000011 0.0124867110736030
0.2930000000000011 0.0136815335825144
0.2940000000000011 0.0148718658805684
0.2950000000000011 0.0160575397679930
0.2960000000000011 0.0172383883716590
0.2970000000000011 0.0184142461591681
0.2980000000000011 0.0195849489526929
0.2990000000000011 0.0207503339425724
0.3000000000000011 0.0219102397006663
0.3010000000000011 0.0230645061934697
0.3020000000000011 0.0242129747949921
0.3030000000000011 0.0253554882994031
0.3040000000000011 0.0264918909334472
0.3050000000000011 0.0276220283686312
0.3060000000000011 0.0287457477331863
0.3070000000000011 0.0298628976238052
0.3080000000000011 0.0309733281171623
0.3090000000000011 0.0320768907812127
0.3100000000000011 0.0331734386862769
0.3110000000000011 0.0342628264159114
0.3120000000000011 0.0353449100775690
0.3130000000000011 0.0364195473130479
0.3140000000000011 0.0374865973087367
0.3150000000000011 0.0385459208056519
0.3160000000000011 0.0395973801092732
0.3170000000000011 0.0406408390991781
0.3180000000000011 0.0416761632384775
0.3190000000000011 0.0427032195830524
0.3200000000000011 0.0437218767905977
0.3210000000000011 0.0447320051294696
0.3220000000000011 0.0457334764873423
0.3230000000000011 0.0467261643796744
0.3240000000000011 0.0477099439579855
0.3250000000000011 0.0486846920179465
0.3260000000000011 0.0496502870072833
0.3270000000000011 0.0506066090334966
0.3280000000000011 0.0515535398713991
0.3290000000000011 0.0524909629704704
0.3300000000000011 0.0534187634620328
0.3310000000000011 0.0543368281662471
0.3320000000000011 0.0552450455989316
0.3330000000000011 0.0561433059782047
0.3340000000000011 0.0570315012309520
0.3350000000000011 0.0579095249991192
0.3360000000000011 0.0587772726458331
0.3370000000000011 0.0596346412613497
0.3380000000000011 0.0604815296688314
0.3390000000000011 0.0613178384299561
0.3400000000000011 0.0621434698503551
0.3410000000000011 0.0629583279848854
0.3420000000000011 0.0637623186427332
0.3430000000000011 0.0645553493923524
0.3440000000000011 0.0653373295662385
0.3450000000000011 0.0661081702655356
0.3460000000000011 0.0668677843644835
0.3470000000000011 0.0676160865146980
0.3480000000000011 0.0683529931492927
0.3490000000000011 0.0690784224868368
0.3500000000000011 0.0697922945351539
0.3510000000000011 0.0704945310949592
0.3520000000000011 0.0711850557633393
0.3530000000000011 0.0718637939370714
0.3540000000000011 0.0725306728157850
0.3550000000000011 0.0731856214049664
0.3560000000000011 0.0738285705188051
0.3570000000000011 0.0744594527828852
0.3580000000000012 0.0750782026367184
0.3590000000000012 0.0756847563361241
0.3600000000000012 0.0762790519554515
0.3610000000000012 0.0768610293896503
0.3620000000000012 0.0774306303561841
0.3630000000000012 0.0779877983967913
0.3640000000000012 0.0785324788790928
0.3650000000000012 0.0790646189980457
0.3660000000000012 0.0795841677772453
0.3670000000000012 0.0800910760700735
0.3680000000000012 0.0805852965606954
0.3690000000000012 0.0810667837649055
0.3700000000000012 0.0815354940308197
0.3710000000000012 0.0819913855394185
0.3720000000000012 0.0824344183049381
0.3730000000000012 0.0828645541751107
0.3740000000000012 0.0832817568312547
0.3750000000000012 0.0836859917882144
0.3760000000000012 0.0840772263941496
0.3770000000000012 0.0844554298301753
0.3780000000000012 0.0848205731098525
0.3790000000000012 0.0851726290785276
0.3800000000000012 0.0855115724125250
0.3810000000000012 0.0858373796181885
0.3820000000000012 0.0861500290307744
0.3830000000000012 0.0864495008131963
0.3840000000000012 0.0867357769546200
0.3850000000000012 0.0870088412689107
0.3860000000000012 0.0872686793929319
0.3870000000000012 0.0875152787846942
0.3880000000000012 0.0877486287213585
0.3890000000000012 0.0879687202970884
0.3900000000000012 0.0881755464207566
0.3910000000000012 0.0883691018135018
0.3920000000000012 0.0885493830061387
0.3930000000000012 0.0887163883364193
0.3940000000000012 0.0888701179461475
0.3950000000000012 0.0890105737781451
0.3960000000000012 0.0891377595730701
0.3970000000000012 0.0892516808660885
0.3980000000000012 0.0893523449833973
0.3990000000000012 0.0894397610386010
0.4000000000000012 0.0895139399289404
0.4010000000000012 0.0895748943313730
0.4020000000000012 0.0896226386985088
0.4030000000000012 0.0896571892543953
0.4040000000000012 0.0896785639901582
0.4050000000000012 0.0896867826594935
0.4060000000000012 0.0896818667740124
0.4070000000000012 0.0896638395984404
0.4080000000000012 0.0896327261456673
0.4090000000000012 0.0895885531716520
0.4100000000000012 0.0895313491701798
0.4110000000000012 0.0894611443674722
0.4120000000000012 0.0893779707166502
0.4130000000000012 0.0892818618920518
0.4140000000000012 0.0891728532834003
0.4150000000000012 0.0890509819898287
0.4160000000000012 0.0889162868137550
0.4170000000000012 0.0887688082546126
0.4180000000000012 0.0886085885024329
0.4190000000000012 0.0884356714312825
0.4200000000000012 0.0882501025925529
0.4210000000000012 0.0880519292081040
0.4220000000000012 0.0878412001632625
0.4230000000000012 0.0876179659996719
0.4240000000000012 0.0873822789079978
0.4250000000000012 0.0871341927204873
0.4260000000000012 0.0868737629033811
0.4270000000000012 0.0866010465491808
0.4280000000000012 0.0863161023687693
0.4290000000000012 0.0860189906833868
0.4300000000000012 0.0857097734164599
0.4310000000000012 0.0853885140852854
0.4320000000000012 0.0850552777925696
0.4330000000000012 0.0847101312178206
0.4340000000000012 0.0843531426085968
0.4350000000000012 0.0839843817716098
0.4360000000000012 0.0836039200636827
0.4370000000000012 0.0832118303825622
0.4380000000000012 0.0828081871575881
0.4390000000000012 0.0823930663402171
0.4400000000000012 0.0819665453944020
0.4410000000000012 0.0815287032868274
0.4420000000000012 0.0810796204770013
0.4430000000000012 0.0806193789072022
0.4440000000000012 0.0801480619922839
0.4450000000000012 0.0796657546093348
0.4460000000000012 0.0791725430871963
0.4470000000000012 0.0786685151958367
0.4480000000000012 0.0781537601355819
0.4490000000000012 0.0776283685262053
0.4500000000000012 0.0770924323958739
0.4510000000000012 0.0765460451699526
0.4520000000000012 0.0759893016596668
0.4530000000000012 0.0754222980506237
0.4540000000000012 0.0748451318911914
0.4550000000000012 0.0742579020807382
0.4560000000000012 0.0736607088577304
0.4570000000000012 0.0730536537876895
0.4580000000000012 0.0724368397510100
0.4590000000000012 0.0718103709306368
0.4600000000000012 0.0711743527996033
0.4610000000000012 0.0705288921084309
0.4620000000000012 0.0698740968723884
0.4630000000000012 0.0692100763586147
0.4640000000000012 0.0685369410731021
0.4650000000000012 0.0678548027475429
0.4660000000000012 0.0671637743260374
0.4670000000000012 0.0664639699516673
0.4680000000000012 0.0657555049529301
0.4690000000000012 0.0650384958300393
0.4700000000000013 0.0643130602410883
0.4710000000000013 0.0635793169880793
0.4720000000000013 0.0628373860028174
0.4730000000000013 0.0620873883326711
0.4740000000000013 0.0613294461261978
0.4750000000000013 0.0605636826186381
0.4760000000000013 0.0597902221172751
0.4770000000000013 0.0590091899866634
0.4780000000000013 0.0582207126337256
0.4790000000000013 0.0574249174927177
0.4800000000000013 0.0566219330100640
0.4810000000000013 0.0558118886290629
0.4820000000000013 0.0549949147744613
0.4830000000000013 0.0541711428369026
0.4840000000000013 0.0533407051572449
0.4850000000000013 0.0525037350107524
0.4860000000000013 0.0516603665911593
0.4870000000000013 0.0508107349946085
0.4880000000000013 0.0499549762034631
0.4890000000000013 0.0490932270699949
0.4900000000000013 0.0482256252999467
0.4910000000000013 0.0473523094359729
0.4920000000000013 0.0464734188409561
0.4930000000000013 0.0455890936812018
0.4940000000000013 0.0446994749095125
0.4950000000000013 0.0438047042481405
0.4960000000000013 0.0429049241716209
0.4970000000000013 0.0420002778894862
0.4980000000000013 0.0410909093288624
0.4990000000000013 0.0401769631169477
0.5000000000000012 0.0392585845633747
0.5010000000000012 0.0383359196424566
0.5020000000000012 0.0374091149753198
0.5030000000000012 0.0364783178119208
0.5040000000000012 0.0355436760129518
0.5050000000000012 0.0346053380316326
0.5060000000000012 0.0336634528953926
0.5070000000000012 0.0327181701874420
0.5080000000000012 0.0317696400282338
0.5090000000000012 0.0308180130568169
0.5100000000000012 0.0298634404120831
0.5110000000000012 0.0289060737139068
0.5120000000000012 0.0279460650441799
0.5130000000000012 0.0269835669277418
0.5140000000000012 0.0260187323132070
0.5150000000000012 0.0250517145536906
0.5160000000000012 0.0240826673874316
0.5170000000000012 0.0231117449183173
0.5180000000000012 0.0221391015963093
0.5190000000000012 0.0211648921977702
0.5200000000000012 0.0201892718056954
0.5210000000000012 0.0192123957898488
0.5220000000000012 0.0182344197868040
0.5230000000000012 0.0172554996798939
0.5240000000000012 0.0162757915790666
0.5250000000000012 0.0152954518006530
0.5260000000000012 0.0143146368470431
0.5270000000000012 0.0133335033862757
0.5280000000000012 0.0123522082315417
0.5290000000000012 0.0113709083206002
0.5300000000000012 0.0103897606951130
0.5310000000000012 0.0094089224798944
0.5320000000000012 0.0084285508620813
0.5330000000000013 0.0074488030702222
0.5340000000000013 0.0064698363532884
0.5350000000000013 0.0054918079596079
0.5360000000000013 0.0045148751157234
0.5370000000000013 0.0035391950051768
0.5380000000000013 0.0025649247472204
0.5390000000000013 0.0015922213754571
0.5400000000000013 0.0006212418164106
0.5410000000000013 0.0003478571319715
0.5420000000000013 0.0013149188218827
0.5430000000000013 0.0022797867772867
0.5440000000000013 0.0032423047156097
0.5450000000000013 0.0042023165694954
0.5460000000000013 0.0051596665086194
0.5470000000000013 0.0061141989615626
0.5480000000000013 0.0070657586377412
0.5490000000000013 0.0080141905493922
0.5500000000000013 0.0089593400336117
0.5510000000000013 0.0099010527744457
0.5520000000000013 0.0108391748250304
0.5530000000000013 0.0117735526297811
0.5540000000000013 0.0127040330466267
0.5550000000000013 0.0136304633692898
0.5560000000000013 0.0145526913496092
0.5570000000000013 0.0154705652199027
0.5580000000000013 0.0163839337153701
0.5590000000000013 0.0172926460965323
0.5600000000000013 0.0181965521717059
0.5610000000000013 0.0190955023195120
0.5620000000000013 0.0199893475114148
0.5630000000000013 0.0208779393342903
0.5640000000000013 0.0217611300130230
0.5650000000000013 0.0226387724331267
0.5660000000000013 0.0235107201633896
0.5670000000000013 0.0243768274785397
0.5680000000000013 0.0252369493819301
0.5690000000000013 0.0260909416282415
0.5700000000000013 0.0269386607461980
0.5710000000000013 0.0277799640612980
0.5720000000000013 0.0286147097185536
0.5730000000000013 0.0294427567052395
0.5740000000000013 0.0302639648736478
0.5750000000000013 0.0310781949638464
0.5760000000000013 0.0318853086264398
0.5770000000000013 0.0326851684453278
0.5780000000000013 0.0334776379604632
0.5790000000000013 0.0342625816906025
0.5800000000000013 0.0350398651560500
0.5810000000000013 0.0358093549013912
0.5820000000000013 0.0365709185182142
0.5830000000000013 0.0373244246678162
0.5840000000000013 0.0380697431038926
0.5850000000000013 0.0388067446952060
0.5860000000000013 0.0395353014482339
0.5870000000000013 0.0402552865297903
0.5880000000000013 0.0409665742896211
0.5890000000000013 0.0416690402829689
0.5900000000000013 0.0423625612931057
0.5910000000000013 0.0430470153538304
0.5920000000000013 0.0437222817719281
0.5930000000000013 0.0443882411495899
0.5940000000000013 0.0450447754067890
0.5950000000000013 0.0456917678036105
0.5960000000000013 0.0463291029625341
0.5970000000000013 0.0469566668906645
0.5980000000000013 0.0475743470019070
0.5990000000000013 0.0481820321390885
0.6000000000000013 0.0487796125960158
0.6010000000000013 0.0493669801394742
0.6020000000000013 0.0499440280311584
0.6030000000000013 0.0505106510495361
0.6040000000000013 0.0510667455116402
0.6050000000000013 0.0516122092947862
0.6060000000000013 0.0521469418582134
0.6070000000000013 0.0526708442646441
0.6080000000000013 0.0531838192017613
0.6090000000000013 0.0536857710035988
0.6100000000000013 0.0541766056718422
0.6110000000000013 0.0546562308970376
0.6120000000000013 0.0551245560797039
0.6130000000000013 0.0555814923513467
0.6140000000000013 0.0560269525953702
0.6150000000000013 0.0564608514678831
0.6160000000000013 0.0568831054183967
0.6170000000000013 0.0572936327104107
0.6180000000000013 0.0576923534418842
0.6190000000000013 0.0580791895655874
0.6200000000000013 0.0584540649093328
0.6210000000000013 0.0588169051960800
0.6220000000000013 0.0591676380639125
0.6230000000000013 0.0595061930858821
0.6240000000000013 0.0598325017897184
0.6250000000000013 0.0601464976773980
0.6260000000000013 0.0604481162445731
0.6270000000000013 0.0607372949998517
0.6280000000000013 0.0610139734839306
0.6290000000000013 0.0612780932885729
0.6300000000000013 0.0615295980754300
0.6310000000000013 0.0617684335947026
0.6320000000000013 0.0619945477036378
0.6330000000000013 0.0622078903848574
0.6340000000000013 0.0624084137645156
0.6350000000000013 0.0625960721302804
0.6360000000000013 0.0627708219491360
0.6370000000000013 0.0629326218850023
0.6380000000000013 0.0630814328161672
0.6390000000000013 0.0632172178525280
0.6400000000000013 0.0633399423526381
0.6410000000000013 0.0634495739405554
0.6420000000000013 0.0635460825224872
0.6430000000000013 0.0636294403032292
0.6440000000000013 0.0636996218023932
0.6450000000000014 0.0637566038704200
0.6460000000000014 0.0638003657043744
0.6470000000000014 0.0638308888635156
0.6480000000000014 0.0638481572846417
0.6490000000000014 0.0638521572972025
0.6500000000000014 0.0638428776381764
0.6510000000000014 0.0638203094667077
0.6520000000000014 0.0637844463785002
0.6530000000000014 0.0637352844199618
0.6540000000000014 0.0636728221020969
0.6550000000000014 0.0635970604141413
0.6560000000000014 0.0635080028369356
0.6570000000000014 0.0634056553560334
0.6580000000000014 0.0632900264745380
0.6590000000000014 0.0631611272256654
0.6600000000000014 0.0630189711850269
0.6610000000000014 0.0628635744826283
0.6620000000000014 0.0626949558145808
0.6630000000000014 0.0625131364545180
0.6640000000000014 0.0623181402647158
0.6650000000000014 0.0621099937069096
0.6660000000000014 0.0618887258528040
0.6670000000000014 0.0616543683942714
0.6680000000000014 0.0614069556532330
0.6690000000000014 0.0611465245912187
0.6700000000000014 0.0608731148186005
0.6710000000000014 0.0605867686034954
0.6720000000000014 0.0602875308803306
0.6730000000000014 0.0599754492580697
0.6740000000000014 0.0596505740280906
0.6750000000000014 0.0593129581717145
0.6760000000000014 0.0589626573673774
0.6770000000000014 0.0585997299974406
0.6780000000000014 0.0582242371546360
0.6790000000000014 0.0578362426481383
0.6800000000000014 0.0574358130092625
0.6810000000000014 0.0570230174967779
0.6820000000000014 0.0565979281018365
0.6830000000000014 0.0561606195525080
0.6840000000000014 0.0557111693179184
0.6850000000000014 0.0552496576119842
0.6860000000000014 0.0547761673967397
0.6870000000000014 0.0542907843852499
0.6880000000000014 0.0537935970441042
0.6890000000000014 0.0532846965954856
0.6900000000000014 0.0527641770188101
0.6910000000000014 0.0522321350519298
0.6920000000000014 0.0516886701918951
0.6930000000000014 0.0511338846952701
0.6940000000000014 0.0505678835779949
0.6950000000000014 0.0499907746147907
0.6960000000000014 0.0494026683380995
0.6970000000000014 0.0488036780365559
0.6980000000000014 0.0481939197529817
0.6990000000000014 0.0475735122819001
0.7000000000000014 0.0469425771665623
0.7010000000000014 0.0463012386954820
0.7020000000000014 0.0456496238984690
0.7030000000000014 0.0449878625421593
0.7040000000000014 0.0443160871250341
0.7050000000000014 0.0436344328719209
0.7060000000000014 0.0429430377279722
0.7070000000000014 0.0422420423521144
0.7080000000000014 0.0415315901099616
0.7090000000000014 0.0408118270661883
0.7100000000000014 0.0400829019763529
0.7110000000000014 0.0393449662781681
0.7120000000000014 0.0385981740822111
0.7130000000000014 0.0378426821620660
0.7140000000000014 0.0370786499438941
0.7150000000000014 0.0363062394954238
0.7160000000000014 0.0355256155143553
0.7170000000000014 0.0347369453161724
0.7180000000000014 0.0339403988213548
0.7190000000000014 0.0331361485419855
0.7200000000000014 0.0323243695677463
0.7210000000000014 0.0315052395512930
0.7220000000000014 0.0306789386930065
0.7230000000000014 0.0298456497251111
0.7240000000000014 0.0290055578951538
0.7250000000000014 0.0281588509488373
0.7260000000000014 0.0273057191122018
0.7270000000000014 0.0264463550731451
0.7280000000000014 0.0255809539622785
0.7290000000000014 0.0247097133331076
0.7300000000000014 0.0238328331415334
0.7310000000000014 0.0229505157246662
0.7320000000000014 0.0220629657789444
0.7330000000000014 0.0211703903375520
0.7340000000000014 0.0202729987471272
0.7350000000000014 0.0193710026437554
0.7360000000000014 0.0184646159282384
0.7370000000000014 0.0175540547406337
0.7380000000000014 0.0166395374340551
0.7390000000000014 0.0157212845477296
0.7400000000000014 0.0147995187793004
0.7410000000000014 0.0138744649563701
0.7420000000000014 0.0129463500072777
0.7430000000000014 0.0120154029310986
0.7440000000000014 0.0110818547668641
0.7450000000000014 0.0101459385619889
0.7460000000000014 0.0092078893399023
0.7470000000000014 0.0082679440668729
0.7480000000000014 0.0073263416180209
0.7490000000000014 0.0063833227425087
0.7500000000000014 0.0054391300279033
0.7510000000000014 0.0044940078637015
0.7520000000000014 0.0035482024040112
0.7530000000000014 0.0026019615293802
0.7540000000000014 0.0016555348077635
0.7550000000000014 0.0007091734546237
0.7560000000000014 0.0002368697078460
0.7570000000000014 0.0011823402923838
0.7580000000000015 0.0021269823892129
0.7590000000000015 0.0030705386094972
0.7600000000000015 0.0040127501297057
0.7610000000000015 0.0049533567368943
0.7620000000000015 0.0058920968749135
0.7630000000000015 0.0068287076915506
0.7640000000000015 0.0077629250866142
0.7650000000000015 0.0086944837609694
0.7660000000000015 0.0096231172665333
0.7670000000000015 0.0105485580572378
0.7680000000000015 0.0114705375409695
0.7690000000000015 0.0123887861324954
0.7700000000000015 0.0133030333073811
0.7710000000000015 0.0142130076569129
0.7720000000000015 0.0151184369440314
0.7730000000000015 0.0160190481602843
0.7740000000000015 0.0169145675838099
0.7750000000000015 0.0178047208383566
0.7760000000000015 0.0186892329533510
0.7770000000000015 0.0195678284250218
0.7780000000000015 0.0204402312785875
0.7790000000000015 0.0213061651315194
0.7800000000000015 0.0221653532578870
0.7810000000000015 0.0230175186537965
0.7820000000000015 0.0238623841039300
0.7830000000000015 0.0246996722491962
0.7840000000000015 0.0255291056555010
0.7850000000000015 0.0263504068836476
0.7860000000000015 0.0271632985603753
0.7870000000000015 0.0279675034505474
0.7880000000000015 0.0287627445304962
0.7890000000000015 0.0295487450625353
0.7900000000000015 0.0303252286706498
0.7910000000000015 0.0310919194173719
0.7920000000000015 0.0318485418818544
0.7930000000000015 0.0325948212391484
0.7940000000000015 0.0333304833406983
0.7950000000000015 0.0340552547960613
0.7960000000000015 0.0347688630558639
0.7970000000000015 0.0354710364960023
0.7980000000000015 0.0361615045030989
0.7990000000000015 0.0368399975612247
0.8000000000000015 0.0375062473398963
0.8010000000000015 0.0381599867833592
0.8020000000000015 0.0388009502011666
0.8030000000000015 0.0394288733600645
0.8040000000000015 0.0400434935771925
0.8050000000000015 0.0406445498146120
0.8060000000000015 0.0412317827751704
0.8070000000000015 0.0418049349997138
0.8080000000000015 0.0423637509656562
0.8090000000000015 0.0429079771869184
0.8100000000000015 0.0434373623152444
0.8110000000000015 0.0439516572429090
0.8120000000000015 0.0444506152068233
0.8130000000000015 0.0449339918940536
0.8140000000000015 0.0454015455487601
0.8150000000000015 0.0458530370805685
0.8160000000000015 0.0462882301743854
0.8170000000000015 0.0467068914016674
0.8180000000000015 0.0471087903331556
0.8190000000000015 0.0474936996530861
0.8200000000000015 0.0478613952748881
0.8210000000000015 0.0482116564583803
0.8220000000000015 0.0485442659284763
0.8230000000000015 0.0488590099954114
0.8240000000000015 0.0491556786765016
0.8250000000000015 0.0494340658194450
0.8260000000000015 0.0496939692271789
0.8270000000000015 0.0499351907843027
0.8280000000000015 0.0501575365850783
0.8290000000000015 0.0503608170630195
0.8300000000000015 0.0505448471220834
0.8310000000000015 0.0507094462694723
0.8320000000000015 0.0508544387500609
0.8330000000000015 0.0509796536824596
0.8340000000000015 0.0510849251967242
0.8350000000000015 0.0511700925737259
0.8360000000000015 0.0512350003861928
0.8370000000000015 0.0512794986414344
0.8380000000000015 0.0513034429257612
0.8390000000000015 0.0513066945506124
0.8400000000000015 0.0512891207004023
0.8410000000000015 0.0512505945820993
0.8420000000000015 0.0511909955765477
0.8430000000000015 0.0511102093915469
0.8440000000000015 0.0510081282166982
0.8450000000000015 0.0508846508800328
0.8460000000000015 0.0507396830064336
0.8470000000000015 0.0505731371778619
0.8480000000000015 0.0503849330954035
0.8490000000000015 0.0501749977431454
0.8500000000000015 0.0499432655538960
0.8510000000000015 0.0496896785767617
0.8520000000000015 0.0494141866465935
0.8530000000000015 0.0491167475553142
0.8540000000000015 0.0487973272251420
0.8550000000000015 0.0484558998837205
0.8560000000000015 0.0480924482411708
0.8570000000000015 0.0477069636690765
0.8580000000000015 0.0472994463814168
0.8590000000000015 0.0468699056174581
0.8600000000000015 0.0464183598266209
0.8610000000000015 0.0459448368553320
0.8620000000000015 0.0454493741358775
0.8630000000000015 0.0449320188772686
0.8640000000000015 0.0443928282581349
0.8650000000000015 0.0438318696216575
0.8660000000000015 0.0432492206725566
0.8670000000000015 0.0426449696761461
0.8680000000000015 0.0420192156594699
0.8690000000000015 0.0413720686145331
0.8700000000000015 0.0407036497036419
0.8710000000000016 0.0400140914668661
0.8720000000000016 0.0393035380316386
0.8730000000000016 0.0385721453245050
0.8740000000000016 0.0378200812850377
0.8750000000000016 0.0370475260819293
0.8760000000000016 0.0362546723312785
0.8770000000000016 0.0354417253170828
0.8780000000000016 0.0346089032139526
0.8790000000000016 0.0337564373120618
0.8800000000000016 0.0328845722443468
0.8810000000000016 0.0319935662159721
0.8820000000000016 0.0310836912360725
0.8830000000000016 0.0301552333517913
0.8840000000000016 0.0292084928846247
0.8850000000000016 0.0282437846690907
0.8860000000000016 0.0272614382937340
0.8870000000000016 0.0262617983444855
0.8880000000000016 0.0252452246503867
0.8890000000000016 0.0242120925316985
0.8900000000000016 0.0231627930504062
0.8910000000000016 0.0220977332631368
0.8920000000000016 0.0210173364765039
0.8930000000000016 0.0199220425048958
0.8940000000000016 0.0188123079307208
0.8950000000000016 0.0176886063671256
0.8960000000000016 0.0165514287232028
0.8970000000000016 0.0154012834717023
0.8980000000000016 0.0142386969192611
0.8990000000000016 0.0130642134791704
0.9000000000000016 0.0118783959466904
0.9010000000000016 0.0106818257769345
0.9020000000000016 0.0094751033653324
0.9030000000000016 0.0082588483306941
0.9040000000000016 0.0070336998008855
0.9050000000000016 0.0058003167011344
0.9060000000000016 0.0045593780449825
0.9070000000000016 0.0033115832278983
0.9080000000000016 0.0020576523235689
0.9090000000000016 0.0007983263828847
0.9100000000000016 0.0004656322643646
0.9110000000000016 0.0017334397050682
0.9120000000000016 0.0030042901356287
0.9130000000000016 0.0042773555520379
0.9140000000000016 0.0055517854371760
0.9150000000000016 0.0068267064453186
0.9160000000000016 0.0081012220838346
0.9170000000000016 0.0093744123920583
0.9180000000000016 0.0106453336173183
0.9190000000000016 0.0119130178881078
0.9200000000000016 0.0131764728843776
0.9210000000000016 0.0144346815049368
0.9220000000000016 0.0156866015319421
0.9230000000000016 0.0169311652924599
0.9240000000000016 0.0181672793170848
0.9250000000000016 0.0193938239955942
0.9260000000000016 0.0206096532296259
0.9270000000000016 0.0218135940823575
0.9280000000000016 0.0230044464251726
0.9290000000000016 0.0241809825812953
0.9300000000000016 0.0253419469663759
0.9310000000000016 0.0264860557260097
0.9320000000000016 0.0276119963701711
0.9330000000000016 0.0287184274045462
0.9340000000000016 0.0298039779587450
0.9350000000000016 0.0308672474113757
0.9360000000000016 0.0319068050119631
0.9370000000000016 0.0329211894996934
0.9380000000000016 0.0339089087189664
0.9390000000000016 0.0348684392317377
0.9400000000000016 0.0357982259266330
0.9410000000000016 0.0366966816248147
0.9420000000000016 0.0375621866825835
0.9430000000000016 0.0383930885906971
0.9440000000000016 0.0391877015703858
0.9450000000000016 0.0399443061660480
0.9460000000000016 0.0406611488346057
0.9470000000000016 0.0413364415315024
0.9480000000000016 0.0419683612933235
0.9490000000000016 0.0425550498170212
0.9500000000000016 0.0430946130357246
0.9510000000000016 0.0435851206911154
0.9520000000000016 0.0440246059023519
0.9530000000000016 0.0444110647315193
0.9540000000000016 0.0447424557455900
0.9550000000000016 0.0450166995748730
0.9560000000000016 0.0452316784679328
0.9570000000000016 0.0453852358429593
0.9580000000000016 0.0454751758355688
0.9590000000000016 0.0454992628430162
0.9600000000000016 0.0454552210647992
0.9610000000000016 0.0453407340396346
0.9620000000000016 0.0451534441787864
0.9630000000000016 0.0448909522957271
0.9640000000000016 0.0445508171321106
0.9650000000000016 0.0441305548800379
0.9660000000000016 0.0436276387005952
0.9670000000000016 0.0430394982386441
0.9680000000000016 0.0423635191338433
0.9690000000000016 0.0415970425278819
0.9700000000000016 0.0407373645679051
0.9710000000000016 0.0397817359061087
0.9720000000000016 0.0387273611954851
0.9730000000000016 0.0375713985816986
0.9740000000000016 0.0363109591910689
0.9750000000000016 0.0349431066146439
0.9760000000000016 0.0334648563883389
0.9770000000000016 0.0318731754691221
0.9780000000000016 0.0301649817072261
0.9790000000000016 0.0283371433143633
0.9800000000000016 0.0263864783279243
0.9810000000000016 0.0243097540711386
0.9820000000000016 0.0221036866091761
0.9830000000000017 0.0197649402011675
0.9840000000000017 0.0172901267481220
0.9850000000000017 0.0146758052367237
0.9860000000000017 0.0119184811789791
0.9870000000000017 0.0090146060477015
0.9880000000000017 0.0059605767078033
0.9890000000000017 0.0027527348433811
0.9900000000000017 0.0006126336194348
0.9910000000000017 0.0041392990938832
0.9920000000000017 0.0078310889182507
0.9930000000000017 0.0116918879458522
0.9940000000000017 0.0157256391393284
0.9950000000000017 0.0199363441692876
0.9960000000000017 0.0243280640173150
0.9970000000000017 0.0289049195833668
0.9980000000000017 0.0336710922975756
0.9990000000000017 0.0386308247364913
