-1.0000000000000000 5.2579788893475055
-0.9990000000000000 5.0579419040457330
-0.9980000000000000 4.8622403539756238
-0.9970000000000000 4.6708121601885075
-0.9960000000000000 4.4835958666656515
-0.9950000000000000 4.3005306358511923
-0.9940000000000000 4.1215562442078282
-0.9930000000000000 3.9466130777951096
-0.9920000000000000 3.7756421278703640
-0.9910000000000000 3.6085849865120578
-0.9900000000000000 3.4453838422655148
-0.9890000000000000 3.2859814758110981
-0.9880000000000000 3.1303212556545152
-0.9870000000000000 2.9783471338393257
-0.9860000000000000 2.8300036416815861
-0.9850000000000000 2.6852358855264824
-0.9840000000000000 2.5439895425268642
-0.9830000000000000 2.4062108564437144
-0.9820000000000000 2.2718466334683654
-0.9810000000000000 2.1408442380664039
-0.9800000000000000 2.0131515888432521
-0.9790000000000000 1.8887171544312666
-0.9780000000000000 1.7674899493983443
-0.9770000000000000 1.6494195301779015
-0.9760000000000000 1.5344559910202253
-0.9750000000000000 1.4225499599650242
-0.9740000000000000 1.3136525948351803
-0.9730000000000000 1.2077155792516197
-0.9720000000000000 1.1046911186691686
-0.9710000000000000 1.0045319364333969
-0.9700000000000000 0.9071912698583042
-0.9690000000000000 0.8126228663248167
-0.9680000000000000 0.7207809794000417
-0.9670000000000000 0.6316203649771173
-0.9660000000000000 0.5450962774356831
-0.9650000000000000 0.4611644658228358
-0.9640000000000000 0.3797811700544953
-0.9630000000000000 0.3009031171371829
-0.9620000000000000 0.2244875174100227
-0.9610000000000000 0.1504920608069469
-0.9600000000000000 0.0788749131391256
-0.9590000000000000 0.0095947123973250
-0.9580000000000000 0.0573894349256351
-0.9570000000000000 0.1221179574925673
-0.9560000000000000 0.1846308227597444
-0.9550000000000000 0.2449675405949503
-0.9540000000000000 0.3031671668758350
-0.9530000000000000 0.3592683070686614
-0.9520000000000000 0.4133091197874798
-0.9510000000000000 0.4653273203337994
-0.9500000000000000 0.5153601842169190
-0.9490000000000000 0.5634445506548369
-0.9480000000000000 0.6096168260559488
-0.9470000000000000 0.6539129874815279
-0.9460000000000000 0.6963685860890849
-0.9450000000000000 0.7370187505566651
-0.9440000000000000 0.7758981904881818
-0.9429999999999999 0.8130411997998132
-0.9419999999999999 0.8484816600875709
-0.9409999999999999 0.8822530439760926
-0.9399999999999999 0.9143884184487334
-0.9389999999999999 0.9449204481590230
-0.9379999999999999 0.9738813987235636
-0.9369999999999999 1.0013031399964234
-0.9359999999999999 1.0272171493251276
-0.9349999999999999 1.0516545147882745
-0.9339999999999999 1.0746459384148797
-0.9329999999999999 1.0962217393854918
-0.9319999999999999 1.1164118572151809
-0.9309999999999999 1.1352458549184290
-0.9299999999999999 1.1527529221560098
-0.9289999999999999 1.1689618783639473
-0.9279999999999999 1.1839011758645785
-0.9269999999999999 1.1975989029598222
-0.9259999999999999 1.2100827870067099
-0.9249999999999999 1.2213801974752370
-0.9239999999999999 1.2315181489886207
-0.9229999999999999 1.2405233043460298
-0.9219999999999999 1.2484219775278218
-0.9209999999999999 1.2552401366834043
-0.9199999999999999 1.2610034071017535
-0.9189999999999999 1.2657370741646599
-0.9179999999999999 1.2694660862827816
-0.9169999999999999 1.2722150578145599
-0.9159999999999999 1.2740082719680683
-0.9149999999999999 1.2748696836858617
-0.9139999999999999 1.2748229225128800
-0.9129999999999999 1.2738912954475030
-0.9119999999999999 1.2720977897757726
-0.9109999999999999 1.2694650758889028
-0.9099999999999999 1.2660155100841064
-0.9089999999999999 1.2617711373488039
-0.9079999999999999 1.2567536941283057
-0.9069999999999999 1.2509846110770075
-0.9059999999999999 1.2444850157931771
-0.9049999999999999 1.2372757355373836
-0.9039999999999999 1.2293772999346546
-0.9029999999999999 1.2208099436604054
-0.9019999999999999 1.2115936091102135
-0.9009999999999999 1.2017479490535043
-0.8999999999999999 1.1912923292712103
-0.8989999999999999 1.1802458311774544
-0.8979999999999999 1.1686272544253500
-0.8969999999999999 1.1564551194969503
-0.8959999999999999 1.1437476702774310
-0.8949999999999999 1.1305228766135580
-0.8939999999999999 1.1167984368565069
-0.8929999999999999 1.1025917803891030
-0.8919999999999999 1.0879200701375271
-0.8909999999999999 1.0728002050675809
-0.8899999999999999 1.0572488226655248
-0.8889999999999999 1.0412823014036148
-0.8879999999999999 1.0249167631903342
-0.8869999999999999 1.0081680758054357
-0.8859999999999999 0.9910518553198255
-0.8849999999999999 0.9735834685003506
-0.8839999999999999 0.9557780351995764
-0.8829999999999999 0.9376504307305845
-0.8819999999999999 0.9192152882268663
-0.8809999999999999 0.9004870009873865
-0.8799999999999999 0.8814797248068459
-0.8789999999999999 0.8622073802912325
-0.8779999999999999 0.8426836551587118
-0.8769999999999999 0.8229220065259014
-0.8759999999999999 0.8029356631796308
-0.8749999999999999 0.7827376278341931
-0.8739999999999999 0.7623406793741904
-0.8729999999999999 0.7417573750830123
-0.8719999999999999 0.7210000528570208
-0.8709999999999999 0.7000808334054809
-0.8699999999999999 0.6790116224363150
-0.8689999999999999 0.6578041128277339
-0.8679999999999999 0.6364697867858050
-0.8669999999999999 0.6150199179880025
-0.8659999999999999 0.5934655737128295
-0.8649999999999999 0.5718176169555366
-0.8639999999999999 0.5500867085300120
-0.8629999999999999 0.5282833091569140
-0.8619999999999999 0.5064176815380669
-0.8609999999999999 0.4844998924172210
-0.8599999999999999 0.4625398146272044
-0.8589999999999999 0.4405471291235404
-0.8579999999999999 0.4185313270045792
-0.8569999999999999 0.3965017115181988
-0.8559999999999999 0.3744674000551574
-0.8549999999999999 0.3524373261291109
-0.8539999999999999 0.3304202413433924
-0.8529999999999999 0.3084247173445959
-0.8519999999999999 0.2864591477630022
-0.8509999999999999 0.2645317501399472
-0.8499999999999999 0.2426505678421450
-0.8489999999999999 0.2208234719630440
-0.8479999999999999 0.1990581632112675
-0.8469999999999999 0.1773621737862026
-0.8459999999999999 0.1557428692407795
-0.8449999999999999 0.1342074503315033
-0.8439999999999999 0.1127629548557967
-0.8429999999999999 0.0914162594767080
-0.8419999999999999 0.0701740815350327
-0.8409999999999999 0.0490429808489164
-0.8399999999999999 0.0280293615009808
-0.8389999999999999 0.0071394736130359
-0.8379999999999999 0.0136205848915691
-0.8369999999999999 0.0342448665378995
-0.8359999999999999 0.0547275725616471
-0.8349999999999999 0.0750630511835314
-0.8339999999999999 0.0952457958958564
-0.8329999999999999 0.1152704437611445
-0.8319999999999999 0.1351317737228170
-0.8309999999999998 0.1548247049278502
-0.8299999999999998 0.1743442950613643
-0.8289999999999998 0.1936857386930893
-0.8279999999999998 0.2128443656356426
-0.8269999999999998 0.2318156393145922
-0.8259999999999998 0.2505951551502224
-0.8249999999999998 0.2691786389509645
-0.8239999999999998 0.2875619453184490
-0.8229999999999998 0.3057410560640976
-0.8219999999999998 0.3237120786372381
-0.8209999999999998 0.3414712445646623
-0.8199999999999998 0.3590149079015816
-0.8189999999999998 0.3763395436939483
-0.8179999999999998 0.3934417464520550
-0.8169999999999998 0.4103182286353854
-0.8159999999999998 0.4269658191486678
-0.8149999999999998 0.4433814618490574
-0.8139999999999998 0.4595622140644197
-0.8129999999999998 0.4755052451226455
-0.8119999999999998 0.4912078348919622
-0.8109999999999998 0.5066673723321757
-0.8099999999999998 0.5218813540568054
-0.8089999999999998 0.5368473829060527
-0.8079999999999998 0.5515631665305519
-0.8069999999999998 0.5660265159858657
-0.8059999999999998 0.5802353443376543
-0.8049999999999998 0.5941876652774878
-0.8039999999999998 0.6078815917492444
-0.8029999999999998 0.6213153345860355
-0.8019999999999998 0.6344872011576239
-0.8009999999999998 0.6473955940282794
-0.7999999999999998 0.6600390096250099
-0.7989999999999998 0.6724160369161472
-0.7979999999999998 0.6845253561002025
-0.7969999999999998 0.6963657373049739
-0.7959999999999998 0.7079360392968435
-0.7949999999999998 0.7192352082002058
-0.7939999999999998 0.7302622762270026
-0.7929999999999998 0.7410163604162932
-0.7919999999999998 0.7514966613838219
-0.7909999999999998 0.7617024620815394
-0.7899999999999998 0.7716331265670173
-0.7889999999999998 0.7812880987827197
-0.7879999999999998 0.7906669013450702
-0.7869999999999998 0.7997691343432893
-0.7859999999999998 0.8085944741479295
-0.7849999999999998 0.8171426722290769
-0.7839999999999998 0.8254135539841642
-0.7829999999999998 0.8334070175753542
-0.7819999999999998 0.8411230327764415
-0.7809999999999998 0.8485616398292286
-0.7799999999999998 0.8557229483093259
-0.7789999999999998 0.8626071360013364
-0.7779999999999998 0.8692144477833674
-0.7769999999999998 0.8755451945208385
-0.7759999999999998 0.8815997519695209
-0.7749999999999998 0.8873785596877755
-0.7739999999999998 0.8928821199579446
-0.7729999999999998 0.8981109967168381
-0.7719999999999998 0.9030658144952824
-0.7709999999999998 0.9077472573666827
-0.7699999999999998 0.9121560679045467
-0.7689999999999998 0.9162930461489301
-0.7679999999999998 0.9201590485817668
-0.7669999999999998 0.9237549871110151
-0.7659999999999998 0.9270818280636042
-0.7649999999999998 0.9301405911871127
-0.7639999999999998 0.9329323486601482
-0.7629999999999998 0.9354582241113761
-0.7619999999999998 0.9377193916471618
-0.7609999999999998 0.9397170748877673
-0.7599999999999998 0.9414525460120755
-0.7589999999999998 0.9429271248107848
-0.7579999999999998 0.9441421777480392
-0.7569999999999998 0.9450991170314420
-0.7559999999999998 0.9457993996904160
-0.7549999999999998 0.9462445266628650
-0.7539999999999998 0.9464360418900892
-0.7529999999999998 0.9463755314199201
-0.7519999999999998 0.9460646225180214
-0.7509999999999998 0.9455049827873181
-0.7499999999999998 0.9446983192955172
-0.7489999999999998 0.9436463777106613
-0.7479999999999998 0.9423509414446881
-0.7469999999999998 0.9408138308049487
-0.7459999999999998 0.9390369021536329
-0.7449999999999998 0.9370220470750773
-0.7439999999999998 0.9347711915508965
-0.7429999999999998 0.9322862951429072
-0.7419999999999998 0.9295693501837977
-0.7409999999999998 0.9266223809755008
-0.7399999999999998 0.9234474429952370
-0.7389999999999998 0.9200466221091708
-0.7379999999999998 0.9164220337936531
-0.7369999999999998 0.9125758223640039
-0.7359999999999998 0.9085101602107903
-0.7349999999999998 0.9042272470435655
-0.7339999999999998 0.8997293091420192
-0.7329999999999998 0.8950185986145129
-0.7319999999999998 0.8900973926639403
-0.7309999999999998 0.8849679928608906
-0.7299999999999998 0.8796327244240616
-0.7289999999999998 0.8740939355078908
-0.7279999999999998 0.8683539964973583
-0.7269999999999998 0.8624152993099239
-0.7259999999999998 0.8562802567045612
-0.7249999999999998 0.8499513015978434
-0.7239999999999998 0.8434308863870483
-0.7229999999999998 0.8367214822802314
-0.7219999999999998 0.8298255786332457
-0.7209999999999998 0.8227456822936500
-0.7199999999999998 0.8154843169514798
-0.7189999999999998 0.8080440224968362
-0.7179999999999997 0.8004273543842513
-0.7169999999999997 0.7926368830038029
-0.7159999999999997 0.7846751930589220
-0.7149999999999997 0.7765448829508751
-0.7139999999999997 0.7682485641698629
-0.7129999999999997 0.7597888606927121
-0.7119999999999997 0.7511684083871155
-0.7109999999999997 0.7423898544223821
-0.7099999999999997 0.7334558566866628
-0.7089999999999997 0.7243690832106102
-0.7079999999999997 0.7151322115974382
-0.7069999999999997 0.7057479284593395
-0.7059999999999997 0.6962189288602271
-0.7049999999999997 0.6865479157647651
-0.7039999999999997 0.6767375994936434
-0.7029999999999997 0.6667906971850640
-0.7019999999999997 0.6567099322624076
-0.7009999999999997 0.6464980339080286
-0.6999999999999997 0.6361577365431632
-0.6989999999999997 0.6256917793138888
-0.6979999999999997 0.6151029055831219
-0.6969999999999997 0.6043938624286023
-0.6959999999999997 0.5935674001468331
-0.6949999999999997 0.5826262717629431
-0.6939999999999997 0.5715732325464278
-0.6929999999999997 0.5604110395327409
-0.6919999999999997 0.5491424510506986
-0.6909999999999997 0.5377702262556530
-0.6899999999999997 0.5262971246684178
-0.6889999999999997 0.5147259057198865
-0.6879999999999997 0.5030593283013278
-0.6869999999999997 0.4913001503203144
-0.6859999999999997 0.4794511282622478
-0.6849999999999997 0.4675150167574549
-0.6839999999999997 0.4554945681538037
-0.6829999999999997 0.4433925320948257
-0.6819999999999997 0.4312116551032885
-0.6809999999999997 0.4189546801702002
-0.6799999999999997 0.4066243463492033
-0.6789999999999997 0.3942233883563272
-0.6779999999999997 0.3817545361750608
-0.6769999999999997 0.3692205146667178
-0.6759999999999997 0.3566240431860525
-0.6749999999999997 0.3439678352021046
-0.6739999999999997 0.3312545979242212
-0.6729999999999997 0.3184870319332420
-0.6719999999999997 0.3056678308178012
-0.6709999999999997 0.2927996808157147
-0.6699999999999997 0.2798852604604259
-0.6689999999999997 0.2669272402324683
-0.6679999999999997 0.2539282822159197
-0.6669999999999997 0.2408910397598069
-0.6659999999999997 0.2278181571444367
-0.6649999999999997 0.2147122692526148
-0.6639999999999997 0.2015760012457201
-0.6629999999999997 0.1884119682446075
-0.6619999999999997 0.1752227750152977
-0.6609999999999997 0.1620110156594332
-0.6599999999999997 0.1487792733094552
-0.6589999999999997 0.1355301198284820
-0.6579999999999997 0.1222661155148485
-0.6569999999999997 0.1089898088112805
-0.6559999999999997 0.0957037360186636
-0.6549999999999997 0.0824104210143909
-0.6539999999999997 0.0691123749752367
-0.6529999999999997 0.0558120961047474
-0.6519999999999997 0.0425120693650998
-0.6509999999999997 0.0292147662134051
-0.6499999999999997 0.0159226443424289
-0.6489999999999997 0.0026381474256883
-0.6479999999999997 0.0106362951330959
-0.6469999999999997 0.0238982684462266
-0.6459999999999997 0.0371453723839728
-0.6449999999999997 0.0503752218122435
-0.6439999999999997 0.0635854468260436
-0.6429999999999997 0.0767736929787186
-0.6419999999999997 0.0899376215070418
-0.6409999999999997 0.1030749095521555
-0.6399999999999997 0.1161832503764040
-0.6389999999999997 0.1292603535760927
-0.6379999999999997 0.1423039452901897
-0.6369999999999997 0.1553117684050140
-0.6359999999999997 0.1682815827549316
-0.6349999999999997 0.1812111653190890
-0.6339999999999997 0.1940983104142170
-0.6329999999999997 0.2069408298835295
-0.6319999999999997 0.2197365532817537
-0.6309999999999997 0.2324833280563081
-0.6299999999999997 0.2451790197246722
-0.6289999999999997 0.2578215120479644
-0.6279999999999997 0.2704087072007634
-0.6269999999999997 0.2829385259371989
-0.6259999999999997 0.2954089077533434
-0.6249999999999997 0.3078178110459247
-0.6239999999999997 0.3201632132674011
-0.6229999999999997 0.3324431110774129
-0.6219999999999997 0.3446555204906511
-0.6209999999999997 0.3567984770211584
-0.6199999999999997 0.3688700358231043
-0.6189999999999997 0.3808682718280459
-0.6179999999999997 0.3927912798787208
-0.6169999999999997 0.4046371748593791
-0.6159999999999997 0.4164040918227009
-0.6149999999999997 0.4280901861133111
-0.6139999999999997 0.4396936334879312
-0.6129999999999997 0.4512126302321819
-0.6119999999999997 0.4626453932740801
-0.6109999999999997 0.4739901602942392
-0.6099999999999997 0.4852451898328138
-0.6089999999999997 0.4964087613932066
-0.6079999999999997 0.5074791755425689
-0.6069999999999997 0.5184547540091169
-0.6059999999999997 0.5293338397762963
-0.6049999999999996 0.5401147971738144
-0.6039999999999996 0.5507960119655706
-0.6029999999999996 0.5613758914345073
-0.6019999999999996 0.5718528644644152
-0.6009999999999996 0.5822253816187055
-0.5999999999999996 0.5924919152161893
-0.5989999999999996 0.6026509594038780
-0.5979999999999996 0.6127010302268369
-0.5969999999999996 0.6226406656951159
-0.5959999999999996 0.6324684258477813
-0.5949999999999996 0.6421828928140748
-0.5939999999999996 0.6517826708717268
-0.5929999999999996 0.6612663865024411
-0.5919999999999996 0.6706326884445908
-0.5909999999999996 0.6798802477431318
-0.5899999999999996 0.6890077577967745
-0.5889999999999996 0.6980139344024272
-0.5879999999999996 0.7068975157969442
-0.5869999999999996 0.7156572626961943
-0.5859999999999996 0.7242919583314833
-0.5849999999999996 0.7328004084833463
-0.5839999999999996 0.7411814415127376
-0.5829999999999996 0.7494339083896449
-0.5819999999999996 0.7575566827191463
-0.5809999999999996 0.7655486607649364
-0.5799999999999996 0.7734087614703475
-0.5789999999999996 0.7811359264768836
-0.5779999999999996 0.7887291201402964
-0.5769999999999996 0.7961873295442249
-0.5759999999999996 0.8035095645114199
-0.5749999999999996 0.8106948576125783
-0.5739999999999996 0.8177422641728109
-0.5729999999999996 0.8246508622757653
-0.5719999999999996 0.8314197527654282
-0.5709999999999996 0.8380480592456254
-0.5699999999999996 0.8445349280772505
-0.5689999999999996 0.8508795283732391
-0.5679999999999996 0.8570810519913077
-0.5669999999999996 0.8631387135244886
-0.5659999999999996 0.8690517502894779
-0.5649999999999996 0.8748194223128160
-0.5639999999999996 0.8804410123149295
-0.5629999999999996 0.8859158256920524
-0.5619999999999996 0.8912431904960456
-0.5609999999999996 0.8964224574121455
-0.5599999999999996 0.9014529997346530
-0.5589999999999996 0.9063342133405905
-0.5579999999999996 0.9110655166613497
-0.5569999999999996 0.9156463506523447
-0.5559999999999996 0.9200761787607001
-0.5549999999999996 0.9243544868909883
-0.5539999999999996 0.9284807833690403
-0.5529999999999996 0.9324545989038533
-0.5519999999999996 0.9362754865476106
-0.5509999999999996 0.9399430216538365
-0.5499999999999996 0.9434568018337134
-0.5489999999999996 0.9468164469105674
-0.5479999999999996 0.9500215988725593
-0.5469999999999996 0.9530719218235898
-0.5459999999999996 0.9559671019324441
-0.5449999999999996 0.9587068473801934
-0.5439999999999996 0.9612908883058784
-0.5429999999999996 0.9637189767504890
-0.5419999999999996 0.9659908865992608
-0.5409999999999996 0.9681064135223164
-0.5399999999999996 0.9700653749136570
-0.5389999999999996 0.9718676098285370
-0.5379999999999996 0.9735129789192345
-0.5369999999999996 0.9750013643692375
-0.5359999999999996 0.9763326698258659
-0.5349999999999996 0.9775068203313522
-0.5339999999999996 0.9785237622523897
-0.5329999999999996 0.9793834632081826
-0.5319999999999996 0.9800859119970016
-0.5309999999999996 0.9806311185212717
-0.5299999999999996 0.9810191137112130
-0.5289999999999996 0.9812499494470476
-0.5279999999999996 0.9813236984797931
-0.5269999999999996 0.9812404543506621
-0.5259999999999996 0.9810003313090853
-0.5249999999999996 0.9806034642293786
-0.5239999999999996 0.9800500085260657
-0.5229999999999996 0.9793401400678833
-0.5219999999999996 0.9784740550904796
-0.5209999999999996 0.9774519701078279
-0.5199999999999996 0.9762741218223719
-0.5189999999999996 0.9749407670339196
-0.5179999999999996 0.9734521825473039
-0.5169999999999996 0.9718086650788276
-0.5159999999999996 0.9700105311615113
-0.5149999999999996 0.9680581170491560
-0.5139999999999996 0.9659517786192486
-0.5129999999999996 0.9636918912747121
-0.5119999999999996 0.9612788498445313
-0.5109999999999996 0.9587130684832634
-0.5099999999999996 0.9559949805694528
-0.5089999999999996 0.9531250386029626
-0.5079999999999996 0.9501037141012486
-0.5069999999999996 0.9469314974945796
-0.5059999999999996 0.9436088980202320
-0.5049999999999996 0.9401364436156674
-0.5039999999999996 0.9365146808107123
-0.5029999999999996 0.9327441746187551
-0.5019999999999996 0.9288255084269775
-0.5009999999999996 0.9247592838856323
-0.4999999999999996 0.9205461207963914
-0.4989999999999996 0.9161866569997686
-0.4979999999999996 0.9116815482616417
-0.4969999999999996 0.9070314681588848
-0.4959999999999996 0.9022371079641280
-0.4949999999999996 0.8972991765296588
-0.4939999999999996 0.8922184001704778
-0.4929999999999995 0.8869955225465307
-0.4919999999999995 0.8816313045441220
-0.4909999999999995 0.8761265241565352
-0.4899999999999995 0.8704819763638627
-0.4889999999999995 0.8646984730120737
-0.4879999999999995 0.8587768426913180
-0.4869999999999995 0.8527179306134971
-0.4859999999999995 0.8465225984891043
-0.4849999999999995 0.8401917244033517
-0.4839999999999995 0.8337262026916019
-0.4829999999999995 0.8271269438141104
-0.4819999999999995 0.8203948742301008
-0.4809999999999995 0.8135309362711791
-0.4799999999999995 0.8065360880141087
-0.4789999999999995 0.7994113031529473
-0.4779999999999995 0.7921575708705741
-0.4769999999999995 0.7847758957096088
-0.4759999999999995 0.7772672974427381
-0.4749999999999995 0.7696328109424688
-0.4739999999999995 0.7618734860503082
-0.4729999999999995 0.7539903874454008
-0.4719999999999995 0.7459845945126149
-0.4709999999999995 0.7378572012101086
-0.4699999999999995 0.7296093159363783
-0.4689999999999995 0.7212420613968002
-0.4679999999999995 0.7127565744696864
-0.4669999999999995 0.7041540060718591
-0.4659999999999995 0.6954355210237528
-0.4649999999999995 0.6866022979140693
-0.4639999999999995 0.6776555289639816
-0.4629999999999995 0.6685964198909050
-0.4619999999999995 0.6594261897718537
-0.4609999999999995 0.6501460709063774
-0.4599999999999995 0.6407573086791034
-0.4589999999999995 0.6312611614218921
-0.4579999999999995 0.6216589002756105
-0.4569999999999995 0.6119518090515410
-0.4559999999999995 0.6021411840924331
-0.4549999999999995 0.5922283341332075
-0.4539999999999995 0.5822145801613278
-0.4529999999999995 0.5721012552768406
-0.4519999999999995 0.5618897045521069
-0.4509999999999995 0.5515812848912194
-0.4499999999999995 0.5411773648891285
-0.4489999999999995 0.5306793246904796
-0.4479999999999995 0.5200885558481726
-0.4469999999999995 0.5094064611816529
-0.4459999999999995 0.4986344546349414
-0.4449999999999995 0.4877739611344186
-0.4439999999999995 0.4768264164463608
-0.4429999999999995 0.4657932670342466
-0.4419999999999995 0.4546759699158374
-0.4409999999999995 0.4434759925200433
-0.4399999999999995 0.4321948125435769
-0.4389999999999995 0.4208339178074110
-0.4379999999999995 0.4093948061130376
-0.4369999999999995 0.3978789850985488
-0.4359999999999995 0.3862879720945358
-0.4349999999999995 0.3746232939798174
-0.4339999999999995 0.3628864870370065
-0.4329999999999995 0.3510790968079211
-0.4319999999999995 0.3392026779488425
-0.4309999999999995 0.3272587940856341
-0.4299999999999995 0.3152490176687209
-0.4289999999999995 0.3031749298279413
-0.4279999999999995 0.2910381202272711
-0.4269999999999995 0.2788401869194304
-0.4259999999999995 0.2665827362003806
-0.4249999999999995 0.2542673824637083
-0.4239999999999995 0.2418957480549124
-0.4229999999999995 0.2294694631255869
-0.4219999999999995 0.2169901654875236
-0.4209999999999995 0.2044595004667120
-0.4199999999999995 0.1918791207572689
-0.4189999999999995 0.1792506862752804
-0.4179999999999995 0.1665758640125742
-0.4169999999999995 0.1538563278904180
-0.4159999999999995 0.1410937586131517
-0.4149999999999995 0.1282898435217541
-0.4139999999999995 0.1154462764473495
-0.4129999999999995 0.1025647575646566
-0.4119999999999995 0.0896469932453814
-0.4109999999999995 0.0766946959115550
-0.4099999999999995 0.0637095838888260
-0.4089999999999995 0.0506933812596980
-0.4079999999999995 0.0376478177167230
-0.4069999999999995 0.0245746284156498
-0.4059999999999995 0.0114755538285275
-0.4049999999999995 0.0016476604032371
-0.4039999999999995 0.0147932636158609
-0.4029999999999995 0.0279595002702100
-0.4019999999999995 0.0411446100988689
-0.4009999999999995 0.0543468282532475
-0.3999999999999995 0.0675643854507377
-0.3989999999999995 0.0807955081219041
-0.3979999999999995 0.0940384185577282
-0.3969999999999995 0.1072913350568923
-0.3959999999999995 0.1205524720731100
-0.3949999999999995 0.1338200403625108
-0.3939999999999995 0.1470922471310695
-0.3929999999999995 0.1603672961820927
-0.3919999999999995 0.1736433880637607
-0.3909999999999995 0.1869187202167268
-0.3899999999999995 0.2001914871217820
-0.3889999999999995 0.2134598804475836
-0.3879999999999995 0.2267220891984564
-0.3869999999999995 0.2399762998622642
-0.3859999999999995 0.2532206965583674
-0.3849999999999995 0.2664534611856600
-0.3839999999999995 0.2796727735706984
-0.3829999999999995 0.2928768116159230
-0.3819999999999995 0.3060637514479895
-0.3809999999999995 0.3192317675661968
-0.3799999999999994 0.3323790329910438
-0.3789999999999994 0.3455037194128978
-0.3779999999999994 0.3586039973407966
-0.3769999999999994 0.3716780362513907
-0.3759999999999994 0.3847240047380349
-0.3749999999999994 0.3977400706600259
-0.3739999999999994 0.4107244012920143
-0.3729999999999994 0.4236751634735897
-0.3719999999999994 0.4365905237590443
-0.3709999999999994 0.4494686485673420
-0.3699999999999994 0.4623077043322872
-0.3689999999999994 0.4751058576529110
-0.3679999999999994 0.4878612754440919
-0.3669999999999994 0.5005721250874166
-0.3659999999999994 0.5132365745822939
-0.3649999999999994 0.5258527926973414
-0.3639999999999994 0.5384189491220505
-0.3629999999999994 0.5509332146187496
-0.3619999999999994 0.5633937611748798
-0.3609999999999994 0.5757987621555954
-0.3599999999999994 0.5881463924567094
-0.3589999999999994 0.6004348286579935
-0.3579999999999994 0.6126622491768601
-0.3569999999999994 0.6248268344224321
-0.3559999999999994 0.6369267669500267
-0.3549999999999994 0.6489602316160696
-0.3539999999999994 0.6609254157334523
-0.3529999999999994 0.6728205092273682
-0.3519999999999994 0.6846437047916267
-0.3509999999999994 0.6963931980454827
-0.3499999999999994 0.7080671876909959
-0.3489999999999994 0.7196638756709439
-0.3479999999999994 0.7311814673273049
-0.3469999999999994 0.7426181715603497
-0.3459999999999994 0.7539722009883472
-0.3449999999999994 0.7652417721079190
-0.3439999999999994 0.7764251054550706
-0.3429999999999994 0.7875204257669148
-0.3419999999999994 0.7985259621441241
-0.3409999999999994 0.8094399482141292
-0.3399999999999994 0.8202606222951063
-0.3389999999999994 0.8309862275607609
-0.3379999999999994 0.8416150122059571
-0.3369999999999994 0.8521452296132119
-0.3359999999999994 0.8625751385200837
-0.3349999999999994 0.8729030031874956
-0.3339999999999994 0.8831270935690112
-0.3329999999999994 0.8932456854811173
-0.3319999999999994 0.9032570607745181
-0.3309999999999994 0.9131595075065044
-0.3299999999999994 0.9229513201144113
-0.3289999999999994 0.9326307995902121
-0.3279999999999994 0.9421962536562798
-0.3269999999999994 0.9516459969423561
-0.3259999999999994 0.9609783511637637
-0.3249999999999994 0.9701916453009019
-0.3239999999999994 0.9792842157800690
-0.3229999999999994 0.9882544066556447
-0.3219999999999994 0.9971005697936772
-0.3209999999999994 1.0058210650569255
-0.3199999999999994 1.0144142604913788
-0.3189999999999994 1.0228785325143250
-0.3179999999999994 1.0312122661039893
-0.3169999999999994 1.0394138549907976
-0.3159999999999994 1.0474817018503177
-0.3149999999999994 1.0554142184979101
-0.3139999999999994 1.0632098260851532
-0.3129999999999994 1.0708669552980807
-0.3119999999999994 1.0783840465572823
-0.3109999999999994 1.0857595502199253
-0.3099999999999994 1.0929919267837405
-0.3089999999999994 1.1000796470930287
-0.3079999999999994 1.1070211925467435
-0.3069999999999994 1.1138150553086970
-0.3059999999999994 1.1204597385199553
-0.3049999999999994 1.1269537565134631
-0.3039999999999994 1.1332956350309744
-0.3029999999999994 1.1394839114423307
-0.3019999999999994 1.1455171349671474
-0.3009999999999994 1.1513938668989812
-0.2999999999999994 1.1571126808320211
-0.2989999999999994 1.1626721628903729
-0.2979999999999994 1.1680709119600026
-0.2969999999999994 1.1733075399233905
-0.2959999999999994 1.1783806718969705
-0.2949999999999994 1.1832889464714127
-0.2939999999999994 1.1880310159548177
-0.2929999999999994 1.1926055466188836
-0.2919999999999994 1.1970112189481197
-0.2909999999999994 1.2012467278921681
-0.2899999999999994 1.2053107831213041
-0.2889999999999994 1.2092021092851870
-0.2879999999999994 1.2129194462749191
-0.2869999999999994 1.2164615494885047
-0.2859999999999994 1.2198271900997570
-0.2849999999999994 1.2230151553307362
-0.2839999999999994 1.2260242487277970
-0.2829999999999994 1.2288532904412992
-0.2819999999999994 1.2315011175090758
-0.2809999999999994 1.2339665841437129
-0.2799999999999994 1.2362485620237402
-0.2789999999999994 1.2383459405887722
-0.2779999999999994 1.2402576273387129
-0.2769999999999994 1.2419825481370668
-0.2759999999999994 1.2435196475184587
-0.2749999999999994 1.2448678890004143
-0.2739999999999994 1.2460262553994976
-0.2729999999999994 1.2469937491518683
-0.2719999999999994 1.2477693926383415
-0.2709999999999994 1.2483522285140247
-0.2699999999999994 1.2487413200426081
-0.2689999999999994 1.2489357514353867
-0.2679999999999993 1.2489346281950826
-0.2669999999999993 1.2487370774645554
-0.2659999999999993 1.2483422483804669
-0.2649999999999993 1.2477493124319776
-0.2639999999999993 1.2469574638245506
-0.2629999999999993 1.2459659198489410
-0.2619999999999993 1.2447739212554247
-0.2609999999999993 1.2433807326333757
-0.2599999999999993 1.2417856427962262
-0.2589999999999993 1.2399879651719001
-0.2579999999999993 1.2379870381987859
-0.2569999999999993 1.2357822257273188
-0.2559999999999993 1.2333729174272392
-0.2549999999999993 1.2307585292005805
-0.2539999999999993 1.2279385036004775
-0.2529999999999993 1.2249123102558306
-0.2519999999999993 1.2216794463019003
-0.2509999999999993 1.2182394368168936
-0.2499999999999993 1.2145918352645788
-0.2489999999999993 1.2107362239430168
-0.2479999999999993 1.2066722144394222
-0.2469999999999993 1.2023994480912357
-0.2459999999999993 1.1979175964534285
-0.2449999999999993 1.1932263617721053
-0.2439999999999993 1.1883254774644239
-0.2429999999999993 1.1832147086048816
-0.2419999999999993 1.1778938524179994
-0.2409999999999993 1.1723627387774296
-0.2399999999999993 1.1666212307115096
-0.2389999999999993 1.1606692249152966
-0.2379999999999993 1.1545066522690761
-0.2369999999999993 1.1481334783633814
-0.2359999999999993 1.1415497040305103
-0.2349999999999993 1.1347553658825511
-0.2339999999999993 1.1277505368559031
-0.2329999999999993 1.1205353267623064
-0.2319999999999993 1.1131098828463251
-0.2309999999999993 1.1054743903492961
-0.2299999999999993 1.0976290730797031
-0.2289999999999993 1.0895741939899248
-0.2279999999999993 1.0813100557593383
-0.2269999999999993 1.0728370013837063
-0.2259999999999993 1.0641554147708048
-0.2249999999999993 1.0552657213422023
-0.2239999999999993 1.0461683886411408
-0.2229999999999993 1.0368639269464048
-0.2219999999999993 1.0273528898921129
-0.2209999999999993 1.0176358750932955
-0.2199999999999993 1.0077135247771731
-0.2189999999999993 0.9975865264199899
-0.2179999999999993 0.9872556133892640
-0.2169999999999993 0.9767215655913306
-0.2159999999999993 0.9659852101239896
-0.2149999999999993 0.9550474219340970
-0.2139999999999993 0.9439091244799092
-0.2129999999999993 0.9325712903980068
-0.2119999999999993 0.9210349421745376
-0.2109999999999993 0.9093011528205994
-0.2099999999999993 0.8973710465514930
-0.2089999999999993 0.8852457994695953
-0.2079999999999993 0.8729266402505922
-0.2069999999999993 0.8604148508327594
-0.2059999999999993 0.8477117671090131
-0.2049999999999993 0.8348187796213833
-0.2039999999999993 0.8217373342575871
-0.2029999999999993 0.8084689329493373
-0.2019999999999993 0.7950151343720111
-0.2009999999999993 0.7813775546452670
-0.1999999999999993 0.7675578680342348
-0.1989999999999993 0.7535578076507772
-0.1979999999999993 0.7393791661544391
-0.1969999999999993 0.7250237964525392
-0.1959999999999993 0.7104936123989489
-0.1949999999999993 0.6957905894910019
-0.1939999999999993 0.6809167655640160
-0.1929999999999993 0.6658742414828294
-0.1919999999999993 0.6506651818297748
-0.1909999999999993 0.6352918155884595
-0.1899999999999993 0.6197564368227106
-0.1889999999999993 0.6040614053500155
-0.1879999999999993 0.5882091474087572
-0.1869999999999993 0.5722021563185087
-0.1859999999999993 0.5560429931326589
-0.1849999999999993 0.5397342872825628
-0.1839999999999993 0.5232787372124252
-0.1829999999999993 0.5066791110040718
-0.1819999999999993 0.4899382469907305
-0.1809999999999993 0.4730590543589632
-0.1799999999999993 0.4560445137377678
-0.1789999999999993 0.4388976777739302
-0.1779999999999993 0.4216216716926326
-0.1769999999999993 0.4042196938422826
-0.1759999999999993 0.3866950162225318
-0.1749999999999993 0.3690509849943773
-0.1739999999999993 0.3512910209712583
-0.1729999999999993 0.3334186200899776
-0.1719999999999993 0.3154373538602817
-0.1709999999999993 0.2973508697918739
-0.1699999999999993 0.2791628917976405
-0.1689999999999993 0.2608772205717775
-0.1679999999999993 0.2424977339415468
-0.1669999999999993 0.2240283871912845
-0.1659999999999993 0.2054732133573114
-0.1649999999999993 0.1868363234923343
-0.1639999999999993 0.1681219068978899
-0.1629999999999993 0.1493342313233716
-0.1619999999999993 0.1304776431301420
-0.1609999999999993 0.1115565674191847
-0.1599999999999993 0.0925755081207602
-0.1589999999999993 0.0735390480444491
-0.1579999999999993 0.0544518488879788
-0.1569999999999993 0.0353186512031929
-0.1559999999999993 0.0161442743174742
-0.1549999999999992 0.0030663837910558
-0.1539999999999992 0.0223083466663061
-0.1529999999999992 0.0415765595966842
-0.1519999999999992 0.0608658898890302
-0.1509999999999992 0.0801711271958188
-0.1499999999999992 0.0994869838974313
-0.1489999999999992 0.1188080955412967
-0.1479999999999992 0.1381290213398012
-0.1469999999999992 0.1574442447287470
-0.1459999999999992 0.1767481739882872
-0.1449999999999992 0.1960351429281721
-0.1439999999999992 0.2152994116392062
-0.1429999999999992 0.2345351673127904
-0.1419999999999992 0.2537365251304582
-0.1409999999999992 0.2728975292252565
-0.1399999999999992 0.2920121537168887
-0.1389999999999992 0.3110743038224810
-0.1379999999999992 0.3300778170448289
-0.1369999999999992 0.3490164644399938
-0.1359999999999992 0.3678839519660699
-0.1349999999999992 0.3866739219149524
-0.1339999999999992 0.4053799544288732
-0.1329999999999992 0.4239955691034849
-0.1319999999999992 0.4425142266792288
-0.1309999999999992 0.4609293308226508
-0.1299999999999992 0.4792342299993337
-0.1289999999999992 0.4974222194400717
-0.1279999999999992 0.5154865432017885
-0.1269999999999992 0.5334203963247579
-0.1259999999999992 0.5512169270875220
-0.1249999999999992 0.5688692393609025
-0.1239999999999992 0.5863703950623980
-0.1229999999999992 0.6037134167122011
-0.1219999999999992 0.6208912900919645
-0.1209999999999992 0.6378969670073946
-0.1199999999999992 0.6547233681556128
-0.1189999999999992 0.6713633860981676
-0.1179999999999992 0.6878098883404364
-0.1169999999999992 0.7040557205180868
-0.1159999999999992 0.7200937096911129
-0.1149999999999992 0.7359166677458497
-0.1139999999999992 0.7515173949052580
-0.1129999999999992 0.7668886833476103
-0.1119999999999992 0.7820233209335656
-0.1109999999999992 0.7969140950415179
-0.1099999999999992 0.8115537965108648
-0.1089999999999992 0.8259352236927753
-0.1079999999999992 0.8400511866077878
-0.1069999999999992 0.8538945112094556
-0.1059999999999992 0.8674580437530404
-0.1049999999999992 0.8807346552680828
-0.1039999999999992 0.8937172461334844
-0.1029999999999992 0.9063987507535520
-0.1019999999999992 0.9187721423332107
-0.1009999999999992 0.9308304377504548
-0.0999999999999992 0.9425667025238091
-0.0989999999999992 0.9539740558724281
-0.0979999999999992 0.9650456758661803
-0.0969999999999992 0.9757748046628878
-0.0959999999999992 0.9861547538296129
-0.0949999999999992 0.9961789097446840
-0.0939999999999992 1.0058407390768931
-0.0929999999999992 1.0151337943380736
-0.0919999999999992 1.0240517195049952
-0.0909999999999992 1.0325882557063033
-0.0899999999999992 1.0407372469699445
-0.0889999999999992 1.0484926460263151
-0.0879999999999992 1.0558485201620491
-0.0869999999999992 1.0627990571192134
-0.0859999999999992 1.0693385710343211
-0.0849999999999992 1.0754615084114132
-0.0839999999999992 1.0811624541231524
-0.0829999999999992 1.0864361374336662
-0.0819999999999992 1.0912774380366066
-0.0809999999999992 1.0956813921016981
-0.0799999999999992 1.0996431983227442
-0.0789999999999992 1.1031582239599189
-0.0779999999999992 1.1062220108688741
-0.0769999999999992 1.1088302815090321
-0.0759999999999992 1.1109789449231839
-0.0749999999999992 1.1126641026803454
-0.0739999999999992 1.1138820547736181
-0.0729999999999992 1.1146293054646290
-0.0719999999999992 1.1149025690659409
-0.0709999999999992 1.1146987756526736
-0.0699999999999992 1.1140150766944530
-0.0689999999999992 1.1128488505986209
-0.0679999999999992 1.1111977081555753
-0.0669999999999992 1.1090594978769692
-0.0659999999999992 1.1064323112174193
-0.0649999999999992 1.1033144876703211
-0.0639999999999992 1.0997046197282621
-0.0629999999999992 1.0956015576985578
-0.0619999999999992 1.0910044143643487
-0.0609999999999992 1.0859125694817453
-0.0599999999999992 1.0803256741034963
-0.0589999999999992 1.0742436547197105
-0.0579999999999992 1.0676667172062224
-0.0569999999999992 1.0605953505712764
-0.0559999999999992 1.0530303304912811
-0.0549999999999992 1.0449727226265628
-0.0539999999999992 1.0364238857081469
-0.0529999999999992 1.0273854743867950
-0.0519999999999992 1.0178594418357010
-0.0509999999999992 1.0078480420984950
-0.0499999999999992 0.9973538321744122
-0.0489999999999992 0.9863796738327679
-0.0479999999999992 0.9749287351491758
-0.0469999999999992 0.9630044917562115
-0.0459999999999992 0.9506107278016378
-0.0449999999999992 0.9377515366075717
-0.0439999999999992 0.9244313210244322
-0.0429999999999992 0.9106547934738469
-0.0419999999999991 0.8964269756751670
-0.0409999999999991 0.8817531980506508
-0.0399999999999991 0.8666390988048456
-0.0389999999999991 0.8510906226741961
-0.0379999999999991 0.8351140193433884
-0.0369999999999991 0.8187158415254683
-0.0359999999999991 0.8019029427033052
-0.0349999999999991 0.7846824745305275
-0.0339999999999991 0.7670618838906185
-0.0329999999999991 0.7490489096134312
-0.0319999999999991 0.7306515788489898
-0.0309999999999991 0.7118782030990365
-0.0299999999999991 0.6927373739073852
-0.0289999999999991 0.6732379582107706
-0.0279999999999991 0.6533890933525139
-0.0269999999999991 0.6332001817619275
-0.0259999999999991 0.6126808853030496
-0.0249999999999991 0.5918411192968884
-0.0239999999999991 0.5706910462220377
-0.0229999999999991 0.5492410690991065
-0.0219999999999991 0.5275018245650723
-0.0209999999999991 0.5054841756442594
-0.0199999999999991 0.4831992042232723
-0.0189999999999991 0.4606582032378129
-0.0179999999999991 0.4378726685799057
-0.0169999999999991 0.4148542907346287
-0.0159999999999991 0.3916149461560222
-0.0149999999999991 0.3681666883923925
-0.0139999999999991 0.3445217389717563
-0.0129999999999991 0.3206924780586915
-0.0119999999999991 0.2966914348943453
-0.0109999999999991 0.2725312780318186
-0.0099999999999991 0.2482248053795969
-0.0089999999999991 0.2237849340661061
-0.0079999999999991 0.1992246901388759
-0.0069999999999991 0.1745571981121495
-0.0059999999999991 0.1497956703771124
-0.0049999999999991 0.1249533964892271
-0.0039999999999991 0.1000437323474229
-0.0029999999999991 0.0750800892801368
-0.0019999999999991 0.0500759230534115
-0.0009999999999991 0.0250447228164248
0.0000000000000009 0.0000000000000294
0.0010000000000009 0.0250447228164835
0.0020000000000009 0.0500759230534703
0.0030000000000009 0.0750800892801955
0.0040000000000009 0.1000437323474814
0.0050000000000009 0.1249533964892856
0.0060000000000009 0.1497956703771707
0.0070000000000009 0.1745571981122076
0.0080000000000009 0.1992246901389340
0.0090000000000009 0.2237849340661637
0.0100000000000009 0.2482248053796545
0.0110000000000009 0.2725312780318760
0.0120000000000009 0.2966914348944023
0.0130000000000009 0.3206924780587483
0.0140000000000009 0.3445217389718128
0.0150000000000009 0.3681666883924485
0.0160000000000009 0.3916149461560779
0.0170000000000009 0.4148542907346837
0.0180000000000009 0.4378726685799602
0.0190000000000009 0.4606582032378671
0.0200000000000009 0.4831992042233262
0.0210000000000009 0.5054841756443129
0.0220000000000009 0.5275018245651257
0.0230000000000009 0.5492410690991592
0.0240000000000009 0.5706910462220891
0.0250000000000009 0.5918411192969397
0.0260000000000009 0.6126808853031001
0.0270000000000009 0.6332001817619777
0.0280000000000009 0.6533890933525632
0.0290000000000009 0.6732379582108192
0.0300000000000009 0.6927373739074334
0.0310000000000009 0.7118782030990847
0.0320000000000009 0.7306515788490363
0.0330000000000009 0.7490489096134774
0.0340000000000009 0.7670618838906647
0.0350000000000009 0.7846824745305725
0.0360000000000009 0.8019029427033493
0.0370000000000009 0.8187158415255116
0.0380000000000009 0.8351140193434310
0.0390000000000009 0.8510906226742381
0.0400000000000009 0.8666390988048862
0.0410000000000009 0.8817531980506903
0.0420000000000009 0.8964269756752070
0.0430000000000009 0.9106547934738856
0.0440000000000009 0.9244313210244699
0.0450000000000009 0.9377515366076086
0.0460000000000009 0.9506107278016727
0.0470000000000009 0.9630044917562470
0.0480000000000009 0.9749287351492102
0.0490000000000009 0.9863796738328019
0.0500000000000009 0.9973538321744446
0.0510000000000009 1.0078480420985270
0.0520000000000009 1.0178594418357321
0.0530000000000009 1.0273854743868249
0.0540000000000009 1.0364238857081760
0.0550000000000009 1.0449727226265906
0.0560000000000009 1.0530303304913082
0.0570000000000009 1.0605953505713035
0.0580000000000009 1.0676667172062477
0.0590000000000009 1.0742436547197340
0.0600000000000009 1.0803256741035194
0.0610000000000009 1.0859125694817677
0.0620000000000009 1.0910044143643693
0.0630000000000009 1.0956015576985774
0.0640000000000009 1.0997046197282820
0.0650000000000009 1.1033144876703402
0.0660000000000009 1.1064323112174370
0.0670000000000009 1.1090594978769854
0.0680000000000009 1.1111977081555906
0.0690000000000009 1.1128488505986356
0.0700000000000009 1.1140150766944674
0.0710000000000009 1.1146987756526869
0.0720000000000009 1.1149025690659524
0.0730000000000009 1.1146293054646406
0.0740000000000009 1.1138820547736288
0.0750000000000009 1.1126641026803543
0.0760000000000009 1.1109789449231924
0.0770000000000009 1.1088302815090405
0.0780000000000009 1.1062220108688812
0.0790000000000009 1.1031582239599249
0.0800000000000009 1.0996431983227501
0.0810000000000009 1.0956813921017023
0.0820000000000009 1.0912774380366106
0.0830000000000009 1.0864361374336688
0.0840000000000009 1.0811624541231546
0.0850000000000009 1.0754615084114136
0.0860000000000010 1.0693385710343208
0.0870000000000010 1.0627990571192121
0.0880000000000010 1.0558485201620473
0.0890000000000010 1.0484926460263120
0.0900000000000010 1.0407372469699419
0.0910000000000010 1.0325882557062993
0.0920000000000010 1.0240517195049907
0.0930000000000010 1.0151337943380678
0.0940000000000010 1.0058407390768873
0.0950000000000010 0.9961789097446774
0.0960000000000010 0.9861547538296058
0.0970000000000010 0.9757748046628794
0.0980000000000010 0.9650456758661718
0.0990000000000010 0.9539740558724188
0.1000000000000010 0.9425667025237989
0.1010000000000010 0.9308304377504442
0.1020000000000010 0.9187721423331996
0.1030000000000010 0.9063987507535400
0.1040000000000010 0.8937172461334719
0.1050000000000010 0.8807346552680690
0.1060000000000010 0.8674580437530257
0.1070000000000010 0.8538945112094409
0.1080000000000010 0.8400511866077727
0.1090000000000010 0.8259352236927602
0.1100000000000010 0.8115537965108497
0.1110000000000010 0.7969140950415015
0.1120000000000010 0.7820233209335483
0.1130000000000010 0.7668886833475925
0.1140000000000010 0.7515173949052407
0.1150000000000010 0.7359166677458302
0.1160000000000010 0.7200937096910938
0.1170000000000010 0.7040557205180664
0.1180000000000010 0.6878098883404156
0.1190000000000010 0.6713633860981467
0.1200000000000010 0.6547233681555924
0.1210000000000010 0.6378969670073737
0.1220000000000010 0.6208912900919419
0.1230000000000010 0.6037134167121785
0.1240000000000010 0.5863703950623758
0.1250000000000010 0.5688692393608785
0.1260000000000010 0.5512169270874985
0.1270000000000010 0.5334203963247348
0.1280000000000010 0.5154865432017650
0.1290000000000010 0.4974222194400477
0.1300000000000010 0.4792342299993106
0.1310000000000010 0.4609293308226250
0.1320000000000010 0.4425142266792048
0.1330000000000010 0.4239955691034600
0.1340000000000010 0.4053799544288474
0.1350000000000010 0.3866739219149267
0.1360000000000010 0.3678839519660451
0.1370000000000010 0.3490164644399680
0.1380000000000010 0.3300778170448027
0.1390000000000010 0.3110743038224553
0.1400000000000010 0.2920121537168621
0.1410000000000010 0.2728975292252298
0.1420000000000010 0.2537365251304324
0.1430000000000010 0.2345351673127629
0.1440000000000010 0.2152994116391787
0.1450000000000010 0.1960351429281446
0.1460000000000010 0.1767481739882601
0.1470000000000010 0.1574442447287190
0.1480000000000010 0.1381290213397732
0.1490000000000010 0.1188080955412687
0.1500000000000010 0.0994869838974020
0.1510000000000010 0.0801711271957917
0.1520000000000010 0.0608658898890018
0.1530000000000010 0.0415765595966562
0.1540000000000010 0.0223083466662772
0.1550000000000010 0.0030663837910279
0.1560000000000010 0.0161442743175018
0.1570000000000010 0.0353186512032213
0.1580000000000010 0.0544518488880068
0.1590000000000010 0.0735390480444784
0.1600000000000010 0.0925755081207900
0.1610000000000010 0.1115565674192127
0.1620000000000010 0.1304776431301709
0.1630000000000010 0.1493342313234005
0.1640000000000010 0.1681219068979192
0.1650000000000010 0.1868363234923636
0.1660000000000010 0.2054732133573403
0.1670000000000010 0.2240283871913120
0.1680000000000010 0.2424977339415753
0.1690000000000010 0.2608772205718055
0.1700000000000010 0.2791628917976690
0.1710000000000010 0.2973508697919032
0.1720000000000010 0.3154373538603097
0.1730000000000010 0.3334186200900064
0.1740000000000010 0.3512910209712863
0.1750000000000010 0.3690509849944048
0.1760000000000010 0.3866950162225598
0.1770000000000010 0.4042196938423110
0.1780000000000010 0.4216216716926597
0.1790000000000010 0.4388976777739568
0.1800000000000010 0.4560445137377958
0.1810000000000010 0.4730590543589916
0.1820000000000010 0.4899382469907581
0.1830000000000010 0.5066791110040976
0.1840000000000010 0.5232787372124523
0.1850000000000010 0.5397342872825894
0.1860000000000010 0.5560429931326847
0.1870000000000010 0.5722021563185344
0.1880000000000010 0.5882091474087829
0.1890000000000010 0.6040614053500417
0.1900000000000010 0.6197564368227360
0.1910000000000010 0.6352918155884852
0.1920000000000010 0.6506651818298010
0.1930000000000010 0.6658742414828551
0.1940000000000010 0.6809167655640405
0.1950000000000010 0.6957905894910268
0.1960000000000010 0.7104936123989738
0.1970000000000010 0.7250237964525641
0.1980000000000010 0.7393791661544644
0.1990000000000010 0.7535578076508012
0.2000000000000010 0.7675578680342592
0.2010000000000010 0.7813775546452919
0.2020000000000010 0.7950151343720342
0.2030000000000010 0.8084689329493604
0.2040000000000010 0.8217373342576098
0.2050000000000010 0.8348187796214059
0.2060000000000010 0.8477117671090353
0.2070000000000010 0.8604148508327811
0.2080000000000010 0.8729266402506139
0.2090000000000010 0.8852457994696175
0.2100000000000010 0.8973710465515152
0.2110000000000010 0.9093011528206221
0.2120000000000010 0.9210349421745598
0.2130000000000010 0.9325712903980281
0.2140000000000011 0.9439091244799309
0.2150000000000011 0.9550474219341170
0.2160000000000011 0.9659852101240114
0.2170000000000011 0.9767215655913515
0.2180000000000011 0.9872556133892836
0.2190000000000011 0.9975865264200086
0.2200000000000011 1.0077135247771931
0.2210000000000011 1.0176358750933150
0.2220000000000011 1.0273528898921316
0.2230000000000011 1.0368639269464239
0.2240000000000011 1.0461683886411599
0.2250000000000011 1.0552657213422205
0.2260000000000011 1.0641554147708230
0.2270000000000011 1.0728370013837241
0.2280000000000011 1.0813100557593551
0.2290000000000011 1.0895741939899426
0.2300000000000011 1.0976290730797200
0.2310000000000011 1.1054743903493129
0.2320000000000011 1.1131098828463415
0.2330000000000011 1.1205353267623228
0.2340000000000011 1.1277505368559186
0.2350000000000011 1.1347553658825658
0.2360000000000011 1.1415497040305262
0.2370000000000011 1.1481334783633970
0.2380000000000011 1.1545066522690903
0.2390000000000011 1.1606692249153117
0.2400000000000011 1.1666212307115238
0.2410000000000011 1.1723627387774438
0.2420000000000011 1.1778938524180131
0.2430000000000011 1.1832147086048947
0.2440000000000011 1.1883254774644370
0.2450000000000011 1.1932263617721182
0.2460000000000011 1.1979175964534410
0.2470000000000011 1.2023994480912472
0.2480000000000011 1.2066722144394353
0.2490000000000011 1.2107362239430290
0.2500000000000011 1.2145918352645917
0.2510000000000011 1.2182394368169056
0.2520000000000011 1.2216794463019121
0.2530000000000011 1.2249123102558410
0.2540000000000011 1.2279385036004877
0.2550000000000011 1.2307585292005907
0.2560000000000011 1.2333729174272487
0.2570000000000011 1.2357822257273290
0.2580000000000011 1.2379870381987950
0.2590000000000011 1.2399879651719099
0.2600000000000011 1.2417856427962357
0.2610000000000011 1.2433807326333846
0.2620000000000011 1.2447739212554330
0.2630000000000011 1.2459659198489481
0.2640000000000011 1.2469574638245586
0.2650000000000011 1.2477493124319854
0.2660000000000011 1.2483422483804747
0.2670000000000011 1.2487370774645621
0.2680000000000011 1.2489346281950897
0.2690000000000011 1.2489357514353936
0.2700000000000011 1.2487413200426150
0.2710000000000011 1.2483522285140307
0.2720000000000011 1.2477693926383475
0.2730000000000011 1.2469937491518737
0.2740000000000011 1.2460262553995034
0.2750000000000011 1.2448678890004197
0.2760000000000011 1.2435196475184638
0.2770000000000011 1.2419825481370719
0.2780000000000011 1.2402576273387174
0.2790000000000011 1.2383459405887773
0.2800000000000011 1.2362485620237442
0.2810000000000011 1.2339665841437166
0.2820000000000011 1.2315011175090789
0.2830000000000011 1.2288532904413032
0.2840000000000011 1.2260242487278006
0.2850000000000011 1.2230151553307398
0.2860000000000011 1.2198271900997595
0.2870000000000011 1.2164615494885072
0.2880000000000011 1.2129194462749211
0.2890000000000011 1.2092021092851883
0.2900000000000011 1.2053107831213064
0.2910000000000011 1.2012467278921701
0.2920000000000011 1.1970112189481208
0.2930000000000011 1.1926055466188854
0.2940000000000011 1.1880310159548184
0.2950000000000011 1.1832889464714136
0.2960000000000011 1.1783806718969709
0.2970000000000011 1.1733075399233908
0.2980000000000011 1.1680709119600026
0.2990000000000011 1.1626721628903727
0.3000000000000011 1.1571126808320202
0.3010000000000011 1.1513938668989803
0.3020000000000011 1.1455171349671469
0.3030000000000011 1.1394839114423296
0.3040000000000011 1.1332956350309735
0.3050000000000011 1.1269537565134620
0.3060000000000011 1.1204597385199531
0.3070000000000011 1.1138150553086952
0.3080000000000011 1.1070211925467417
0.3090000000000011 1.1000796470930265
0.3100000000000011 1.0929919267837385
0.3110000000000011 1.0857595502199229
0.3120000000000011 1.0783840465572800
0.3130000000000011 1.0708669552980783
0.3140000000000011 1.0632098260851497
0.3150000000000011 1.0554142184979070
0.3160000000000011 1.0474817018503144
0.3170000000000011 1.0394138549907943
0.3180000000000011 1.0312122661039858
0.3190000000000011 1.0228785325143215
0.3200000000000011 1.0144142604913740
0.3210000000000011 1.0058210650569213
0.3220000000000011 0.9971005697936730
0.3230000000000011 0.9882544066556402
0.3240000000000011 0.9792842157800647
0.3250000000000011 0.9701916453008970
0.3260000000000011 0.9609783511637588
0.3270000000000011 0.9516459969423512
0.3280000000000011 0.9421962536562749
0.3290000000000011 0.9326307995902066
0.3300000000000011 0.9229513201144059
0.3310000000000011 0.9131595075064984
0.3320000000000011 0.9032570607745123
0.3330000000000011 0.8932456854811108
0.3340000000000011 0.8831270935690050
0.3350000000000011 0.8729030031874889
0.3360000000000011 0.8625751385200779
0.3370000000000011 0.8521452296132059
0.3380000000000011 0.8416150122059505
0.3390000000000011 0.8309862275607540
0.3400000000000011 0.8202606222950992
0.3410000000000011 0.8094399482141226
0.3420000000000011 0.7985259621441172
0.3430000000000011 0.7875204257669077
0.3440000000000011 0.7764251054550633
0.3450000000000011 0.7652417721079117
0.3460000000000011 0.7539722009883396
0.3470000000000011 0.7426181715603422
0.3480000000000011 0.7311814673272967
0.3490000000000011 0.7196638756709364
0.3500000000000011 0.7080671876909883
0.3510000000000011 0.6963931980454752
0.3520000000000011 0.6846437047916185
0.3530000000000011 0.6728205092273598
0.3540000000000011 0.6609254157334445
0.3550000000000011 0.6489602316160608
0.3560000000000011 0.6369267669500187
0.3570000000000011 0.6248268344224237
0.3580000000000012 0.6126622491768516
0.3590000000000012 0.6004348286579850
0.3600000000000012 0.5881463924567008
0.3610000000000012 0.5757987621555873
0.3620000000000012 0.5633937611748703
0.3630000000000012 0.5509332146187406
0.3640000000000012 0.5384189491220410
0.3650000000000012 0.5258527926973320
0.3660000000000012 0.5132365745822849
0.3670000000000012 0.5005721250874064
0.3680000000000012 0.4878612754440825
0.3690000000000012 0.4751058576529016
0.3700000000000012 0.4623077043322772
0.3710000000000012 0.4494686485673326
0.3720000000000012 0.4365905237590341
0.3730000000000012 0.4236751634735795
0.3740000000000012 0.4107244012920048
0.3750000000000012 0.3977400706600163
0.3760000000000012 0.3847240047380253
0.3770000000000012 0.3716780362513815
0.3780000000000012 0.3586039973407861
0.3790000000000012 0.3455037194128878
0.3800000000000012 0.3323790329910344
0.3810000000000012 0.3192317675661868
0.3820000000000012 0.3060637514479791
0.3830000000000012 0.2928768116159129
0.3840000000000012 0.2796727735706882
0.3850000000000012 0.2664534611856502
0.3860000000000012 0.2532206965583573
0.3870000000000012 0.2399762998622538
0.3880000000000012 0.2267220891984459
0.3890000000000012 0.2134598804475739
0.3900000000000012 0.2001914871217719
0.3910000000000012 0.1869187202167162
0.3920000000000012 0.1736433880637498
0.3930000000000012 0.1603672961820825
0.3940000000000012 0.1470922471310595
0.3950000000000012 0.1338200403625005
0.3960000000000012 0.1205524720730993
0.3970000000000012 0.1072913350568817
0.3980000000000012 0.0940384185577180
0.3990000000000012 0.0807955081218938
0.4000000000000012 0.0675643854507268
0.4010000000000012 0.0543468282532376
0.4020000000000012 0.0411446100988579
0.4030000000000012 0.0279595002701994
0.4040000000000012 0.0147932636158502
0.4050000000000012 0.0016476604032266
0.4060000000000012 0.0114755538285377
0.4070000000000012 0.0245746284156602
0.4080000000000012 0.0376478177167334
0.4090000000000012 0.0506933812597085
0.4100000000000012 0.0637095838888365
0.4110000000000012 0.0766946959115660
0.4120000000000012 0.0896469932453917
0.4130000000000012 0.1025647575646671
0.4140000000000012 0.1154462764473596
0.4150000000000012 0.1282898435217641
0.4160000000000012 0.1410937586131619
0.4170000000000012 0.1538563278904282
0.4180000000000012 0.1665758640125844
0.4190000000000012 0.1792506862752905
0.4200000000000012 0.1918791207572785
0.4210000000000012 0.2044595004667217
0.4220000000000012 0.2169901654875337
0.4230000000000012 0.2294694631255971
0.4240000000000012 0.2418957480549216
0.4250000000000012 0.2542673824637183
0.4260000000000012 0.2665827362003903
0.4270000000000012 0.2788401869194404
0.4280000000000012 0.2910381202272804
0.4290000000000012 0.3031749298279508
0.4300000000000012 0.3152490176687305
0.4310000000000012 0.3272587940856434
0.4320000000000012 0.3392026779488516
0.4330000000000012 0.3510790968079306
0.4340000000000012 0.3628864870370156
0.4350000000000012 0.3746232939798267
0.4360000000000012 0.3862879720945452
0.4370000000000012 0.3978789850985577
0.4380000000000012 0.4093948061130461
0.4390000000000012 0.4208339178074195
0.4400000000000012 0.4321948125435865
0.4410000000000012 0.4434759925200518
0.4420000000000012 0.4546759699158458
0.4430000000000012 0.4657932670342549
0.4440000000000012 0.4768264164463695
0.4450000000000012 0.4877739611344273
0.4460000000000012 0.4986344546349495
0.4470000000000012 0.5094064611816609
0.4480000000000012 0.5200885558481805
0.4490000000000012 0.5306793246904877
0.4500000000000012 0.5411773648891363
0.4510000000000012 0.5515812848912274
0.4520000000000012 0.5618897045521145
0.4530000000000012 0.5721012552768483
0.4540000000000012 0.5822145801613350
0.4550000000000012 0.5922283341332151
0.4560000000000012 0.6021411840924406
0.4570000000000012 0.6119518090515483
0.4580000000000012 0.6216589002756179
0.4590000000000012 0.6312611614218990
0.4600000000000012 0.6407573086791103
0.4610000000000012 0.6501460709063842
0.4620000000000012 0.6594261897718607
0.4630000000000012 0.6685964198909116
0.4640000000000012 0.6776555289639874
0.4650000000000012 0.6866022979140759
0.4660000000000012 0.6954355210237594
0.4670000000000012 0.7041540060718653
0.4680000000000012 0.7127565744696924
0.4690000000000012 0.7212420613968058
0.4700000000000013 0.7296093159363840
0.4710000000000013 0.7378572012101141
0.4720000000000013 0.7459845945126202
0.4730000000000013 0.7539903874454064
0.4740000000000013 0.7618734860503142
0.4750000000000013 0.7696328109424742
0.4760000000000013 0.7772672974427433
0.4770000000000013 0.7847758957096138
0.4780000000000013 0.7921575708705789
0.4790000000000013 0.7994113031529519
0.4800000000000013 0.8065360880141130
0.4810000000000013 0.8135309362711838
0.4820000000000013 0.8203948742301048
0.4830000000000013 0.8271269438141144
0.4840000000000013 0.8337262026916059
0.4850000000000013 0.8401917244033557
0.4860000000000013 0.8465225984891080
0.4870000000000013 0.8527179306135007
0.4880000000000013 0.8587768426913212
0.4890000000000013 0.8646984730120766
0.4900000000000013 0.8704819763638659
0.4910000000000013 0.8761265241565381
0.4920000000000013 0.8816313045441251
0.4930000000000013 0.8869955225465331
0.4940000000000013 0.8922184001704803
0.4950000000000013 0.8972991765296612
0.4960000000000013 0.9022371079641308
0.4970000000000013 0.9070314681588868
0.4980000000000013 0.9116815482616438
0.4990000000000013 0.9161866569997708
0.5000000000000012 0.9205461207963930
0.5010000000000012 0.9247592838856336
0.5020000000000012 0.9288255084269786
0.5030000000000012 0.9327441746187564
0.5040000000000012 0.9365146808107133
0.5050000000000012 0.9401364436156685
0.5060000000000012 0.9436088980202320
0.5070000000000012 0.9469314974945796
0.5080000000000012 0.9501037141012487
0.5090000000000012 0.9531250386029628
0.5100000000000012 0.9559949805694528
0.5110000000000012 0.9587130684832637
0.5120000000000012 0.9612788498445308
0.5130000000000012 0.9636918912747117
0.5140000000000012 0.9659517786192484
0.5150000000000012 0.9680581170491558
0.5160000000000012 0.9700105311615103
0.5170000000000012 0.9718086650788269
0.5180000000000012 0.9734521825473027
0.5190000000000012 0.9749407670339185
0.5200000000000012 0.9762741218223706
0.5210000000000012 0.9774519701078261
0.5220000000000012 0.9784740550904778
0.5230000000000012 0.9793401400678814
0.5240000000000012 0.9800500085260637
0.5250000000000012 0.9806034642293766
0.5260000000000012 0.9810003313090833
0.5270000000000012 0.9812404543506593
0.5280000000000012 0.9813236984797905
0.5290000000000012 0.9812499494470452
0.5300000000000012 0.9810191137112101
0.5310000000000012 0.9806311185212687
0.5320000000000012 0.9800859119969985
0.5330000000000013 0.9793834632081796
0.5340000000000013 0.9785237622523859
0.5350000000000013 0.9775068203313481
0.5360000000000013 0.9763326698258625
0.5370000000000013 0.9750013643692335
0.5380000000000013 0.9735129789192309
0.5390000000000013 0.9718676098285330
0.5400000000000013 0.9700653749136525
0.5410000000000013 0.9681064135223122
0.5420000000000013 0.9659908865992564
0.5430000000000013 0.9637189767504838
0.5440000000000013 0.9612908883058736
0.5450000000000013 0.9587068473801884
0.5460000000000013 0.9559671019324391
0.5470000000000013 0.9530719218235847
0.5480000000000013 0.9500215988725539
0.5490000000000013 0.9468164469105618
0.5500000000000013 0.9434568018337079
0.5510000000000013 0.9399430216538309
0.5520000000000013 0.9362754865476046
0.5530000000000013 0.9324545989038473
0.5540000000000013 0.9284807833690338
0.5550000000000013 0.9243544868909820
0.5560000000000013 0.9200761787606939
0.5570000000000013 0.9156463506523382
0.5580000000000013 0.9110655166613431
0.5590000000000013 0.9063342133405836
0.5600000000000013 0.9014529997346461
0.5610000000000013 0.8964224574121384
0.5620000000000013 0.8912431904960385
0.5630000000000013 0.8859158256920450
0.5640000000000013 0.8804410123149220
0.5650000000000013 0.8748194223128085
0.5660000000000013 0.8690517502894701
0.5670000000000013 0.8631387135244806
0.5680000000000013 0.8570810519912994
0.5690000000000013 0.8508795283732310
0.5700000000000013 0.8445349280772421
0.5710000000000013 0.8380480592456168
0.5720000000000013 0.8314197527654192
0.5730000000000013 0.8246508622757567
0.5740000000000013 0.8177422641728020
0.5750000000000013 0.8106948576125692
0.5760000000000013 0.8035095645114108
0.5770000000000013 0.7961873295442159
0.5780000000000013 0.7887291201402871
0.5790000000000013 0.7811359264768741
0.5800000000000013 0.7734087614703384
0.5810000000000013 0.7655486607649269
0.5820000000000013 0.7575566827191367
0.5830000000000013 0.7494339083896351
0.5840000000000013 0.7411814415127276
0.5850000000000013 0.7328004084833362
0.5860000000000013 0.7242919583314732
0.5870000000000013 0.7156572626961840
0.5880000000000013 0.7068975157969334
0.5890000000000013 0.6980139344024168
0.5900000000000013 0.6890077577967642
0.5910000000000013 0.6798802477431212
0.5920000000000013 0.6706326884445803
0.5930000000000013 0.6612663865024304
0.5940000000000013 0.6517826708717157
0.5950000000000013 0.6421828928140643
0.5960000000000013 0.6324684258477701
0.5970000000000013 0.6226406656951045
0.5980000000000013 0.6127010302268252
0.5990000000000013 0.6026509594038668
0.6000000000000013 0.5924919152161779
0.6010000000000013 0.5822253816186944
0.6020000000000013 0.5718528644644034
0.6030000000000013 0.5613758914344957
0.6040000000000013 0.5507960119655588
0.6050000000000013 0.5401147971738027
0.6060000000000013 0.5293338397762845
0.6070000000000013 0.5184547540091050
0.6080000000000013 0.5074791755425567
0.6090000000000013 0.4964087613931948
0.6100000000000013 0.4852451898328018
0.6110000000000013 0.4739901602942271
0.6120000000000013 0.4626453932740677
0.6130000000000013 0.4512126302321693
0.6140000000000013 0.4396936334879189
0.6150000000000013 0.4280901861132991
0.6160000000000013 0.4164040918226882
0.6170000000000013 0.4046371748593662
0.6180000000000013 0.3927912798787082
0.6190000000000013 0.3808682718280336
0.6200000000000013 0.3688700358230915
0.6210000000000013 0.3567984770211458
0.6220000000000013 0.3446555204906385
0.6230000000000013 0.3324431110774000
0.6240000000000013 0.3201632132673884
0.6250000000000013 0.3078178110459119
0.6260000000000013 0.2954089077533301
0.6270000000000013 0.2829385259371863
0.6280000000000013 0.2704087072007503
0.6290000000000013 0.2578215120479511
0.6300000000000013 0.2451790197246592
0.6310000000000013 0.2324833280562952
0.6320000000000013 0.2197365532817408
0.6330000000000013 0.2069408298835165
0.6340000000000013 0.1940983104142038
0.6350000000000013 0.1812111653190761
0.6360000000000013 0.1682815827549184
0.6370000000000013 0.1553117684050012
0.6380000000000013 0.1423039452901767
0.6390000000000013 0.1292603535760801
0.6400000000000013 0.1161832503763913
0.6410000000000013 0.1030749095521424
0.6420000000000013 0.0899376215070291
0.6430000000000013 0.0767736929787057
0.6440000000000013 0.0635854468260303
0.6450000000000014 0.0503752218122307
0.6460000000000014 0.0371453723839597
0.6470000000000014 0.0238982684462140
0.6480000000000014 0.0106362951330835
0.6490000000000014 0.0026381474257004
0.6500000000000014 0.0159226443424415
0.6510000000000014 0.0292147662134180
0.6520000000000014 0.0425120693651125
0.6530000000000014 0.0558120961047602
0.6540000000000014 0.0691123749752490
0.6550000000000014 0.0824104210144029
0.6560000000000014 0.0957037360186763
0.6570000000000014 0.1089898088112926
0.6580000000000014 0.1222661155148608
0.6590000000000014 0.1355301198284939
0.6600000000000014 0.1487792733094673
0.6610000000000014 0.1620110156594453
0.6620000000000014 0.1752227750153096
0.6630000000000014 0.1884119682446192
0.6640000000000014 0.2015760012457319
0.6650000000000014 0.2147122692526264
0.6660000000000014 0.2278181571444484
0.6670000000000014 0.2408910397598183
0.6680000000000014 0.2539282822159311
0.6690000000000014 0.2669272402324797
0.6700000000000014 0.2798852604604369
0.6710000000000014 0.2927996808157259
0.6720000000000014 0.3056678308178119
0.6730000000000014 0.3184870319332531
0.6740000000000014 0.3312545979242321
0.6750000000000014 0.3439678352021154
0.6760000000000014 0.3566240431860632
0.6770000000000014 0.3692205146667278
0.6780000000000014 0.3817545361750714
0.6790000000000014 0.3942233883563376
0.6800000000000014 0.4066243463492137
0.6810000000000014 0.4189546801702104
0.6820000000000014 0.4312116551032985
0.6830000000000014 0.4433925320948358
0.6840000000000014 0.4554945681538137
0.6850000000000014 0.4675150167574644
0.6860000000000014 0.4794511282622575
0.6870000000000014 0.4913001503203236
0.6880000000000014 0.5030593283013374
0.6890000000000014 0.5147259057198958
0.6900000000000014 0.5262971246684267
0.6910000000000014 0.5377702262556620
0.6920000000000014 0.5491424510507070
0.6930000000000014 0.5604110395327495
0.6940000000000014 0.5715732325464364
0.6950000000000014 0.5826262717629515
0.6960000000000014 0.5935674001468414
0.6970000000000014 0.6043938624286105
0.6980000000000014 0.6151029055831299
0.6990000000000014 0.6256917793138965
0.7000000000000014 0.6361577365431703
0.7010000000000014 0.6464980339080361
0.7020000000000014 0.6567099322624144
0.7030000000000014 0.6667906971850711
0.7040000000000014 0.6767375994936503
0.7050000000000014 0.6865479157647717
0.7060000000000014 0.6962189288602335
0.7070000000000014 0.7057479284593455
0.7080000000000014 0.7151322115974441
0.7090000000000014 0.7243690832106159
0.7100000000000014 0.7334558566866681
0.7110000000000014 0.7423898544223870
0.7120000000000014 0.7511684083871206
0.7130000000000014 0.7597888606927172
0.7140000000000014 0.7682485641698679
0.7150000000000014 0.7765448829508794
0.7160000000000014 0.7846751930589262
0.7170000000000014 0.7926368830038066
0.7180000000000014 0.8004273543842551
0.7190000000000014 0.8080440224968398
0.7200000000000014 0.8154843169514832
0.7210000000000014 0.8227456822936531
0.7220000000000014 0.8298255786332482
0.7230000000000014 0.8367214822802336
0.7240000000000014 0.8434308863870509
0.7250000000000014 0.8499513015978458
0.7260000000000014 0.8562802567045633
0.7270000000000014 0.8624152993099259
0.7280000000000014 0.8683539964973597
0.7290000000000014 0.8740939355078919
0.7300000000000014 0.8796327244240620
0.7310000000000014 0.8849679928608910
0.7320000000000014 0.8900973926639409
0.7330000000000014 0.8950185986145129
0.7340000000000014 0.8997293091420194
0.7350000000000014 0.9042272470435647
0.7360000000000014 0.9085101602107897
0.7370000000000014 0.9125758223640028
0.7380000000000014 0.9164220337936513
0.7390000000000014 0.9200466221091692
0.7400000000000014 0.9234474429952352
0.7410000000000014 0.9266223809754985
0.7420000000000014 0.9295693501837946
0.7430000000000014 0.9322862951429043
0.7440000000000014 0.9347711915508936
0.7450000000000014 0.9370220470750736
0.7460000000000014 0.9390369021536298
0.7470000000000014 0.9408138308049449
0.7480000000000014 0.9423509414446842
0.7490000000000014 0.9436463777106565
0.7500000000000014 0.9446983192955122
0.7510000000000014 0.9455049827873133
0.7520000000000014 0.9460646225180157
0.7530000000000014 0.9463755314199140
0.7540000000000014 0.9464360418900831
0.7550000000000014 0.9462445266628582
0.7560000000000014 0.9457993996904093
0.7570000000000014 0.9450991170314349
0.7580000000000015 0.9441421777480319
0.7590000000000015 0.9429271248107776
0.7600000000000015 0.9414525460120675
0.7610000000000015 0.9397170748877596
0.7620000000000015 0.9377193916471540
0.7630000000000015 0.9354582241113679
0.7640000000000015 0.9329323486601391
0.7650000000000015 0.9301405911871033
0.7660000000000015 0.9270818280635946
0.7670000000000015 0.9237549871110050
0.7680000000000015 0.9201590485817563
0.7690000000000015 0.9162930461489196
0.7700000000000015 0.9121560679045352
0.7710000000000015 0.9077472573666718
0.7720000000000015 0.9030658144952709
0.7730000000000015 0.8981109967168264
0.7740000000000015 0.8928821199579324
0.7750000000000015 0.8873785596877635
0.7760000000000015 0.8815997519695082
0.7770000000000015 0.8755451945208252
0.7780000000000015 0.8692144477833538
0.7790000000000015 0.8626071360013222
0.7800000000000015 0.8557229483093122
0.7810000000000015 0.8485616398292143
0.7820000000000015 0.8411230327764271
0.7830000000000015 0.8334070175753392
0.7840000000000015 0.8254135539841490
0.7850000000000015 0.8171426722290616
0.7860000000000015 0.8085944741479137
0.7870000000000015 0.7997691343432731
0.7880000000000015 0.7906669013450535
0.7890000000000015 0.7812880987827031
0.7900000000000015 0.7716331265670006
0.7910000000000015 0.7617024620815220
0.7920000000000015 0.7514966613838041
0.7930000000000015 0.7410163604162749
0.7940000000000015 0.7302622762269841
0.7950000000000015 0.7192352082001878
0.7960000000000015 0.7079360392968250
0.7970000000000015 0.6963657373049550
0.7980000000000015 0.6845253561001832
0.7990000000000015 0.6724160369161281
0.8000000000000015 0.6600390096249904
0.8010000000000015 0.6473955940282589
0.8020000000000015 0.6344872011576035
0.8030000000000015 0.6213153345860147
0.8040000000000015 0.6078815917492238
0.8050000000000015 0.5941876652774669
0.8060000000000015 0.5802353443376325
0.8070000000000015 0.5660265159858440
0.8080000000000015 0.5515631665305301
0.8090000000000015 0.5368473829060305
0.8100000000000015 0.5218813540567830
0.8110000000000015 0.5066673723321533
0.8120000000000015 0.4912078348919398
0.8130000000000015 0.4755052451226227
0.8140000000000015 0.4595622140643965
0.8150000000000015 0.4433814618490340
0.8160000000000015 0.4269658191486443
0.8170000000000015 0.4103182286353613
0.8180000000000015 0.3934417464520302
0.8190000000000015 0.3763395436939242
0.8200000000000015 0.3590149079015572
0.8210000000000015 0.3414712445646366
0.8220000000000015 0.3237120786372130
0.8230000000000015 0.3057410560640729
0.8240000000000015 0.2875619453184241
0.8250000000000015 0.2691786389509389
0.8260000000000015 0.2505951551501960
0.8270000000000015 0.2318156393145665
0.8280000000000015 0.2128443656356167
0.8290000000000015 0.1936857386930627
0.8300000000000015 0.1743442950613384
0.8310000000000015 0.1548247049278229
0.8320000000000015 0.1351317737227908
0.8330000000000015 0.1152704437611189
0.8340000000000015 0.0952457958958300
0.8350000000000015 0.0750630511835050
0.8360000000000015 0.0547275725616194
0.8370000000000015 0.0342448665378724
0.8380000000000015 0.0136205848915424
0.8390000000000015 0.0071394736130625
0.8400000000000015 0.0280293615010079
0.8410000000000015 0.0490429808489437
0.8420000000000015 0.0701740815350589
0.8430000000000015 0.0914162594767344
0.8440000000000015 0.1127629548558241
0.8450000000000015 0.1342074503315304
0.8460000000000015 0.1557428692408070
0.8470000000000015 0.1773621737862302
0.8480000000000015 0.1990581632112936
0.8490000000000015 0.2208234719630703
0.8500000000000015 0.2426505678421719
0.8510000000000015 0.2645317501399737
0.8520000000000015 0.2864591477630284
0.8530000000000015 0.3084247173446211
0.8540000000000015 0.3304202413434200
0.8550000000000015 0.3524373261291376
0.8560000000000015 0.3744674000551837
0.8570000000000015 0.3965017115182261
0.8580000000000015 0.4185313270046037
0.8590000000000015 0.4405471291235663
0.8600000000000015 0.4625398146272309
0.8610000000000015 0.4844998924172464
0.8620000000000015 0.5064176815380929
0.8630000000000015 0.5282833091569396
0.8640000000000015 0.5500867085300379
0.8650000000000015 0.5718176169555608
0.8660000000000015 0.5934655737128538
0.8670000000000015 0.6150199179880261
0.8680000000000015 0.6364697867858279
0.8690000000000015 0.6578041128277581
0.8700000000000015 0.6790116224363382
0.8710000000000016 0.7000808334055044
0.8720000000000016 0.7210000528570434
0.8730000000000016 0.7417573750830352
0.8740000000000016 0.7623406793742112
0.8750000000000016 0.7827376278342155
0.8760000000000016 0.8029356631796518
0.8770000000000016 0.8229220065259218
0.8780000000000016 0.8426836551587316
0.8790000000000016 0.8622073802912531
0.8800000000000016 0.8814797248068652
0.8810000000000016 0.9004870009874050
0.8820000000000016 0.9192152882268841
0.8830000000000016 0.9376504307306019
0.8840000000000016 0.9557780351995936
0.8850000000000016 0.9735834685003673
0.8860000000000016 0.9910518553198412
0.8870000000000016 1.0081680758054508
0.8880000000000016 1.0249167631903486
0.8890000000000016 1.0412823014036285
0.8900000000000016 1.0572488226655388
0.8910000000000016 1.0728002050675931
0.8920000000000016 1.0879200701375402
0.8930000000000016 1.1025917803891143
0.8940000000000016 1.1167984368565180
0.8950000000000016 1.1305228766135675
0.8960000000000016 1.1437476702774398
0.8970000000000016 1.1564551194969581
0.8980000000000016 1.1686272544253566
0.8990000000000016 1.1802458311774608
0.9000000000000016 1.1912923292712150
0.9010000000000016 1.2017479490535092
0.9020000000000016 1.2115936091102166
0.9030000000000016 1.2208099436604081
0.9040000000000016 1.2293772999346562
0.9050000000000016 1.2372757355373840
0.9060000000000016 1.2444850157931768
0.9070000000000016 1.2509846110770066
0.9080000000000016 1.2567536941283031
0.9090000000000016 1.2617711373488001
0.9100000000000016 1.2660155100841013
0.9110000000000016 1.2694650758888979
0.9120000000000016 1.2720977897757648
0.9130000000000016 1.2738912954474941
0.9140000000000016 1.2748229225128709
0.9150000000000016 1.2748696836858511
0.9160000000000016 1.2740082719680568
0.9170000000000016 1.2722150578145459
0.9180000000000016 1.2694660862827658
0.9190000000000016 1.2657370741646425
0.9200000000000016 1.2610034071017351
0.9210000000000016 1.2552401366833845
0.9220000000000016 1.2484219775277996
0.9230000000000016 1.2405233043460071
0.9240000000000016 1.2315181489885967
0.9250000000000016 1.2213801974752094
0.9260000000000016 1.2100827870066819
0.9270000000000016 1.1975989029597933
0.9280000000000016 1.1839011758645475
0.9290000000000016 1.1689618783639144
0.9300000000000016 1.1527529221559756
0.9310000000000016 1.1352458549183926
0.9320000000000016 1.1164118572151431
0.9330000000000016 1.0962217393854519
0.9340000000000016 1.0746459384148359
0.9350000000000016 1.0516545147882292
0.9360000000000016 1.0272171493250803
0.9370000000000016 1.0013031399963739
0.9380000000000016 0.9738813987235121
0.9390000000000016 0.9449204481589724
0.9400000000000016 0.9143884184486788
0.9410000000000016 0.8822530439760349
0.9420000000000016 0.8484816600875100
0.9430000000000016 0.8130411997997483
0.9440000000000016 0.7758981904881165
0.9450000000000016 0.7370187505565967
0.9460000000000016 0.6963685860890130
0.9470000000000016 0.6539129874814560
0.9480000000000016 0.6096168260558720
0.9490000000000016 0.5634445506547565
0.9500000000000016 0.5153601842168377
0.9510000000000016 0.4653273203337173
0.9520000000000016 0.4133091197873897
0.9530000000000016 0.3592683070685739
0.9540000000000016 0.3031671668757413
0.9550000000000016 0.2449675405948522
0.9560000000000016 0.1846308227596480
0.9570000000000016 0.1221179574924701
0.9580000000000016 0.0573894349255308
0.9590000000000016 0.0095947123974284
0.9600000000000016 0.0788749131392371
0.9610000000000016 0.1504920608070583
0.9620000000000016 0.2244875174101359
0.9630000000000016 0.3009031171373041
0.9640000000000016 0.3797811700546200
0.9650000000000016 0.4611644658229597
0.9660000000000016 0.5450962774358185
0.9670000000000016 0.6316203649772536
0.9680000000000016 0.7207809794001798
0.9690000000000016 0.8126228663249538
0.9700000000000016 0.9071912698584450
0.9710000000000016 1.0045319364335457
0.9720000000000016 1.1046911186693218
0.9730000000000016 1.2077155792517746
0.9740000000000016 1.3136525948353386
0.9750000000000016 1.4225499599651827
0.9760000000000016 1.5344559910203945
0.9770000000000016 1.6494195301780779
0.9780000000000016 1.7674899493985188
0.9790000000000016 1.8887171544314465
0.9800000000000016 2.0131515888434408
0.9810000000000016 2.1408442380665909
0.9820000000000016 2.2718466334685576
0.9830000000000017 2.4062108564439102
0.9840000000000017 2.5439895425270636
0.9850000000000017 2.6852358855266889
0.9860000000000017 2.8300036416818015
0.9870000000000017 2.9783471338395393
0.9880000000000017 3.1303212556547324
0.9890000000000017 3.2859814758113242
0.9900000000000017 3.4453838422657426
0.9910000000000017 3.6085849865122928
0.9920000000000017 3.7756421278706078
0.9930000000000017 3.9466130777953605
0.9940000000000017 4.1215562442080751
0.9950000000000017 4.3005306358514499
0.9960000000000017 4.4835958666659126
0.9970000000000017 4.6708121601887775
0.9980000000000017 4.8622403539758938
0.9990000000000017 5.0579419040460101
