-1.0000000000000000 0.0000000000022733
-0.9990000000000000 0.0000000000022762
-0.9980000000000000 0.0000000000022791
-0.9970000000000000 0.0000000000022823
-0.9960000000000000 0.0000000000022852
-0.9950000000000000 0.0000000000022883
-0.9940000000000000 0.0000000000022917
-0.9930000000000000 0.0000000000022947
-0.9920000000000000 0.0000000000022977
-0.9910000000000000 0.0000000000023007
-0.9900000000000000 0.0000000000023034
-0.9890000000000000 0.0000000000023060
-0.9880000000000000 0.0000000000023088
-0.9870000000000000 0.0000000000023114
-0.9860000000000000 0.0000000000023137
-0.9850000000000000 0.0000000000023160
-0.9840000000000000 0.0000000000023180
-0.9830000000000000 0.0000000000023201
-0.9820000000000000 0.0000000000023222
-0.9810000000000000 0.0000000000023242
-0.9800000000000000 0.0000000000023262
-0.9790000000000000 0.0000000000023284
-0.9780000000000000 0.0000000000023304
-0.9770000000000000 0.0000000000023323
-0.9760000000000000 0.0000000000023339
-0.9750000000000000 0.0000000000023354
-0.9740000000000000 0.0000000000023368
-0.9730000000000000 0.0000000000023383
-0.9720000000000000 0.0000000000023396
-0.9710000000000000 0.0000000000023409
-0.9700000000000000 0.0000000000023423
-0.9690000000000000 0.0000000000023436
-0.9680000000000000 0.0000000000023449
-0.9670000000000000 0.0000000000023462
-0.9660000000000000 0.0000000000023474
-0.9650000000000000 0.0000000000023486
-0.9640000000000000 0.0000000000023497
-0.9630000000000000 0.0000000000023506
-0.9620000000000000 0.0000000000023514
-0.9610000000000000 0.0000000000023523
-0.9600000000000000 0.0000000000023529
-0.9590000000000000 0.0000000000023534
-0.9580000000000000 0.0000000000023537
-0.9570000000000000 0.0000000000023541
-0.9560000000000000 0.0000000000023543
-0.9550000000000000 0.0000000000023544
-0.9540000000000000 0.0000000000023545
-0.9530000000000000 0.0000000000023545
-0.9520000000000000 0.0000000000023545
-0.9510000000000000 0.0000000000023545
-0.9500000000000000 0.0000000000023544
-0.9490000000000000 0.0000000000023543
-0.9480000000000000 0.0000000000023542
-0.9470000000000000 0.0000000000023541
-0.9460000000000000 0.0000000000023539
-0.9450000000000000 0.0000000000023537
-0.9440000000000000 0.0000000000023535
-0.9429999999999999 0.0000000000023533
-0.9419999999999999 0.0000000000023530
-0.9409999999999999 0.0000000000023526
-0.9399999999999999 0.0000000000023522
-0.9389999999999999 0.0000000000023519
-0.9379999999999999 0.0000000000023515
-0.9369999999999999 0.0000000000023510
-0.9359999999999999 0.0000000000023507
-0.9349999999999999 0.0000000000023502
-0.9339999999999999 0.0000000000023498
-0.9329999999999999 0.0000000000023493
-0.9319999999999999 0.0000000000023488
-0.9309999999999999 0.0000000000023482
-0.9299999999999999 0.0000000000023475
-0.9289999999999999 0.0000000000023468
-0.9279999999999999 0.0000000000023461
-0.9269999999999999 0.0000000000023453
-0.9259999999999999 0.0000000000023445
-0.9249999999999999 0.0000000000023438
-0.9239999999999999 0.0000000000023429
-0.9229999999999999 0.0000000000023421
-0.9219999999999999 0.0000000000023412
-0.9209999999999999 0.0000000000023404
-0.9199999999999999 0.0000000000023396
-0.9189999999999999 0.0000000000023387
-0.9179999999999999 0.0000000000023378
-0.9169999999999999 0.0000000000023369
-0.9159999999999999 0.0000000000023359
-0.9149999999999999 0.0000000000023351
-0.9139999999999999 0.0000000000023343
-0.9129999999999999 0.0000000000023335
-0.9119999999999999 0.0000000000023328
-0.9109999999999999 0.0000000000023320
-0.9099999999999999 0.0000000000023312
-0.9089999999999999 0.0000000000023305
-0.9079999999999999 0.0000000000023298
-0.9069999999999999 0.0000000000023290
-0.9059999999999999 0.0000000000023282
-0.9049999999999999 0.0000000000023276
-0.9039999999999999 0.0000000000023269
-0.9029999999999999 0.0000000000023263
-0.9019999999999999 0.0000000000023257
-0.9009999999999999 0.0000000000023251
-0.8999999999999999 0.0000000000023245
-0.8989999999999999 0.0000000000023239
-0.8979999999999999 0.0000000000023232
-0.8969999999999999 0.0000000000023226
-0.8959999999999999 0.0000000000023220
-0.8949999999999999 0.0000000000023214
-0.8939999999999999 0.0000000000023208
-0.8929999999999999 0.0000000000023202
-0.8919999999999999 0.0000000000023197
-0.8909999999999999 0.0000000000023192
-0.8899999999999999 0.0000000000023186
-0.8889999999999999 0.0000000000023181
-0.8879999999999999 0.0000000000023177
-0.8869999999999999 0.0000000000023174
-0.8859999999999999 0.0000000000023169
-0.8849999999999999 0.0000000000023164
-0.8839999999999999 0.0000000000023161
-0.8829999999999999 0.0000000000023158
-0.8819999999999999 0.0000000000023153
-0.8809999999999999 0.0000000000023150
-0.8799999999999999 0.0000000000023146
-0.8789999999999999 0.0000000000023142
-0.8779999999999999 0.0000000000023137
-0.8769999999999999 0.0000000000023132
-0.8759999999999999 0.0000000000023127
-0.8749999999999999 0.0000000000023122
-0.8739999999999999 0.0000000000023118
-0.8729999999999999 0.0000000000023113
-0.8719999999999999 0.0000000000023109
-0.8709999999999999 0.0000000000023106
-0.8699999999999999 0.0000000000023103
-0.8689999999999999 0.0000000000023099
-0.8679999999999999 0.0000000000023096
-0.8669999999999999 0.0000000000023092
-0.8659999999999999 0.0000000000023087
-0.8649999999999999 0.0000000000023084
-0.8639999999999999 0.0000000000023079
-0.8629999999999999 0.0000000000023074
-0.8619999999999999 0.0000000000023069
-0.8609999999999999 0.0000000000023066
-0.8599999999999999 0.0000000000023063
-0.8589999999999999 0.0000000000023059
-0.8579999999999999 0.0000000000023056
-0.8569999999999999 0.0000000000023052
-0.8559999999999999 0.0000000000023048
-0.8549999999999999 0.0000000000023044
-0.8539999999999999 0.0000000000023040
-0.8529999999999999 0.0000000000023036
-0.8519999999999999 0.0000000000023031
-0.8509999999999999 0.0000000000023027
-0.8499999999999999 0.0000000000023023
-0.8489999999999999 0.0000000000023019
-0.8479999999999999 0.0000000000023015
-0.8469999999999999 0.0000000000023011
-0.8459999999999999 0.0000000000023008
-0.8449999999999999 0.0000000000023003
-0.8439999999999999 0.0000000000023000
-0.8429999999999999 0.0000000000022996
-0.8419999999999999 0.0000000000022993
-0.8409999999999999 0.0000000000022990
-0.8399999999999999 0.0000000000022989
-0.8389999999999999 0.0000000000022988
-0.8379999999999999 0.0000000000022986
-0.8369999999999999 0.0000000000022983
-0.8359999999999999 0.0000000000022980
-0.8349999999999999 0.0000000000022976
-0.8339999999999999 0.0000000000022970
-0.8329999999999999 0.0000000000022964
-0.8319999999999999 0.0000000000022959
-0.8309999999999998 0.0000000000022956
-0.8299999999999998 0.0000000000022952
-0.8289999999999998 0.0000000000022946
-0.8279999999999998 0.0000000000022939
-0.8269999999999998 0.0000000000022933
-0.8259999999999998 0.0000000000022929
-0.8249999999999998 0.0000000000022925
-0.8239999999999998 0.0000000000022922
-0.8229999999999998 0.0000000000022918
-0.8219999999999998 0.0000000000022914
-0.8209999999999998 0.0000000000022910
-0.8199999999999998 0.0000000000022903
-0.8189999999999998 0.0000000000022896
-0.8179999999999998 0.0000000000022890
-0.8169999999999998 0.0000000000022882
-0.8159999999999998 0.0000000000022875
-0.8149999999999998 0.0000000000022867
-0.8139999999999998 0.0000000000022860
-0.8129999999999998 0.0000000000022853
-0.8119999999999998 0.0000000000022846
-0.8109999999999998 0.0000000000022839
-0.8099999999999998 0.0000000000022832
-0.8089999999999998 0.0000000000022824
-0.8079999999999998 0.0000000000022816
-0.8069999999999998 0.0000000000022807
-0.8059999999999998 0.0000000000022799
-0.8049999999999998 0.0000000000022789
-0.8039999999999998 0.0000000000022779
-0.8029999999999998 0.0000000000022769
-0.8019999999999998 0.0000000000022758
-0.8009999999999998 0.0000000000022747
-0.7999999999999998 0.0000000000022736
-0.7989999999999998 0.0000000000022724
-0.7979999999999998 0.0000000000022712
-0.7969999999999998 0.0000000000022699
-0.7959999999999998 0.0000000000022687
-0.7949999999999998 0.0000000000022674
-0.7939999999999998 0.0000000000022660
-0.7929999999999998 0.0000000000022647
-0.7919999999999998 0.0000000000022633
-0.7909999999999998 0.0000000000022619
-0.7899999999999998 0.0000000000022605
-0.7889999999999998 0.0000000000022591
-0.7879999999999998 0.0000000000022576
-0.7869999999999998 0.0000000000022561
-0.7859999999999998 0.0000000000022547
-0.7849999999999998 0.0000000000022532
-0.7839999999999998 0.0000000000022518
-0.7829999999999998 0.0000000000022504
-0.7819999999999998 0.0000000000022489
-0.7809999999999998 0.0000000000022474
-0.7799999999999998 0.0000000000022460
-0.7789999999999998 0.0000000000022444
-0.7779999999999998 0.0000000000022429
-0.7769999999999998 0.0000000000022415
-0.7759999999999998 0.0000000000022400
-0.7749999999999998 0.0000000000022385
-0.7739999999999998 0.0000000000022370
-0.7729999999999998 0.0000000000022355
-0.7719999999999998 0.0000000000022340
-0.7709999999999998 0.0000000000022324
-0.7699999999999998 0.0000000000022308
-0.7689999999999998 0.0000000000022292
-0.7679999999999998 0.0000000000022277
-0.7669999999999998 0.0000000000022261
-0.7659999999999998 0.0000000000022244
-0.7649999999999998 0.0000000000022227
-0.7639999999999998 0.0000000000022211
-0.7629999999999998 0.0000000000022194
-0.7619999999999998 0.0000000000022177
-0.7609999999999998 0.0000000000022160
-0.7599999999999998 0.0000000000022143
-0.7589999999999998 0.0000000000022125
-0.7579999999999998 0.0000000000022107
-0.7569999999999998 0.0000000000022089
-0.7559999999999998 0.0000000000022071
-0.7549999999999998 0.0000000000022053
-0.7539999999999998 0.0000000000022034
-0.7529999999999998 0.0000000000022015
-0.7519999999999998 0.0000000000021997
-0.7509999999999998 0.0000000000021978
-0.7499999999999998 0.0000000000021960
-0.7489999999999998 0.0000000000021940
-0.7479999999999998 0.0000000000021921
-0.7469999999999998 0.0000000000021902
-0.7459999999999998 0.0000000000021882
-0.7449999999999998 0.0000000000021863
-0.7439999999999998 0.0000000000021843
-0.7429999999999998 0.0000000000021824
-0.7419999999999998 0.0000000000021803
-0.7409999999999998 0.0000000000021781
-0.7399999999999998 0.0000000000021761
-0.7389999999999998 0.0000000000021740
-0.7379999999999998 0.0000000000021719
-0.7369999999999998 0.0000000000021699
-0.7359999999999998 0.0000000000021677
-0.7349999999999998 0.0000000000021655
-0.7339999999999998 0.0000000000021633
-0.7329999999999998 0.0000000000021610
-0.7319999999999998 0.0000000000021588
-0.7309999999999998 0.0000000000021565
-0.7299999999999998 0.0000000000021543
-0.7289999999999998 0.0000000000021521
-0.7279999999999998 0.0000000000021498
-0.7269999999999998 0.0000000000021475
-0.7259999999999998 0.0000000000021453
-0.7249999999999998 0.0000000000021431
-0.7239999999999998 0.0000000000021407
-0.7229999999999998 0.0000000000021384
-0.7219999999999998 0.0000000000021361
-0.7209999999999998 0.0000000000021337
-0.7199999999999998 0.0000000000021314
-0.7189999999999998 0.0000000000021289
-0.7179999999999997 0.0000000000021265
-0.7169999999999997 0.0000000000021240
-0.7159999999999997 0.0000000000021215
-0.7149999999999997 0.0000000000021190
-0.7139999999999997 0.0000000000021165
-0.7129999999999997 0.0000000000021141
-0.7119999999999997 0.0000000000021116
-0.7109999999999997 0.0000000000021092
-0.7099999999999997 0.0000000000021066
-0.7089999999999997 0.0000000000021041
-0.7079999999999997 0.0000000000021017
-0.7069999999999997 0.0000000000020992
-0.7059999999999997 0.0000000000020967
-0.7049999999999997 0.0000000000020941
-0.7039999999999997 0.0000000000020916
-0.7029999999999997 0.0000000000020890
-0.7019999999999997 0.0000000000020863
-0.7009999999999997 0.0000000000020837
-0.6999999999999997 0.0000000000020811
-0.6989999999999997 0.0000000000020785
-0.6979999999999997 0.0000000000020760
-0.6969999999999997 0.0000000000020734
-0.6959999999999997 0.0000000000020708
-0.6949999999999997 0.0000000000020683
-0.6939999999999997 0.0000000000020657
-0.6929999999999997 0.0000000000020631
-0.6919999999999997 0.0000000000020605
-0.6909999999999997 0.0000000000020580
-0.6899999999999997 0.0000000000020554
-0.6889999999999997 0.0000000000020529
-0.6879999999999997 0.0000000000020503
-0.6869999999999997 0.0000000000020477
-0.6859999999999997 0.0000000000020451
-0.6849999999999997 0.0000000000020426
-0.6839999999999997 0.0000000000020400
-0.6829999999999997 0.0000000000020375
-0.6819999999999997 0.0000000000020349
-0.6809999999999997 0.0000000000020324
-0.6799999999999997 0.0000000000020297
-0.6789999999999997 0.0000000000020271
-0.6779999999999997 0.0000000000020245
-0.6769999999999997 0.0000000000020218
-0.6759999999999997 0.0000000000020192
-0.6749999999999997 0.0000000000020165
-0.6739999999999997 0.0000000000020138
-0.6729999999999997 0.0000000000020111
-0.6719999999999997 0.0000000000020085
-0.6709999999999997 0.0000000000020060
-0.6699999999999997 0.0000000000020033
-0.6689999999999997 0.0000000000020007
-0.6679999999999997 0.0000000000019980
-0.6669999999999997 0.0000000000019954
-0.6659999999999997 0.0000000000019928
-0.6649999999999997 0.0000000000019901
-0.6639999999999997 0.0000000000019875
-0.6629999999999997 0.0000000000019848
-0.6619999999999997 0.0000000000019822
-0.6609999999999997 0.0000000000019795
-0.6599999999999997 0.0000000000019768
-0.6589999999999997 0.0000000000019741
-0.6579999999999997 0.0000000000019714
-0.6569999999999997 0.0000000000019689
-0.6559999999999997 0.0000000000019663
-0.6549999999999997 0.0000000000019637
-0.6539999999999997 0.0000000000019611
-0.6529999999999997 0.0000000000019585
-0.6519999999999997 0.0000000000019559
-0.6509999999999997 0.0000000000019533
-0.6499999999999997 0.0000000000019506
-0.6489999999999997 0.0000000000019480
-0.6479999999999997 0.0000000000019454
-0.6469999999999997 0.0000000000019428
-0.6459999999999997 0.0000000000019403
-0.6449999999999997 0.0000000000019377
-0.6439999999999997 0.0000000000019351
-0.6429999999999997 0.0000000000019326
-0.6419999999999997 0.0000000000019301
-0.6409999999999997 0.0000000000019277
-0.6399999999999997 0.0000000000019252
-0.6389999999999997 0.0000000000019226
-0.6379999999999997 0.0000000000019203
-0.6369999999999997 0.0000000000019178
-0.6359999999999997 0.0000000000019153
-0.6349999999999997 0.0000000000019129
-0.6339999999999997 0.0000000000019104
-0.6329999999999997 0.0000000000019078
-0.6319999999999997 0.0000000000019053
-0.6309999999999997 0.0000000000019027
-0.6299999999999997 0.0000000000019003
-0.6289999999999997 0.0000000000018977
-0.6279999999999997 0.0000000000018953
-0.6269999999999997 0.0000000000018927
-0.6259999999999997 0.0000000000018902
-0.6249999999999997 0.0000000000018877
-0.6239999999999997 0.0000000000018852
-0.6229999999999997 0.0000000000018826
-0.6219999999999997 0.0000000000018802
-0.6209999999999997 0.0000000000018777
-0.6199999999999997 0.0000000000018753
-0.6189999999999997 0.0000000000018728
-0.6179999999999997 0.0000000000018704
-0.6169999999999997 0.0000000000018678
-0.6159999999999997 0.0000000000018652
-0.6149999999999997 0.0000000000018627
-0.6139999999999997 0.0000000000018603
-0.6129999999999997 0.0000000000018578
-0.6119999999999997 0.0000000000018555
-0.6109999999999997 0.0000000000018530
-0.6099999999999997 0.0000000000018505
-0.6089999999999997 0.0000000000018481
-0.6079999999999997 0.0000000000018456
-0.6069999999999997 0.0000000000018432
-0.6059999999999997 0.0000000000018406
-0.6049999999999996 0.0000000000018381
-0.6039999999999996 0.0000000000018357
-0.6029999999999996 0.0000000000018332
-0.6019999999999996 0.0000000000018308
-0.6009999999999996 0.0000000000018283
-0.5999999999999996 0.0000000000018258
-0.5989999999999996 0.0000000000018232
-0.5979999999999996 0.0000000000018207
-0.5969999999999996 0.0000000000018182
-0.5959999999999996 0.0000000000018158
-0.5949999999999996 0.0000000000018133
-0.5939999999999996 0.0000000000018109
-0.5929999999999996 0.0000000000018084
-0.5919999999999996 0.0000000000018059
-0.5909999999999996 0.0000000000018035
-0.5899999999999996 0.0000000000018010
-0.5889999999999996 0.0000000000017985
-0.5879999999999996 0.0000000000017960
-0.5869999999999996 0.0000000000017935
-0.5859999999999996 0.0000000000017910
-0.5849999999999996 0.0000000000017885
-0.5839999999999996 0.0000000000017860
-0.5829999999999996 0.0000000000017837
-0.5819999999999996 0.0000000000017812
-0.5809999999999996 0.0000000000017788
-0.5799999999999996 0.0000000000017763
-0.5789999999999996 0.0000000000017738
-0.5779999999999996 0.0000000000017714
-0.5769999999999996 0.0000000000017689
-0.5759999999999996 0.0000000000017664
-0.5749999999999996 0.0000000000017641
-0.5739999999999996 0.0000000000017617
-0.5729999999999996 0.0000000000017593
-0.5719999999999996 0.0000000000017568
-0.5709999999999996 0.0000000000017543
-0.5699999999999996 0.0000000000017518
-0.5689999999999996 0.0000000000017494
-0.5679999999999996 0.0000000000017472
-0.5669999999999996 0.0000000000017449
-0.5659999999999996 0.0000000000017426
-0.5649999999999996 0.0000000000017402
-0.5639999999999996 0.0000000000017380
-0.5629999999999996 0.0000000000017357
-0.5619999999999996 0.0000000000017335
-0.5609999999999996 0.0000000000017313
-0.5599999999999996 0.0000000000017291
-0.5589999999999996 0.0000000000017268
-0.5579999999999996 0.0000000000017247
-0.5569999999999996 0.0000000000017225
-0.5559999999999996 0.0000000000017202
-0.5549999999999996 0.0000000000017179
-0.5539999999999996 0.0000000000017156
-0.5529999999999996 0.0000000000017135
-0.5519999999999996 0.0000000000017113
-0.5509999999999996 0.0000000000017091
-0.5499999999999996 0.0000000000017069
-0.5489999999999996 0.0000000000017047
-0.5479999999999996 0.0000000000017024
-0.5469999999999996 0.0000000000017002
-0.5459999999999996 0.0000000000016980
-0.5449999999999996 0.0000000000016959
-0.5439999999999996 0.0000000000016937
-0.5429999999999996 0.0000000000016915
-0.5419999999999996 0.0000000000016893
-0.5409999999999996 0.0000000000016870
-0.5399999999999996 0.0000000000016847
-0.5389999999999996 0.0000000000016825
-0.5379999999999996 0.0000000000016802
-0.5369999999999996 0.0000000000016781
-0.5359999999999996 0.0000000000016760
-0.5349999999999996 0.0000000000016740
-0.5339999999999996 0.0000000000016720
-0.5329999999999996 0.0000000000016698
-0.5319999999999996 0.0000000000016676
-0.5309999999999996 0.0000000000016655
-0.5299999999999996 0.0000000000016634
-0.5289999999999996 0.0000000000016613
-0.5279999999999996 0.0000000000016593
-0.5269999999999996 0.0000000000016574
-0.5259999999999996 0.0000000000016554
-0.5249999999999996 0.0000000000016534
-0.5239999999999996 0.0000000000016513
-0.5229999999999996 0.0000000000016491
-0.5219999999999996 0.0000000000016470
-0.5209999999999996 0.0000000000016450
-0.5199999999999996 0.0000000000016430
-0.5189999999999996 0.0000000000016410
-0.5179999999999996 0.0000000000016390
-0.5169999999999996 0.0000000000016371
-0.5159999999999996 0.0000000000016351
-0.5149999999999996 0.0000000000016331
-0.5139999999999996 0.0000000000016309
-0.5129999999999996 0.0000000000016289
-0.5119999999999996 0.0000000000016269
-0.5109999999999996 0.0000000000016250
-0.5099999999999996 0.0000000000016232
-0.5089999999999996 0.0000000000016212
-0.5079999999999996 0.0000000000016190
-0.5069999999999996 0.0000000000016168
-0.5059999999999996 0.0000000000016146
-0.5049999999999996 0.0000000000016127
-0.5039999999999996 0.0000000000016110
-0.5029999999999996 0.0000000000016093
-0.5019999999999996 0.0000000000016072
-0.5009999999999996 0.0000000000016050
-0.4999999999999996 0.0000000000016027
-0.4989999999999996 0.0000000000016006
-0.4979999999999996 0.0000000000015988
-0.4969999999999996 0.0000000000015970
-0.4959999999999996 0.0000000000015953
-0.4949999999999996 0.0000000000015933
-0.4939999999999996 0.0000000000015911
-0.4929999999999995 0.0000000000015890
-0.4919999999999995 0.0000000000015867
-0.4909999999999995 0.0000000000015846
-0.4899999999999995 0.0000000000015825
-0.4889999999999995 0.0000000000015806
-0.4879999999999995 0.0000000000015787
-0.4869999999999995 0.0000000000015767
-0.4859999999999995 0.0000000000015747
-0.4849999999999995 0.0000000000015725
-0.4839999999999995 0.0000000000015704
-0.4829999999999995 0.0000000000015683
-0.4819999999999995 0.0000000000015663
-0.4809999999999995 0.0000000000015643
-0.4799999999999995 0.0000000000015622
-0.4789999999999995 0.0000000000015601
-0.4779999999999995 0.0000000000015580
-0.4769999999999995 0.0000000000015558
-0.4759999999999995 0.0000000000015536
-0.4749999999999995 0.0000000000015515
-0.4739999999999995 0.0000000000015493
-0.4729999999999995 0.0000000000015472
-0.4719999999999995 0.0000000000015450
-0.4709999999999995 0.0000000000015429
-0.4699999999999995 0.0000000000015408
-0.4689999999999995 0.0000000000015387
-0.4679999999999995 0.0000000000015365
-0.4669999999999995 0.0000000000015344
-0.4659999999999995 0.0000000000015323
-0.4649999999999995 0.0000000000015304
-0.4639999999999995 0.0000000000015282
-0.4629999999999995 0.0000000000015262
-0.4619999999999995 0.0000000000015240
-0.4609999999999995 0.0000000000015218
-0.4599999999999995 0.0000000000015196
-0.4589999999999995 0.0000000000015174
-0.4579999999999995 0.0000000000015151
-0.4569999999999995 0.0000000000015129
-0.4559999999999995 0.0000000000015107
-0.4549999999999995 0.0000000000015085
-0.4539999999999995 0.0000000000015064
-0.4529999999999995 0.0000000000015042
-0.4519999999999995 0.0000000000015020
-0.4509999999999995 0.0000000000014997
-0.4499999999999995 0.0000000000014974
-0.4489999999999995 0.0000000000014951
-0.4479999999999995 0.0000000000014929
-0.4469999999999995 0.0000000000014906
-0.4459999999999995 0.0000000000014884
-0.4449999999999995 0.0000000000014861
-0.4439999999999995 0.0000000000014837
-0.4429999999999995 0.0000000000014814
-0.4419999999999995 0.0000000000014791
-0.4409999999999995 0.0000000000014769
-0.4399999999999995 0.0000000000014746
-0.4389999999999995 0.0000000000014722
-0.4379999999999995 0.0000000000014699
-0.4369999999999995 0.0000000000014675
-0.4359999999999995 0.0000000000014652
-0.4349999999999995 0.0000000000014629
-0.4339999999999995 0.0000000000014607
-0.4329999999999995 0.0000000000014584
-0.4319999999999995 0.0000000000014559
-0.4309999999999995 0.0000000000014534
-0.4299999999999995 0.0000000000014510
-0.4289999999999995 0.0000000000014488
-0.4279999999999995 0.0000000000014465
-0.4269999999999995 0.0000000000014443
-0.4259999999999995 0.0000000000014419
-0.4249999999999995 0.0000000000014394
-0.4239999999999995 0.0000000000014369
-0.4229999999999995 0.0000000000014345
-0.4219999999999995 0.0000000000014320
-0.4209999999999995 0.0000000000014299
-0.4199999999999995 0.0000000000014276
-0.4189999999999995 0.0000000000014252
-0.4179999999999995 0.0000000000014228
-0.4169999999999995 0.0000000000014204
-0.4159999999999995 0.0000000000014179
-0.4149999999999995 0.0000000000014155
-0.4139999999999995 0.0000000000014131
-0.4129999999999995 0.0000000000014107
-0.4119999999999995 0.0000000000014083
-0.4109999999999995 0.0000000000014059
-0.4099999999999995 0.0000000000014034
-0.4089999999999995 0.0000000000014008
-0.4079999999999995 0.0000000000013983
-0.4069999999999995 0.0000000000013957
-0.4059999999999995 0.0000000000013931
-0.4049999999999995 0.0000000000013907
-0.4039999999999995 0.0000000000013883
-0.4029999999999995 0.0000000000013858
-0.4019999999999995 0.0000000000013832
-0.4009999999999995 0.0000000000013806
-0.3999999999999995 0.0000000000013780
-0.3989999999999995 0.0000000000013754
-0.3979999999999995 0.0000000000013728
-0.3969999999999995 0.0000000000013703
-0.3959999999999995 0.0000000000013677
-0.3949999999999995 0.0000000000013651
-0.3939999999999995 0.0000000000013624
-0.3929999999999995 0.0000000000013596
-0.3919999999999995 0.0000000000013568
-0.3909999999999995 0.0000000000013541
-0.3899999999999995 0.0000000000013514
-0.3889999999999995 0.0000000000013487
-0.3879999999999995 0.0000000000013459
-0.3869999999999995 0.0000000000013430
-0.3859999999999995 0.0000000000013402
-0.3849999999999995 0.0000000000013374
-0.3839999999999995 0.0000000000013347
-0.3829999999999995 0.0000000000013320
-0.3819999999999995 0.0000000000013292
-0.3809999999999995 0.0000000000013264
-0.3799999999999994 0.0000000000013236
-0.3789999999999994 0.0000000000013207
-0.3779999999999994 0.0000000000013179
-0.3769999999999994 0.0000000000013151
-0.3759999999999994 0.0000000000013123
-0.3749999999999994 0.0000000000013093
-0.3739999999999994 0.0000000000013063
-0.3729999999999994 0.0000000000013035
-0.3719999999999994 0.0000000000013007
-0.3709999999999994 0.0000000000012979
-0.3699999999999994 0.0000000000012950
-0.3689999999999994 0.0000000000012921
-0.3679999999999994 0.0000000000012892
-0.3669999999999994 0.0000000000012862
-0.3659999999999994 0.0000000000012833
-0.3649999999999994 0.0000000000012805
-0.3639999999999994 0.0000000000012776
-0.3629999999999994 0.0000000000012747
-0.3619999999999994 0.0000000000012717
-0.3609999999999994 0.0000000000012688
-0.3599999999999994 0.0000000000012660
-0.3589999999999994 0.0000000000012632
-0.3579999999999994 0.0000000000012604
-0.3569999999999994 0.0000000000012575
-0.3559999999999994 0.0000000000012546
-0.3549999999999994 0.0000000000012515
-0.3539999999999994 0.0000000000012486
-0.3529999999999994 0.0000000000012458
-0.3519999999999994 0.0000000000012430
-0.3509999999999994 0.0000000000012401
-0.3499999999999994 0.0000000000012371
-0.3489999999999994 0.0000000000012340
-0.3479999999999994 0.0000000000012309
-0.3469999999999994 0.0000000000012279
-0.3459999999999994 0.0000000000012249
-0.3449999999999994 0.0000000000012220
-0.3439999999999994 0.0000000000012190
-0.3429999999999994 0.0000000000012159
-0.3419999999999994 0.0000000000012129
-0.3409999999999994 0.0000000000012098
-0.3399999999999994 0.0000000000012067
-0.3389999999999994 0.0000000000012038
-0.3379999999999994 0.0000000000012008
-0.3369999999999994 0.0000000000011977
-0.3359999999999994 0.0000000000011946
-0.3349999999999994 0.0000000000011915
-0.3339999999999994 0.0000000000011883
-0.3329999999999994 0.0000000000011854
-0.3319999999999994 0.0000000000011824
-0.3309999999999994 0.0000000000011794
-0.3299999999999994 0.0000000000011762
-0.3289999999999994 0.0000000000011731
-0.3279999999999994 0.0000000000011700
-0.3269999999999994 0.0000000000011670
-0.3259999999999994 0.0000000000011641
-0.3249999999999994 0.0000000000011611
-0.3239999999999994 0.0000000000011582
-0.3229999999999994 0.0000000000011551
-0.3219999999999994 0.0000000000011521
-0.3209999999999994 0.0000000000011488
-0.3199999999999994 0.0000000000011458
-0.3189999999999994 0.0000000000011428
-0.3179999999999994 0.0000000000011399
-0.3169999999999994 0.0000000000011369
-0.3159999999999994 0.0000000000011338
-0.3149999999999994 0.0000000000011307
-0.3139999999999994 0.0000000000011277
-0.3129999999999994 0.0000000000011245
-0.3119999999999994 0.0000000000011215
-0.3109999999999994 0.0000000000011184
-0.3099999999999994 0.0000000000011152
-0.3089999999999994 0.0000000000011122
-0.3079999999999994 0.0000000000011092
-0.3069999999999994 0.0000000000011062
-0.3059999999999994 0.0000000000011033
-0.3049999999999994 0.0000000000011002
-0.3039999999999994 0.0000000000010971
-0.3029999999999994 0.0000000000010938
-0.3019999999999994 0.0000000000010906
-0.3009999999999994 0.0000000000010876
-0.2999999999999994 0.0000000000010847
-0.2989999999999994 0.0000000000010818
-0.2979999999999994 0.0000000000010789
-0.2969999999999994 0.0000000000010759
-0.2959999999999994 0.0000000000010728
-0.2949999999999994 0.0000000000010695
-0.2939999999999994 0.0000000000010664
-0.2929999999999994 0.0000000000010633
-0.2919999999999994 0.0000000000010604
-0.2909999999999994 0.0000000000010573
-0.2899999999999994 0.0000000000010543
-0.2889999999999994 0.0000000000010513
-0.2879999999999994 0.0000000000010481
-0.2869999999999994 0.0000000000010451
-0.2859999999999994 0.0000000000010421
-0.2849999999999994 0.0000000000010391
-0.2839999999999994 0.0000000000010361
-0.2829999999999994 0.0000000000010330
-0.2819999999999994 0.0000000000010301
-0.2809999999999994 0.0000000000010272
-0.2799999999999994 0.0000000000010242
-0.2789999999999994 0.0000000000010212
-0.2779999999999994 0.0000000000010182
-0.2769999999999994 0.0000000000010150
-0.2759999999999994 0.0000000000010118
-0.2749999999999994 0.0000000000010088
-0.2739999999999994 0.0000000000010059
-0.2729999999999994 0.0000000000010030
-0.2719999999999994 0.0000000000010001
-0.2709999999999994 0.0000000000009970
-0.2699999999999994 0.0000000000009938
-0.2689999999999994 0.0000000000009906
-0.2679999999999993 0.0000000000009874
-0.2669999999999993 0.0000000000009843
-0.2659999999999993 0.0000000000009815
-0.2649999999999993 0.0000000000009787
-0.2639999999999993 0.0000000000009758
-0.2629999999999993 0.0000000000009726
-0.2619999999999993 0.0000000000009696
-0.2609999999999993 0.0000000000009666
-0.2599999999999993 0.0000000000009636
-0.2589999999999993 0.0000000000009605
-0.2579999999999993 0.0000000000009575
-0.2569999999999993 0.0000000000009544
-0.2559999999999993 0.0000000000009512
-0.2549999999999993 0.0000000000009481
-0.2539999999999993 0.0000000000009451
-0.2529999999999993 0.0000000000009424
-0.2519999999999993 0.0000000000009394
-0.2509999999999993 0.0000000000009363
-0.2499999999999993 0.0000000000009330
-0.2489999999999993 0.0000000000009298
-0.2479999999999993 0.0000000000009268
-0.2469999999999993 0.0000000000009238
-0.2459999999999993 0.0000000000009209
-0.2449999999999993 0.0000000000009182
-0.2439999999999993 0.0000000000009151
-0.2429999999999993 0.0000000000009119
-0.2419999999999993 0.0000000000009088
-0.2409999999999993 0.0000000000009056
-0.2399999999999993 0.0000000000009026
-0.2389999999999993 0.0000000000008997
-0.2379999999999993 0.0000000000008968
-0.2369999999999993 0.0000000000008938
-0.2359999999999993 0.0000000000008906
-0.2349999999999993 0.0000000000008875
-0.2339999999999993 0.0000000000008845
-0.2329999999999993 0.0000000000008815
-0.2319999999999993 0.0000000000008786
-0.2309999999999993 0.0000000000008756
-0.2299999999999993 0.0000000000008725
-0.2289999999999993 0.0000000000008695
-0.2279999999999993 0.0000000000008666
-0.2269999999999993 0.0000000000008638
-0.2259999999999993 0.0000000000008609
-0.2249999999999993 0.0000000000008580
-0.2239999999999993 0.0000000000008549
-0.2229999999999993 0.0000000000008517
-0.2219999999999993 0.0000000000008485
-0.2209999999999993 0.0000000000008454
-0.2199999999999993 0.0000000000008426
-0.2189999999999993 0.0000000000008396
-0.2179999999999993 0.0000000000008368
-0.2169999999999993 0.0000000000008338
-0.2159999999999993 0.0000000000008307
-0.2149999999999993 0.0000000000008277
-0.2139999999999993 0.0000000000008246
-0.2129999999999993 0.0000000000008216
-0.2119999999999993 0.0000000000008188
-0.2109999999999993 0.0000000000008159
-0.2099999999999993 0.0000000000008129
-0.2089999999999993 0.0000000000008100
-0.2079999999999993 0.0000000000008072
-0.2069999999999993 0.0000000000008045
-0.2059999999999993 0.0000000000008016
-0.2049999999999993 0.0000000000007988
-0.2039999999999993 0.0000000000007956
-0.2029999999999993 0.0000000000007925
-0.2019999999999993 0.0000000000007891
-0.2009999999999993 0.0000000000007864
-0.1999999999999993 0.0000000000007835
-0.1989999999999993 0.0000000000007808
-0.1979999999999993 0.0000000000007779
-0.1969999999999993 0.0000000000007752
-0.1959999999999993 0.0000000000007720
-0.1949999999999993 0.0000000000007689
-0.1939999999999993 0.0000000000007659
-0.1929999999999993 0.0000000000007629
-0.1919999999999993 0.0000000000007602
-0.1909999999999993 0.0000000000007574
-0.1899999999999993 0.0000000000007545
-0.1889999999999993 0.0000000000007516
-0.1879999999999993 0.0000000000007486
-0.1869999999999993 0.0000000000007457
-0.1859999999999993 0.0000000000007427
-0.1849999999999993 0.0000000000007397
-0.1839999999999993 0.0000000000007369
-0.1829999999999993 0.0000000000007336
-0.1819999999999993 0.0000000000007309
-0.1809999999999993 0.0000000000007281
-0.1799999999999993 0.0000000000007253
-0.1789999999999993 0.0000000000007226
-0.1779999999999993 0.0000000000007198
-0.1769999999999993 0.0000000000007165
-0.1759999999999993 0.0000000000007133
-0.1749999999999993 0.0000000000007101
-0.1739999999999993 0.0000000000007069
-0.1729999999999993 0.0000000000007043
-0.1719999999999993 0.0000000000007018
-0.1709999999999993 0.0000000000006992
-0.1699999999999993 0.0000000000006961
-0.1689999999999993 0.0000000000006929
-0.1679999999999993 0.0000000000006893
-0.1669999999999993 0.0000000000006862
-0.1659999999999993 0.0000000000006831
-0.1649999999999993 0.0000000000006803
-0.1639999999999993 0.0000000000006776
-0.1629999999999993 0.0000000000006748
-0.1619999999999993 0.0000000000006718
-0.1609999999999993 0.0000000000006687
-0.1599999999999993 0.0000000000006657
-0.1589999999999993 0.0000000000006626
-0.1579999999999993 0.0000000000006596
-0.1569999999999993 0.0000000000006564
-0.1559999999999993 0.0000000000006533
-0.1549999999999992 0.0000000000006500
-0.1539999999999992 0.0000000000006471
-0.1529999999999992 0.0000000000006443
-0.1519999999999992 0.0000000000006415
-0.1509999999999992 0.0000000000006385
-0.1499999999999992 0.0000000000006355
-0.1489999999999992 0.0000000000006320
-0.1479999999999992 0.0000000000006287
-0.1469999999999992 0.0000000000006254
-0.1459999999999992 0.0000000000006225
-0.1449999999999992 0.0000000000006197
-0.1439999999999992 0.0000000000006171
-0.1429999999999992 0.0000000000006141
-0.1419999999999992 0.0000000000006108
-0.1409999999999992 0.0000000000006076
-0.1399999999999992 0.0000000000006042
-0.1389999999999992 0.0000000000006012
-0.1379999999999992 0.0000000000005980
-0.1369999999999992 0.0000000000005949
-0.1359999999999992 0.0000000000005916
-0.1349999999999992 0.0000000000005884
-0.1339999999999992 0.0000000000005853
-0.1329999999999992 0.0000000000005822
-0.1319999999999992 0.0000000000005791
-0.1309999999999992 0.0000000000005761
-0.1299999999999992 0.0000000000005729
-0.1289999999999992 0.0000000000005697
-0.1279999999999992 0.0000000000005660
-0.1269999999999992 0.0000000000005629
-0.1259999999999992 0.0000000000005598
-0.1249999999999992 0.0000000000005570
-0.1239999999999992 0.0000000000005542
-0.1229999999999992 0.0000000000005513
-0.1219999999999992 0.0000000000005480
-0.1209999999999992 0.0000000000005446
-0.1199999999999992 0.0000000000005409
-0.1189999999999992 0.0000000000005377
-0.1179999999999992 0.0000000000005345
-0.1169999999999992 0.0000000000005318
-0.1159999999999992 0.0000000000005288
-0.1149999999999992 0.0000000000005258
-0.1139999999999992 0.0000000000005226
-0.1129999999999992 0.0000000000005193
-0.1119999999999992 0.0000000000005158
-0.1109999999999992 0.0000000000005127
-0.1099999999999992 0.0000000000005095
-0.1089999999999992 0.0000000000005063
-0.1079999999999992 0.0000000000005034
-0.1069999999999992 0.0000000000004999
-0.1059999999999992 0.0000000000004965
-0.1049999999999992 0.0000000000004932
-0.1039999999999992 0.0000000000004898
-0.1029999999999992 0.0000000000004867
-0.1019999999999992 0.0000000000004835
-0.1009999999999992 0.0000000000004803
-0.0999999999999992 0.0000000000004766
-0.0989999999999992 0.0000000000004732
-0.0979999999999992 0.0000000000004701
-0.0969999999999992 0.0000000000004671
-0.0959999999999992 0.0000000000004640
-0.0949999999999992 0.0000000000004610
-0.0939999999999992 0.0000000000004577
-0.0929999999999992 0.0000000000004541
-0.0919999999999992 0.0000000000004506
-0.0909999999999992 0.0000000000004471
-0.0899999999999992 0.0000000000004438
-0.0889999999999992 0.0000000000004409
-0.0879999999999992 0.0000000000004376
-0.0869999999999992 0.0000000000004345
-0.0859999999999992 0.0000000000004312
-0.0849999999999992 0.0000000000004279
-0.0839999999999992 0.0000000000004243
-0.0829999999999992 0.0000000000004211
-0.0819999999999992 0.0000000000004178
-0.0809999999999992 0.0000000000004143
-0.0799999999999992 0.0000000000004110
-0.0789999999999992 0.0000000000004076
-0.0779999999999992 0.0000000000004042
-0.0769999999999992 0.0000000000004010
-0.0759999999999992 0.0000000000003979
-0.0749999999999992 0.0000000000003948
-0.0739999999999992 0.0000000000003915
-0.0729999999999992 0.0000000000003878
-0.0719999999999992 0.0000000000003839
-0.0709999999999992 0.0000000000003801
-0.0699999999999992 0.0000000000003769
-0.0689999999999992 0.0000000000003739
-0.0679999999999992 0.0000000000003708
-0.0669999999999992 0.0000000000003676
-0.0659999999999992 0.0000000000003640
-0.0649999999999992 0.0000000000003606
-0.0639999999999992 0.0000000000003568
-0.0629999999999992 0.0000000000003534
-0.0619999999999992 0.0000000000003502
-0.0609999999999992 0.0000000000003468
-0.0599999999999992 0.0000000000003436
-0.0589999999999992 0.0000000000003404
-0.0579999999999992 0.0000000000003370
-0.0569999999999992 0.0000000000003335
-0.0559999999999992 0.0000000000003302
-0.0549999999999992 0.0000000000003268
-0.0539999999999992 0.0000000000003235
-0.0529999999999992 0.0000000000003200
-0.0519999999999992 0.0000000000003164
-0.0509999999999992 0.0000000000003131
-0.0499999999999992 0.0000000000003099
-0.0489999999999992 0.0000000000003064
-0.0479999999999992 0.0000000000003033
-0.0469999999999992 0.0000000000002999
-0.0459999999999992 0.0000000000002964
-0.0449999999999992 0.0000000000002925
-0.0439999999999992 0.0000000000002889
-0.0429999999999992 0.0000000000002852
-0.0419999999999991 0.0000000000002819
-0.0409999999999991 0.0000000000002789
-0.0399999999999991 0.0000000000002753
-0.0389999999999991 0.0000000000002720
-0.0379999999999991 0.0000000000002681
-0.0369999999999991 0.0000000000002646
-0.0359999999999991 0.0000000000002609
-0.0349999999999991 0.0000000000002571
-0.0339999999999991 0.0000000000002537
-0.0329999999999991 0.0000000000002502
-0.0319999999999991 0.0000000000002466
-0.0309999999999991 0.0000000000002429
-0.0299999999999991 0.0000000000002393
-0.0289999999999991 0.0000000000002356
-0.0279999999999991 0.0000000000002320
-0.0269999999999991 0.0000000000002285
-0.0259999999999991 0.0000000000002250
-0.0249999999999991 0.0000000000002213
-0.0239999999999991 0.0000000000002175
-0.0229999999999991 0.0000000000002137
-0.0219999999999991 0.0000000000002102
-0.0209999999999991 0.0000000000002066
-0.0199999999999991 0.0000000000002034
-0.0189999999999991 0.0000000000002001
-0.0179999999999991 0.0000000000001964
-0.0169999999999991 0.0000000000001926
-0.0159999999999991 0.0000000000001887
-0.0149999999999991 0.0000000000001850
-0.0139999999999991 0.0000000000001813
-0.0129999999999991 0.0000000000001777
-0.0119999999999991 0.0000000000001744
-0.0109999999999991 0.0000000000001706
-0.0099999999999991 0.0000000000001671
-0.0089999999999991 0.0000000000001635
-0.0079999999999991 0.0000000000001597
-0.0069999999999991 0.0000000000001560
-0.0059999999999991 0.0000000000001523
-0.0049999999999991 0.0000000000001484
-0.0039999999999991 0.0000000000001448
-0.0029999999999991 0.0000000000001411
-0.0019999999999991 0.0000000000001372
-0.0009999999999991 0.0000000000001336
0.0000000000000009 0.0000000000001299
0.0010000000000009 0.0000000000001262
0.0020000000000009 0.0000000000001226
0.0030000000000009 0.0000000000001188
0.0040000000000009 0.0000000000001149
0.0050000000000009 0.0000000000001111
0.0060000000000009 0.0000000000001075
0.0070000000000009 0.0000000000001040
0.0080000000000009 0.0000000000001003
0.0090000000000009 0.0000000000000964
0.0100000000000009 0.0000000000000928
0.0110000000000009 0.0000000000000889
0.0120000000000009 0.0000000000000855
0.0130000000000009 0.0000000000000817
0.0140000000000009 0.0000000000000780
0.0150000000000009 0.0000000000000743
0.0160000000000009 0.0000000000000707
0.0170000000000009 0.0000000000000667
0.0180000000000009 0.0000000000000629
0.0190000000000009 0.0000000000000591
0.0200000000000009 0.0000000000000555
0.0210000000000009 0.0000000000000517
0.0220000000000009 0.0000000000000483
0.0230000000000009 0.0000000000000444
0.0240000000000009 0.0000000000000406
0.0250000000000009 0.0000000000000370
0.0260000000000009 0.0000000000000333
0.0270000000000009 0.0000000000000293
0.0280000000000009 0.0000000000000255
0.0290000000000009 0.0000000000000218
0.0300000000000009 0.0000000000000181
0.0310000000000009 0.0000000000000148
0.0320000000000009 0.0000000000000112
0.0330000000000009 0.0000000000000078
0.0340000000000009 0.0000000000000041
0.0350000000000009 0.0000000000000000
0.0360000000000009 0.0000000000000039
0.0370000000000009 0.0000000000000077
0.0380000000000009 0.0000000000000112
0.0390000000000009 0.0000000000000147
0.0400000000000009 0.0000000000000182
0.0410000000000009 0.0000000000000219
0.0420000000000009 0.0000000000000253
0.0430000000000009 0.0000000000000292
0.0440000000000009 0.0000000000000332
0.0450000000000009 0.0000000000000372
0.0460000000000009 0.0000000000000407
0.0470000000000009 0.0000000000000444
0.0480000000000009 0.0000000000000477
0.0490000000000009 0.0000000000000513
0.0500000000000009 0.0000000000000550
0.0510000000000009 0.0000000000000586
0.0520000000000009 0.0000000000000624
0.0530000000000009 0.0000000000000662
0.0540000000000009 0.0000000000000698
0.0550000000000009 0.0000000000000736
0.0560000000000009 0.0000000000000773
0.0570000000000009 0.0000000000000810
0.0580000000000009 0.0000000000000848
0.0590000000000009 0.0000000000000882
0.0600000000000009 0.0000000000000915
0.0610000000000009 0.0000000000000949
0.0620000000000009 0.0000000000000987
0.0630000000000009 0.0000000000001026
0.0640000000000009 0.0000000000001065
0.0650000000000009 0.0000000000001104
0.0660000000000009 0.0000000000001140
0.0670000000000009 0.0000000000001174
0.0680000000000009 0.0000000000001208
0.0690000000000009 0.0000000000001243
0.0700000000000009 0.0000000000001279
0.0710000000000009 0.0000000000001318
0.0720000000000009 0.0000000000001357
0.0730000000000009 0.0000000000001392
0.0740000000000009 0.0000000000001429
0.0750000000000009 0.0000000000001465
0.0760000000000009 0.0000000000001501
0.0770000000000009 0.0000000000001537
0.0780000000000009 0.0000000000001573
0.0790000000000009 0.0000000000001608
0.0800000000000009 0.0000000000001641
0.0810000000000009 0.0000000000001679
0.0820000000000009 0.0000000000001715
0.0830000000000009 0.0000000000001752
0.0840000000000009 0.0000000000001791
0.0850000000000009 0.0000000000001827
0.0860000000000010 0.0000000000001862
0.0870000000000010 0.0000000000001896
0.0880000000000010 0.0000000000001928
0.0890000000000010 0.0000000000001966
0.0900000000000010 0.0000000000002003
0.0910000000000010 0.0000000000002044
0.0920000000000010 0.0000000000002084
0.0930000000000010 0.0000000000002122
0.0940000000000010 0.0000000000002154
0.0950000000000010 0.0000000000002185
0.0960000000000010 0.0000000000002216
0.0970000000000010 0.0000000000002252
0.0980000000000010 0.0000000000002288
0.0990000000000010 0.0000000000002327
0.1000000000000010 0.0000000000002368
0.1010000000000010 0.0000000000002401
0.1020000000000010 0.0000000000002438
0.1030000000000010 0.0000000000002472
0.1040000000000010 0.0000000000002510
0.1050000000000010 0.0000000000002547
0.1060000000000010 0.0000000000002585
0.1070000000000010 0.0000000000002619
0.1080000000000010 0.0000000000002653
0.1090000000000010 0.0000000000002689
0.1100000000000010 0.0000000000002727
0.1110000000000010 0.0000000000002764
0.1120000000000010 0.0000000000002803
0.1130000000000010 0.0000000000002840
0.1140000000000010 0.0000000000002873
0.1150000000000010 0.0000000000002905
0.1160000000000010 0.0000000000002935
0.1170000000000010 0.0000000000002972
0.1180000000000010 0.0000000000003010
0.1190000000000010 0.0000000000003048
0.1200000000000010 0.0000000000003086
0.1210000000000010 0.0000000000003120
0.1220000000000010 0.0000000000003154
0.1230000000000010 0.0000000000003187
0.1240000000000010 0.0000000000003222
0.1250000000000010 0.0000000000003259
0.1260000000000010 0.0000000000003294
0.1270000000000010 0.0000000000003328
0.1280000000000010 0.0000000000003361
0.1290000000000010 0.0000000000003395
0.1300000000000010 0.0000000000003429
0.1310000000000010 0.0000000000003463
0.1320000000000010 0.0000000000003498
0.1330000000000010 0.0000000000003534
0.1340000000000010 0.0000000000003568
0.1350000000000010 0.0000000000003598
0.1360000000000010 0.0000000000003632
0.1370000000000010 0.0000000000003664
0.1380000000000010 0.0000000000003701
0.1390000000000010 0.0000000000003739
0.1400000000000010 0.0000000000003778
0.1410000000000010 0.0000000000003811
0.1420000000000010 0.0000000000003841
0.1430000000000010 0.0000000000003871
0.1440000000000010 0.0000000000003900
0.1450000000000010 0.0000000000003935
0.1460000000000010 0.0000000000003972
0.1470000000000010 0.0000000000004011
0.1480000000000010 0.0000000000004048
0.1490000000000010 0.0000000000004082
0.1500000000000010 0.0000000000004112
0.1510000000000010 0.0000000000004142
0.1520000000000010 0.0000000000004173
0.1530000000000010 0.0000000000004208
0.1540000000000010 0.0000000000004243
0.1550000000000010 0.0000000000004278
0.1560000000000010 0.0000000000004312
0.1570000000000010 0.0000000000004348
0.1580000000000010 0.0000000000004383
0.1590000000000010 0.0000000000004419
0.1600000000000010 0.0000000000004452
0.1610000000000010 0.0000000000004483
0.1620000000000010 0.0000000000004514
0.1630000000000010 0.0000000000004543
0.1640000000000010 0.0000000000004574
0.1650000000000010 0.0000000000004607
0.1660000000000010 0.0000000000004645
0.1670000000000010 0.0000000000004681
0.1680000000000010 0.0000000000004716
0.1690000000000010 0.0000000000004748
0.1700000000000010 0.0000000000004777
0.1710000000000010 0.0000000000004807
0.1720000000000010 0.0000000000004841
0.1730000000000010 0.0000000000004874
0.1740000000000010 0.0000000000004912
0.1750000000000010 0.0000000000004947
0.1760000000000010 0.0000000000004979
0.1770000000000010 0.0000000000005013
0.1780000000000010 0.0000000000005044
0.1790000000000010 0.0000000000005076
0.1800000000000010 0.0000000000005109
0.1810000000000010 0.0000000000005141
0.1820000000000010 0.0000000000005174
0.1830000000000010 0.0000000000005206
0.1840000000000010 0.0000000000005239
0.1850000000000010 0.0000000000005275
0.1860000000000010 0.0000000000005308
0.1870000000000010 0.0000000000005342
0.1880000000000010 0.0000000000005377
0.1890000000000010 0.0000000000005406
0.1900000000000010 0.0000000000005437
0.1910000000000010 0.0000000000005470
0.1920000000000010 0.0000000000005504
0.1930000000000010 0.0000000000005541
0.1940000000000010 0.0000000000005577
0.1950000000000010 0.0000000000005612
0.1960000000000010 0.0000000000005644
0.1970000000000010 0.0000000000005673
0.1980000000000010 0.0000000000005703
0.1990000000000010 0.0000000000005735
0.2000000000000010 0.0000000000005771
0.2010000000000010 0.0000000000005805
0.2020000000000010 0.0000000000005840
0.2030000000000010 0.0000000000005874
0.2040000000000010 0.0000000000005907
0.2050000000000010 0.0000000000005941
0.2060000000000010 0.0000000000005974
0.2070000000000010 0.0000000000006007
0.2080000000000010 0.0000000000006040
0.2090000000000010 0.0000000000006073
0.2100000000000010 0.0000000000006106
0.2110000000000010 0.0000000000006140
0.2120000000000010 0.0000000000006174
0.2130000000000010 0.0000000000006209
0.2140000000000011 0.0000000000006246
0.2150000000000011 0.0000000000006281
0.2160000000000011 0.0000000000006314
0.2170000000000011 0.0000000000006346
0.2180000000000011 0.0000000000006378
0.2190000000000011 0.0000000000006412
0.2200000000000011 0.0000000000006448
0.2210000000000011 0.0000000000006485
0.2220000000000011 0.0000000000006521
0.2230000000000011 0.0000000000006556
0.2240000000000011 0.0000000000006589
0.2250000000000011 0.0000000000006622
0.2260000000000011 0.0000000000006655
0.2270000000000011 0.0000000000006691
0.2280000000000011 0.0000000000006727
0.2290000000000011 0.0000000000006761
0.2300000000000011 0.0000000000006795
0.2310000000000011 0.0000000000006828
0.2320000000000011 0.0000000000006862
0.2330000000000011 0.0000000000006897
0.2340000000000011 0.0000000000006932
0.2350000000000011 0.0000000000006968
0.2360000000000011 0.0000000000007002
0.2370000000000011 0.0000000000007035
0.2380000000000011 0.0000000000007069
0.2390000000000011 0.0000000000007106
0.2400000000000011 0.0000000000007142
0.2410000000000011 0.0000000000007180
0.2420000000000011 0.0000000000007214
0.2430000000000011 0.0000000000007249
0.2440000000000011 0.0000000000007283
0.2450000000000011 0.0000000000007315
0.2460000000000011 0.0000000000007350
0.2470000000000011 0.0000000000007386
0.2480000000000011 0.0000000000007424
0.2490000000000011 0.0000000000007462
0.2500000000000011 0.0000000000007497
0.2510000000000011 0.0000000000007532
0.2520000000000011 0.0000000000007567
0.2530000000000011 0.0000000000007601
0.2540000000000011 0.0000000000007637
0.2550000000000011 0.0000000000007673
0.2560000000000011 0.0000000000007708
0.2570000000000011 0.0000000000007743
0.2580000000000011 0.0000000000007780
0.2590000000000011 0.0000000000007817
0.2600000000000011 0.0000000000007854
0.2610000000000011 0.0000000000007891
0.2620000000000011 0.0000000000007926
0.2630000000000011 0.0000000000007960
0.2640000000000011 0.0000000000007994
0.2650000000000011 0.0000000000008027
0.2660000000000011 0.0000000000008064
0.2670000000000011 0.0000000000008100
0.2680000000000011 0.0000000000008139
0.2690000000000011 0.0000000000008176
0.2700000000000011 0.0000000000008212
0.2710000000000011 0.0000000000008246
0.2720000000000011 0.0000000000008282
0.2730000000000011 0.0000000000008317
0.2740000000000011 0.0000000000008354
0.2750000000000011 0.0000000000008392
0.2760000000000011 0.0000000000008430
0.2770000000000011 0.0000000000008467
0.2780000000000011 0.0000000000008503
0.2790000000000011 0.0000000000008539
0.2800000000000011 0.0000000000008575
0.2810000000000011 0.0000000000008611
0.2820000000000011 0.0000000000008648
0.2830000000000011 0.0000000000008684
0.2840000000000011 0.0000000000008720
0.2850000000000011 0.0000000000008757
0.2860000000000011 0.0000000000008794
0.2870000000000011 0.0000000000008832
0.2880000000000011 0.0000000000008870
0.2890000000000011 0.0000000000008907
0.2900000000000011 0.0000000000008941
0.2910000000000011 0.0000000000008977
0.2920000000000011 0.0000000000009011
0.2930000000000011 0.0000000000009048
0.2940000000000011 0.0000000000009086
0.2950000000000011 0.0000000000009125
0.2960000000000011 0.0000000000009163
0.2970000000000011 0.0000000000009201
0.2980000000000011 0.0000000000009235
0.2990000000000011 0.0000000000009270
0.3000000000000011 0.0000000000009307
0.3010000000000011 0.0000000000009344
0.3020000000000011 0.0000000000009382
0.3030000000000011 0.0000000000009420
0.3040000000000011 0.0000000000009457
0.3050000000000011 0.0000000000009495
0.3060000000000011 0.0000000000009531
0.3070000000000011 0.0000000000009568
0.3080000000000011 0.0000000000009605
0.3090000000000011 0.0000000000009643
0.3100000000000011 0.0000000000009679
0.3110000000000011 0.0000000000009716
0.3120000000000011 0.0000000000009753
0.3130000000000011 0.0000000000009792
0.3140000000000011 0.0000000000009829
0.3150000000000011 0.0000000000009868
0.3160000000000011 0.0000000000009904
0.3170000000000011 0.0000000000009940
0.3180000000000011 0.0000000000009975
0.3190000000000011 0.0000000000010012
0.3200000000000011 0.0000000000010051
0.3210000000000011 0.0000000000010089
0.3220000000000011 0.0000000000010127
0.3230000000000011 0.0000000000010164
0.3240000000000011 0.0000000000010200
0.3250000000000011 0.0000000000010235
0.3260000000000011 0.0000000000010271
0.3270000000000011 0.0000000000010307
0.3280000000000011 0.0000000000010345
0.3290000000000011 0.0000000000010382
0.3300000000000011 0.0000000000010419
0.3310000000000011 0.0000000000010456
0.3320000000000011 0.0000000000010490
0.3330000000000011 0.0000000000010527
0.3340000000000011 0.0000000000010563
0.3350000000000011 0.0000000000010599
0.3360000000000011 0.0000000000010634
0.3370000000000011 0.0000000000010670
0.3380000000000011 0.0000000000010705
0.3390000000000011 0.0000000000010743
0.3400000000000011 0.0000000000010779
0.3410000000000011 0.0000000000010815
0.3420000000000011 0.0000000000010850
0.3430000000000011 0.0000000000010885
0.3440000000000011 0.0000000000010920
0.3450000000000011 0.0000000000010955
0.3460000000000011 0.0000000000010991
0.3470000000000011 0.0000000000011027
0.3480000000000011 0.0000000000011063
0.3490000000000011 0.0000000000011099
0.3500000000000011 0.0000000000011132
0.3510000000000011 0.0000000000011167
0.3520000000000011 0.0000000000011202
0.3530000000000011 0.0000000000011237
0.3540000000000011 0.0000000000011272
0.3550000000000011 0.0000000000011307
0.3560000000000011 0.0000000000011343
0.3570000000000011 0.0000000000011376
0.3580000000000012 0.0000000000011412
0.3590000000000012 0.0000000000011446
0.3600000000000012 0.0000000000011482
0.3610000000000012 0.0000000000011517
0.3620000000000012 0.0000000000011551
0.3630000000000012 0.0000000000011584
0.3640000000000012 0.0000000000011619
0.3650000000000012 0.0000000000011654
0.3660000000000012 0.0000000000011690
0.3670000000000012 0.0000000000011725
0.3680000000000012 0.0000000000011760
0.3690000000000012 0.0000000000011793
0.3700000000000012 0.0000000000011825
0.3710000000000012 0.0000000000011858
0.3720000000000012 0.0000000000011892
0.3730000000000012 0.0000000000011927
0.3740000000000012 0.0000000000011961
0.3750000000000012 0.0000000000011995
0.3760000000000012 0.0000000000012028
0.3770000000000012 0.0000000000012062
0.3780000000000012 0.0000000000012094
0.3790000000000012 0.0000000000012127
0.3800000000000012 0.0000000000012160
0.3810000000000012 0.0000000000012193
0.3820000000000012 0.0000000000012226
0.3830000000000012 0.0000000000012259
0.3840000000000012 0.0000000000012292
0.3850000000000012 0.0000000000012326
0.3860000000000012 0.0000000000012360
0.3870000000000012 0.0000000000012393
0.3880000000000012 0.0000000000012423
0.3890000000000012 0.0000000000012456
0.3900000000000012 0.0000000000012487
0.3910000000000012 0.0000000000012520
0.3920000000000012 0.0000000000012553
0.3930000000000012 0.0000000000012586
0.3940000000000012 0.0000000000012619
0.3950000000000012 0.0000000000012651
0.3960000000000012 0.0000000000012682
0.3970000000000012 0.0000000000012715
0.3980000000000012 0.0000000000012747
0.3990000000000012 0.0000000000012780
0.4000000000000012 0.0000000000012814
0.4010000000000012 0.0000000000012846
0.4020000000000012 0.0000000000012878
0.4030000000000012 0.0000000000012911
0.4040000000000012 0.0000000000012943
0.4050000000000012 0.0000000000012975
0.4060000000000012 0.0000000000013007
0.4070000000000012 0.0000000000013038
0.4080000000000012 0.0000000000013070
0.4090000000000012 0.0000000000013101
0.4100000000000012 0.0000000000013134
0.4110000000000012 0.0000000000013167
0.4120000000000012 0.0000000000013199
0.4130000000000012 0.0000000000013230
0.4140000000000012 0.0000000000013260
0.4150000000000012 0.0000000000013290
0.4160000000000012 0.0000000000013323
0.4170000000000012 0.0000000000013355
0.4180000000000012 0.0000000000013387
0.4190000000000012 0.0000000000013419
0.4200000000000012 0.0000000000013450
0.4210000000000012 0.0000000000013481
0.4220000000000012 0.0000000000013511
0.4230000000000012 0.0000000000013542
0.4240000000000012 0.0000000000013573
0.4250000000000012 0.0000000000013604
0.4260000000000012 0.0000000000013634
0.4270000000000012 0.0000000000013665
0.4280000000000012 0.0000000000013695
0.4290000000000012 0.0000000000013725
0.4300000000000012 0.0000000000013756
0.4310000000000012 0.0000000000013786
0.4320000000000012 0.0000000000013816
0.4330000000000012 0.0000000000013846
0.4340000000000012 0.0000000000013875
0.4350000000000012 0.0000000000013906
0.4360000000000012 0.0000000000013936
0.4370000000000012 0.0000000000013967
0.4380000000000012 0.0000000000013996
0.4390000000000012 0.0000000000014025
0.4400000000000012 0.0000000000014053
0.4410000000000012 0.0000000000014082
0.4420000000000012 0.0000000000014111
0.4430000000000012 0.0000000000014141
0.4440000000000012 0.0000000000014170
0.4450000000000012 0.0000000000014198
0.4460000000000012 0.0000000000014226
0.4470000000000012 0.0000000000014254
0.4480000000000012 0.0000000000014282
0.4490000000000012 0.0000000000014311
0.4500000000000012 0.0000000000014341
0.4510000000000012 0.0000000000014369
0.4520000000000012 0.0000000000014398
0.4530000000000012 0.0000000000014427
0.4540000000000012 0.0000000000014455
0.4550000000000012 0.0000000000014484
0.4560000000000012 0.0000000000014513
0.4570000000000012 0.0000000000014541
0.4580000000000012 0.0000000000014568
0.4590000000000012 0.0000000000014595
0.4600000000000012 0.0000000000014622
0.4610000000000012 0.0000000000014650
0.4620000000000012 0.0000000000014677
0.4630000000000012 0.0000000000014705
0.4640000000000012 0.0000000000014731
0.4650000000000012 0.0000000000014757
0.4660000000000012 0.0000000000014784
0.4670000000000012 0.0000000000014810
0.4680000000000012 0.0000000000014838
0.4690000000000012 0.0000000000014865
0.4700000000000013 0.0000000000014892
0.4710000000000013 0.0000000000014918
0.4720000000000013 0.0000000000014945
0.4730000000000013 0.0000000000014971
0.4740000000000013 0.0000000000014998
0.4750000000000013 0.0000000000015023
0.4760000000000013 0.0000000000015048
0.4770000000000013 0.0000000000015073
0.4780000000000013 0.0000000000015098
0.4790000000000013 0.0000000000015124
0.4800000000000013 0.0000000000015150
0.4810000000000013 0.0000000000015176
0.4820000000000013 0.0000000000015202
0.4830000000000013 0.0000000000015227
0.4840000000000013 0.0000000000015253
0.4850000000000013 0.0000000000015279
0.4860000000000013 0.0000000000015307
0.4870000000000013 0.0000000000015334
0.4880000000000013 0.0000000000015362
0.4890000000000013 0.0000000000015390
0.4900000000000013 0.0000000000015418
0.4910000000000013 0.0000000000015445
0.4920000000000013 0.0000000000015470
0.4930000000000013 0.0000000000015494
0.4940000000000013 0.0000000000015518
0.4950000000000013 0.0000000000015542
0.4960000000000013 0.0000000000015566
0.4970000000000013 0.0000000000015590
0.4980000000000013 0.0000000000015614
0.4990000000000013 0.0000000000015640
0.5000000000000012 0.0000000000015666
0.5010000000000012 0.0000000000015693
0.5020000000000012 0.0000000000015721
0.5030000000000012 0.0000000000015748
0.5040000000000012 0.0000000000015772
0.5050000000000012 0.0000000000015795
0.5060000000000012 0.0000000000015815
0.5070000000000012 0.0000000000015838
0.5080000000000012 0.0000000000015861
0.5090000000000012 0.0000000000015887
0.5100000000000012 0.0000000000015915
0.5110000000000012 0.0000000000015943
0.5120000000000012 0.0000000000015969
0.5130000000000012 0.0000000000015995
0.5140000000000012 0.0000000000016020
0.5150000000000012 0.0000000000016044
0.5160000000000012 0.0000000000016069
0.5170000000000012 0.0000000000016095
0.5180000000000012 0.0000000000016119
0.5190000000000012 0.0000000000016144
0.5200000000000012 0.0000000000016168
0.5210000000000012 0.0000000000016191
0.5220000000000012 0.0000000000016213
0.5230000000000012 0.0000000000016236
0.5240000000000012 0.0000000000016259
0.5250000000000012 0.0000000000016282
0.5260000000000012 0.0000000000016306
0.5270000000000012 0.0000000000016330
0.5280000000000012 0.0000000000016353
0.5290000000000012 0.0000000000016378
0.5300000000000012 0.0000000000016401
0.5310000000000012 0.0000000000016424
0.5320000000000012 0.0000000000016448
0.5330000000000013 0.0000000000016471
0.5340000000000013 0.0000000000016495
0.5350000000000013 0.0000000000016519
0.5360000000000013 0.0000000000016543
0.5370000000000013 0.0000000000016566
0.5380000000000013 0.0000000000016589
0.5390000000000013 0.0000000000016612
0.5400000000000013 0.0000000000016635
0.5410000000000013 0.0000000000016659
0.5420000000000013 0.0000000000016683
0.5430000000000013 0.0000000000016707
0.5440000000000013 0.0000000000016731
0.5450000000000013 0.0000000000016755
0.5460000000000013 0.0000000000016779
0.5470000000000013 0.0000000000016803
0.5480000000000013 0.0000000000016828
0.5490000000000013 0.0000000000016851
0.5500000000000013 0.0000000000016875
0.5510000000000013 0.0000000000016898
0.5520000000000013 0.0000000000016922
0.5530000000000013 0.0000000000016945
0.5540000000000013 0.0000000000016969
0.5550000000000013 0.0000000000016993
0.5560000000000013 0.0000000000017017
0.5570000000000013 0.0000000000017040
0.5580000000000013 0.0000000000017064
0.5590000000000013 0.0000000000017089
0.5600000000000013 0.0000000000017113
0.5610000000000013 0.0000000000017137
0.5620000000000013 0.0000000000017161
0.5630000000000013 0.0000000000017185
0.5640000000000013 0.0000000000017209
0.5650000000000013 0.0000000000017233
0.5660000000000013 0.0000000000017258
0.5670000000000013 0.0000000000017282
0.5680000000000013 0.0000000000017306
0.5690000000000013 0.0000000000017330
0.5700000000000013 0.0000000000017354
0.5710000000000013 0.0000000000017378
0.5720000000000013 0.0000000000017402
0.5730000000000013 0.0000000000017426
0.5740000000000013 0.0000000000017450
0.5750000000000013 0.0000000000017474
0.5760000000000013 0.0000000000017499
0.5770000000000013 0.0000000000017523
0.5780000000000013 0.0000000000017547
0.5790000000000013 0.0000000000017572
0.5800000000000013 0.0000000000017596
0.5810000000000013 0.0000000000017620
0.5820000000000013 0.0000000000017645
0.5830000000000013 0.0000000000017669
0.5840000000000013 0.0000000000017693
0.5850000000000013 0.0000000000017717
0.5860000000000013 0.0000000000017741
0.5870000000000013 0.0000000000017764
0.5880000000000013 0.0000000000017787
0.5890000000000013 0.0000000000017810
0.5900000000000013 0.0000000000017833
0.5910000000000013 0.0000000000017856
0.5920000000000013 0.0000000000017879
0.5930000000000013 0.0000000000017902
0.5940000000000013 0.0000000000017925
0.5950000000000013 0.0000000000017948
0.5960000000000013 0.0000000000017970
0.5970000000000013 0.0000000000017993
0.5980000000000013 0.0000000000018017
0.5990000000000013 0.0000000000018040
0.6000000000000013 0.0000000000018064
0.6010000000000013 0.0000000000018088
0.6020000000000013 0.0000000000018111
0.6030000000000013 0.0000000000018134
0.6040000000000013 0.0000000000018157
0.6050000000000013 0.0000000000018180
0.6060000000000013 0.0000000000018204
0.6070000000000013 0.0000000000018228
0.6080000000000013 0.0000000000018251
0.6090000000000013 0.0000000000018275
0.6100000000000013 0.0000000000018298
0.6110000000000013 0.0000000000018321
0.6120000000000013 0.0000000000018344
0.6130000000000013 0.0000000000018368
0.6140000000000013 0.0000000000018392
0.6150000000000013 0.0000000000018416
0.6160000000000013 0.0000000000018440
0.6170000000000013 0.0000000000018464
0.6180000000000013 0.0000000000018486
0.6190000000000013 0.0000000000018509
0.6200000000000013 0.0000000000018532
0.6210000000000013 0.0000000000018556
0.6220000000000013 0.0000000000018579
0.6230000000000013 0.0000000000018602
0.6240000000000013 0.0000000000018625
0.6250000000000013 0.0000000000018647
0.6260000000000013 0.0000000000018670
0.6270000000000013 0.0000000000018693
0.6280000000000013 0.0000000000018717
0.6290000000000013 0.0000000000018742
0.6300000000000013 0.0000000000018767
0.6310000000000013 0.0000000000018791
0.6320000000000013 0.0000000000018814
0.6330000000000013 0.0000000000018838
0.6340000000000013 0.0000000000018862
0.6350000000000013 0.0000000000018885
0.6360000000000013 0.0000000000018909
0.6370000000000013 0.0000000000018932
0.6380000000000013 0.0000000000018956
0.6390000000000013 0.0000000000018980
0.6400000000000013 0.0000000000019005
0.6410000000000013 0.0000000000019029
0.6420000000000013 0.0000000000019053
0.6430000000000013 0.0000000000019077
0.6440000000000013 0.0000000000019100
0.6450000000000014 0.0000000000019123
0.6460000000000014 0.0000000000019147
0.6470000000000014 0.0000000000019170
0.6480000000000014 0.0000000000019194
0.6490000000000014 0.0000000000019217
0.6500000000000014 0.0000000000019241
0.6510000000000014 0.0000000000019265
0.6520000000000014 0.0000000000019289
0.6530000000000014 0.0000000000019313
0.6540000000000014 0.0000000000019337
0.6550000000000014 0.0000000000019361
0.6560000000000014 0.0000000000019385
0.6570000000000014 0.0000000000019409
0.6580000000000014 0.0000000000019433
0.6590000000000014 0.0000000000019457
0.6600000000000014 0.0000000000019481
0.6610000000000014 0.0000000000019505
0.6620000000000014 0.0000000000019528
0.6630000000000014 0.0000000000019553
0.6640000000000014 0.0000000000019577
0.6650000000000014 0.0000000000019601
0.6660000000000014 0.0000000000019624
0.6670000000000014 0.0000000000019648
0.6680000000000014 0.0000000000019672
0.6690000000000014 0.0000000000019696
0.6700000000000014 0.0000000000019719
0.6710000000000014 0.0000000000019743
0.6720000000000014 0.0000000000019767
0.6730000000000014 0.0000000000019791
0.6740000000000014 0.0000000000019815
0.6750000000000014 0.0000000000019838
0.6760000000000014 0.0000000000019861
0.6770000000000014 0.0000000000019885
0.6780000000000014 0.0000000000019909
0.6790000000000014 0.0000000000019933
0.6800000000000014 0.0000000000019958
0.6810000000000014 0.0000000000019981
0.6820000000000014 0.0000000000020005
0.6830000000000014 0.0000000000020030
0.6840000000000014 0.0000000000020054
0.6850000000000014 0.0000000000020078
0.6860000000000014 0.0000000000020102
0.6870000000000014 0.0000000000020126
0.6880000000000014 0.0000000000020150
0.6890000000000014 0.0000000000020174
0.6900000000000014 0.0000000000020197
0.6910000000000014 0.0000000000020220
0.6920000000000014 0.0000000000020243
0.6930000000000014 0.0000000000020266
0.6940000000000014 0.0000000000020290
0.6950000000000014 0.0000000000020312
0.6960000000000014 0.0000000000020336
0.6970000000000014 0.0000000000020359
0.6980000000000014 0.0000000000020383
0.6990000000000014 0.0000000000020406
0.7000000000000014 0.0000000000020429
0.7010000000000014 0.0000000000020452
0.7020000000000014 0.0000000000020475
0.7030000000000014 0.0000000000020498
0.7040000000000014 0.0000000000020520
0.7050000000000014 0.0000000000020543
0.7060000000000014 0.0000000000020565
0.7070000000000014 0.0000000000020588
0.7080000000000014 0.0000000000020609
0.7090000000000014 0.0000000000020630
0.7100000000000014 0.0000000000020653
0.7110000000000014 0.0000000000020675
0.7120000000000014 0.0000000000020698
0.7130000000000014 0.0000000000020721
0.7140000000000014 0.0000000000020743
0.7150000000000014 0.0000000000020766
0.7160000000000014 0.0000000000020788
0.7170000000000014 0.0000000000020810
0.7180000000000014 0.0000000000020832
0.7190000000000014 0.0000000000020854
0.7200000000000014 0.0000000000020875
0.7210000000000014 0.0000000000020898
0.7220000000000014 0.0000000000020919
0.7230000000000014 0.0000000000020941
0.7240000000000014 0.0000000000020963
0.7250000000000014 0.0000000000020985
0.7260000000000014 0.0000000000021006
0.7270000000000014 0.0000000000021028
0.7280000000000014 0.0000000000021050
0.7290000000000014 0.0000000000021071
0.7300000000000014 0.0000000000021092
0.7310000000000014 0.0000000000021113
0.7320000000000014 0.0000000000021134
0.7330000000000014 0.0000000000021156
0.7340000000000014 0.0000000000021177
0.7350000000000014 0.0000000000021198
0.7360000000000014 0.0000000000021219
0.7370000000000014 0.0000000000021240
0.7380000000000014 0.0000000000021261
0.7390000000000014 0.0000000000021282
0.7400000000000014 0.0000000000021303
0.7410000000000014 0.0000000000021323
0.7420000000000014 0.0000000000021344
0.7430000000000014 0.0000000000021364
0.7440000000000014 0.0000000000021383
0.7450000000000014 0.0000000000021403
0.7460000000000014 0.0000000000021424
0.7470000000000014 0.0000000000021444
0.7480000000000014 0.0000000000021464
0.7490000000000014 0.0000000000021483
0.7500000000000014 0.0000000000021502
0.7510000000000014 0.0000000000021522
0.7520000000000014 0.0000000000021541
0.7530000000000014 0.0000000000021560
0.7540000000000014 0.0000000000021579
0.7550000000000014 0.0000000000021597
0.7560000000000014 0.0000000000021616
0.7570000000000014 0.0000000000021634
0.7580000000000015 0.0000000000021653
0.7590000000000015 0.0000000000021672
0.7600000000000015 0.0000000000021690
0.7610000000000015 0.0000000000021708
0.7620000000000015 0.0000000000021727
0.7630000000000015 0.0000000000021745
0.7640000000000015 0.0000000000021764
0.7650000000000015 0.0000000000021782
0.7660000000000015 0.0000000000021800
0.7670000000000015 0.0000000000021818
0.7680000000000015 0.0000000000021835
0.7690000000000015 0.0000000000021852
0.7700000000000015 0.0000000000021869
0.7710000000000015 0.0000000000021886
0.7720000000000015 0.0000000000021902
0.7730000000000015 0.0000000000021918
0.7740000000000015 0.0000000000021934
0.7750000000000015 0.0000000000021951
0.7760000000000015 0.0000000000021967
0.7770000000000015 0.0000000000021982
0.7780000000000015 0.0000000000021998
0.7790000000000015 0.0000000000022014
0.7800000000000015 0.0000000000022030
0.7810000000000015 0.0000000000022046
0.7820000000000015 0.0000000000022062
0.7830000000000015 0.0000000000022078
0.7840000000000015 0.0000000000022094
0.7850000000000015 0.0000000000022110
0.7860000000000015 0.0000000000022125
0.7870000000000015 0.0000000000022142
0.7880000000000015 0.0000000000022158
0.7890000000000015 0.0000000000022173
0.7900000000000015 0.0000000000022188
0.7910000000000015 0.0000000000022205
0.7920000000000015 0.0000000000022220
0.7930000000000015 0.0000000000022235
0.7940000000000015 0.0000000000022250
0.7950000000000015 0.0000000000022266
0.7960000000000015 0.0000000000022281
0.7970000000000015 0.0000000000022296
0.7980000000000015 0.0000000000022312
0.7990000000000015 0.0000000000022327
0.8000000000000015 0.0000000000022342
0.8010000000000015 0.0000000000022357
0.8020000000000015 0.0000000000022372
0.8030000000000015 0.0000000000022388
0.8040000000000015 0.0000000000022403
0.8050000000000015 0.0000000000022418
0.8060000000000015 0.0000000000022434
0.8070000000000015 0.0000000000022449
0.8080000000000015 0.0000000000022464
0.8090000000000015 0.0000000000022479
0.8100000000000015 0.0000000000022495
0.8110000000000015 0.0000000000022510
0.8120000000000015 0.0000000000022525
0.8130000000000015 0.0000000000022540
0.8140000000000015 0.0000000000022555
0.8150000000000015 0.0000000000022571
0.8160000000000015 0.0000000000022585
0.8170000000000015 0.0000000000022601
0.8180000000000015 0.0000000000022617
0.8190000000000015 0.0000000000022633
0.8200000000000015 0.0000000000022648
0.8210000000000015 0.0000000000022664
0.8220000000000015 0.0000000000022680
0.8230000000000015 0.0000000000022696
0.8240000000000015 0.0000000000022711
0.8250000000000015 0.0000000000022727
0.8260000000000015 0.0000000000022742
0.8270000000000015 0.0000000000022757
0.8280000000000015 0.0000000000022771
0.8290000000000015 0.0000000000022787
0.8300000000000015 0.0000000000022801
0.8310000000000015 0.0000000000022816
0.8320000000000015 0.0000000000022831
0.8330000000000015 0.0000000000022846
0.8340000000000015 0.0000000000022861
0.8350000000000015 0.0000000000022876
0.8360000000000015 0.0000000000022891
0.8370000000000015 0.0000000000022906
0.8380000000000015 0.0000000000022921
0.8390000000000015 0.0000000000022936
0.8400000000000015 0.0000000000022951
0.8410000000000015 0.0000000000022967
0.8420000000000015 0.0000000000022983
0.8430000000000015 0.0000000000022998
0.8440000000000015 0.0000000000023013
0.8450000000000015 0.0000000000023029
0.8460000000000015 0.0000000000023045
0.8470000000000015 0.0000000000023061
0.8480000000000015 0.0000000000023077
0.8490000000000015 0.0000000000023093
0.8500000000000015 0.0000000000023110
0.8510000000000015 0.0000000000023125
0.8520000000000015 0.0000000000023141
0.8530000000000015 0.0000000000023157
0.8540000000000015 0.0000000000023174
0.8550000000000015 0.0000000000023190
0.8560000000000015 0.0000000000023206
0.8570000000000015 0.0000000000023223
0.8580000000000015 0.0000000000023239
0.8590000000000015 0.0000000000023256
0.8600000000000015 0.0000000000023273
0.8610000000000015 0.0000000000023290
0.8620000000000015 0.0000000000023308
0.8630000000000015 0.0000000000023326
0.8640000000000015 0.0000000000023344
0.8650000000000015 0.0000000000023361
0.8660000000000015 0.0000000000023380
0.8670000000000015 0.0000000000023399
0.8680000000000015 0.0000000000023418
0.8690000000000015 0.0000000000023437
0.8700000000000015 0.0000000000023456
0.8710000000000016 0.0000000000023477
0.8720000000000016 0.0000000000023497
0.8730000000000016 0.0000000000023517
0.8740000000000016 0.0000000000023538
0.8750000000000016 0.0000000000023558
0.8760000000000016 0.0000000000023579
0.8770000000000016 0.0000000000023599
0.8780000000000016 0.0000000000023621
0.8790000000000016 0.0000000000023641
0.8800000000000016 0.0000000000023662
0.8810000000000016 0.0000000000023684
0.8820000000000016 0.0000000000023706
0.8830000000000016 0.0000000000023727
0.8840000000000016 0.0000000000023748
0.8850000000000016 0.0000000000023770
0.8860000000000016 0.0000000000023792
0.8870000000000016 0.0000000000023814
0.8880000000000016 0.0000000000023836
0.8890000000000016 0.0000000000023857
0.8900000000000016 0.0000000000023880
0.8910000000000016 0.0000000000023902
0.8920000000000016 0.0000000000023924
0.8930000000000016 0.0000000000023947
0.8940000000000016 0.0000000000023970
0.8950000000000016 0.0000000000023992
0.8960000000000016 0.0000000000024015
0.8970000000000016 0.0000000000024038
0.8980000000000016 0.0000000000024062
0.8990000000000016 0.0000000000024086
0.9000000000000016 0.0000000000024110
0.9010000000000016 0.0000000000024134
0.9020000000000016 0.0000000000024159
0.9030000000000016 0.0000000000024185
0.9040000000000016 0.0000000000024210
0.9050000000000016 0.0000000000024236
0.9060000000000016 0.0000000000024263
0.9070000000000016 0.0000000000024290
0.9080000000000016 0.0000000000024316
0.9090000000000016 0.0000000000024343
0.9100000000000016 0.0000000000024370
0.9110000000000016 0.0000000000024398
0.9120000000000016 0.0000000000024425
0.9130000000000016 0.0000000000024454
0.9140000000000016 0.0000000000024482
0.9150000000000016 0.0000000000024510
0.9160000000000016 0.0000000000024538
0.9170000000000016 0.0000000000024565
0.9180000000000016 0.0000000000024593
0.9190000000000016 0.0000000000024619
0.9200000000000016 0.0000000000024646
0.9210000000000016 0.0000000000024673
0.9220000000000016 0.0000000000024699
0.9230000000000016 0.0000000000024726
0.9240000000000016 0.0000000000024753
0.9250000000000016 0.0000000000024780
0.9260000000000016 0.0000000000024807
0.9270000000000016 0.0000000000024834
0.9280000000000016 0.0000000000024861
0.9290000000000016 0.0000000000024888
0.9300000000000016 0.0000000000024917
0.9310000000000016 0.0000000000024944
0.9320000000000016 0.0000000000024970
0.9330000000000016 0.0000000000024997
0.9340000000000016 0.0000000000025023
0.9350000000000016 0.0000000000025049
0.9360000000000016 0.0000000000025074
0.9370000000000016 0.0000000000025100
0.9380000000000016 0.0000000000025125
0.9390000000000016 0.0000000000025150
0.9400000000000016 0.0000000000025176
0.9410000000000016 0.0000000000025199
0.9420000000000016 0.0000000000025222
0.9430000000000016 0.0000000000025246
0.9440000000000016 0.0000000000025271
0.9450000000000016 0.0000000000025294
0.9460000000000016 0.0000000000025318
0.9470000000000016 0.0000000000025340
0.9480000000000016 0.0000000000025361
0.9490000000000016 0.0000000000025383
0.9500000000000016 0.0000000000025406
0.9510000000000016 0.0000000000025425
0.9520000000000016 0.0000000000025443
0.9530000000000016 0.0000000000025460
0.9540000000000016 0.0000000000025474
0.9550000000000016 0.0000000000025498
0.9560000000000016 0.0000000000025519
0.9570000000000016 0.0000000000025532
0.9580000000000016 0.0000000000025544
0.9590000000000016 0.0000000000025564
0.9600000000000016 0.0000000000025581
0.9610000000000016 0.0000000000025590
0.9620000000000016 0.0000000000025602
0.9630000000000016 0.0000000000025612
0.9640000000000016 0.0000000000025622
0.9650000000000016 0.0000000000025631
0.9660000000000016 0.0000000000025636
0.9670000000000016 0.0000000000025642
0.9680000000000016 0.0000000000025648
0.9690000000000016 0.0000000000025651
0.9700000000000016 0.0000000000025657
0.9710000000000016 0.0000000000025658
0.9720000000000016 0.0000000000025661
0.9730000000000016 0.0000000000025662
0.9740000000000016 0.0000000000025666
0.9750000000000016 0.0000000000025667
0.9760000000000016 0.0000000000025668
0.9770000000000016 0.0000000000025667
0.9780000000000016 0.0000000000025664
0.9790000000000016 0.0000000000025659
0.9800000000000016 0.0000000000025658
0.9810000000000016 0.0000000000025655
0.9820000000000016 0.0000000000025652
0.9830000000000017 0.0000000000025644
0.9840000000000017 0.0000000000025633
0.9850000000000017 0.0000000000025623
0.9860000000000017 0.0000000000025614
0.9870000000000017 0.0000000000025606
0.9880000000000017 0.0000000000025600
0.9890000000000017 0.0000000000025592
0.9900000000000017 0.0000000000025580
0.9910000000000017 0.0000000000025569
0.9920000000000017 0.0000000000025561
0.9930000000000017 0.0000000000025552
0.9940000000000017 0.0000000000025542
0.9950000000000017 0.0000000000025529
0.9960000000000017 0.0000000000025518
0.9970000000000017 0.0000000000025508
0.9980000000000017 0.0000000000025498
0.9990000000000017 0.0000000000025481
