-1.0000000000000000 0.0000075568536442
-0.9990000000000000 0.0000016432142432
-0.9980000000000000 0.0000001244053568
-0.9970000000000000 0.0000009690026686
-0.9960000000000000 0.0000003186828878
-0.9950000000000000 0.0000004724084738
-0.9940000000000000 0.0000006860770963
-0.9930000000000000 0.0000003652749058
-0.9920000000000000 0.0000001283338169
-0.9910000000000000 0.0000004722105384
-0.9900000000000000 0.0000005287857221
-0.9890000000000000 0.0000003349994518
-0.9880000000000000 0.0000000229417360
-0.9870000000000000 0.0000002637365402
-0.9860000000000000 0.0000004254792338
-0.9850000000000000 0.0000004276097031
-0.9840000000000000 0.0000002935424545
-0.9830000000000000 0.0000000827808449
-0.9820000000000000 0.0000001347071350
-0.9810000000000000 0.0000002996654457
-0.9800000000000000 0.0000003763078475
-0.9790000000000000 0.0000003561147964
-0.9780000000000000 0.0000002543807422
-0.9770000000000000 0.0000001022811249
-0.9760000000000000 0.0000000626680337
-0.9750000000000000 0.0000002054009809
-0.9740000000000000 0.0000002997988470
-0.9730000000000000 0.0000003322008120
-0.9720000000000000 0.0000003019642850
-0.9710000000000000 0.0000002196200865
-0.9700000000000000 0.0000001034454579
-0.9690000000000000 0.0000000246552506
-0.9680000000000000 0.0000001431649244
-0.9670000000000000 0.0000002342586659
-0.9660000000000000 0.0000002860318837
-0.9650000000000000 0.0000002935185134
-0.9640000000000000 0.0000002585659369
-0.9630000000000000 0.0000001887788041
-0.9620000000000000 0.0000000958292897
-0.9610000000000000 0.0000000065406981
-0.9600000000000000 0.0000001045193625
-0.9590000000000000 0.0000001859749718
-0.9580000000000000 0.0000002417782030
-0.9570000000000000 0.0000002666004610
-0.9560000000000000 0.0000002591691117
-0.9550000000000000 0.0000002220259467
-0.9540000000000000 0.0000001608836978
-0.9530000000000000 0.0000000837050035
-0.9520000000000000 0.0000000003605902
-0.9510000000000000 0.0000000820510521
-0.9500000000000000 0.0000001529648285
-0.9490000000000000 0.0000002063457571
-0.9480000000000000 0.0000002376241024
-0.9470000000000000 0.0000002446893462
-0.9460000000000000 0.0000002278993836
-0.9450000000000000 0.0000001898550803
-0.9440000000000000 0.0000001349871620
-0.9429999999999999 0.0000000690136398
-0.9419999999999999 0.0000000016696544
-0.9409999999999999 0.0000000706045399
-0.9399999999999999 0.0000001318378356
-0.9389999999999999 0.0000001803969385
-0.9379999999999999 0.0000002126427223
-0.9369999999999999 0.0000002264825319
-0.9359999999999999 0.0000002214393628
-0.9349999999999999 0.0000001985853126
-0.9339999999999999 0.0000001603572573
-0.9329999999999999 0.0000001102799793
-0.9319999999999999 0.0000000526264573
-0.9309999999999999 0.0000000079532762
-0.9299999999999999 0.0000000668041438
-0.9289999999999999 0.0000001196113286
-0.9279999999999999 0.0000001626959577
-0.9269999999999999 0.0000001932440699
-0.9259999999999999 0.0000002094580978
-0.9249999999999999 0.0000002106265798
-0.9239999999999999 0.0000001971138386
-0.9229999999999999 0.0000001702766806
-0.9219999999999999 0.0000001323194543
-0.9209999999999999 0.0000000861018827
-0.9199999999999999 0.0000000349159450
-0.9189999999999999 0.0000000177513418
-0.9179999999999999 0.0000000684529204
-0.9169999999999999 0.0000001139996767
-0.9159999999999999 0.0000001516489205
-0.9149999999999999 0.0000001792537453
-0.9139999999999999 0.0000001953668287
-0.9129999999999999 0.0000001992955312
-0.9119999999999999 0.0000001911083172
-0.9109999999999999 0.0000001715954231
-0.9099999999999999 0.0000001421891571
-0.9089999999999999 0.0000001048511494
-0.9079999999999999 0.0000000619352237
-0.9069999999999999 0.0000000160353019
-0.9059999999999999 0.0000000301721089
-0.9049999999999999 0.0000000740816840
-0.9039999999999999 0.0000001133010164
-0.9029999999999999 0.0000001457732894
-0.9019999999999999 0.0000001698753831
-0.9009999999999999 0.0000001844876159
-0.8999999999999999 0.0000001890331093
-0.8989999999999999 0.0000001834864777
-0.8979999999999999 0.0000001683531993
-0.8969999999999999 0.0000001446224212
-0.8959999999999999 0.0000001136971556
-0.8949999999999999 0.0000000773066916
-0.8939999999999999 0.0000000374066517
-0.8929999999999999 0.0000000039276344
-0.8919999999999999 0.0000000446087777
-0.8909999999999999 0.0000000826406521
-0.8899999999999999 0.0000001162125985
-0.8889999999999999 0.0000001437804294
-0.8879999999999999 0.0000001641310656
-0.8869999999999999 0.0000001764285788
-0.8859999999999999 0.0000001802404344
-0.8849999999999999 0.0000001755437251
-0.8839999999999999 0.0000001627121213
-0.8829999999999999 0.0000001424851035
-0.8819999999999999 0.0000001159217719
-0.8809999999999999 0.0000000843420712
-0.8799999999999999 0.0000000492587003
-0.8789999999999999 0.0000000123031811
-0.8779999999999999 0.0000000248503590
-0.8769999999999999 0.0000000605602379
-0.8759999999999999 0.0000000932878881
-0.8749999999999999 0.0000001216612956
-0.8739999999999999 0.0000001445288189
-0.8729999999999999 0.0000001610015379
-0.8719999999999999 0.0000001704828600
-0.8709999999999999 0.0000001726847187
-0.8699999999999999 0.0000001676302862
-0.8689999999999999 0.0000001556436840
-0.8679999999999999 0.0000001373276859
-0.8669999999999999 0.0000001135308460
-0.8659999999999999 0.0000000853058394
-0.8649999999999999 0.0000000538610691
-0.8639999999999999 0.0000000205077589
-0.8629999999999999 0.0000000133951763
-0.8619999999999999 0.0000000464962184
-0.8609999999999999 0.0000000775041321
-0.8599999999999999 0.0000001052366851
-0.8589999999999999 0.0000001286634850
-0.8579999999999999 0.0000001469415255
-0.8569999999999999 0.0000001594423819
-0.8559999999999999 0.0000001657703478
-0.8549999999999999 0.0000001657711981
-0.8539999999999999 0.0000001595316028
-0.8529999999999999 0.0000001473695914
-0.8519999999999999 0.0000001298167513
-0.8509999999999999 0.0000001075931410
-0.8499999999999999 0.0000000815760999
-0.8489999999999999 0.0000000527643293
-0.8479999999999999 0.0000000222387021
-0.8469999999999999 0.0000000088786580
-0.8459999999999999 0.0000000394655146
-0.8449999999999999 0.0000000684394053
-0.8439999999999999 0.0000000947949163
-0.8429999999999999 0.0000001176371328
-0.8419999999999999 0.0000001362102399
-0.8409999999999999 0.0000001499204499
-0.8399999999999999 0.0000001583526725
-0.8389999999999999 0.0000001612805692
-0.8379999999999999 0.0000001586698856
-0.8369999999999999 0.0000001506751719
-0.8359999999999999 0.0000001376302357
-0.8349999999999999 0.0000001200328529
-0.8339999999999999 0.0000000985244444
-0.8329999999999999 0.0000000738655523
-0.8319999999999999 0.0000000469080726
-0.8309999999999998 0.0000000185652515
-0.8299999999999998 0.0000000102194991
-0.8289999999999998 0.0000000385039191
-0.8279999999999998 0.0000000653773347
-0.8269999999999998 0.0000000899892692
-0.8259999999999998 0.0000001115753632
-0.8249999999999998 0.0000001294798804
-0.8239999999999998 0.0000001431741841
-0.8229999999999998 0.0000001522707368
-0.8219999999999998 0.0000001565323200
-0.8209999999999998 0.0000001558763384
-0.8199999999999998 0.0000001503742181
-0.8189999999999998 0.0000001402460758
-0.8179999999999998 0.0000001258509585
-0.8169999999999998 0.0000001076730841
-0.8159999999999998 0.0000000863046219
-0.8149999999999998 0.0000000624256330
-0.8139999999999998 0.0000000367818575
-0.8129999999999998 0.0000000101610764
-0.8119999999999998 0.0000000166312120
-0.8109999999999998 0.0000000427960522
-0.8099999999999998 0.0000000675645239
-0.8089999999999998 0.0000000902197940
-0.8079999999999998 0.0000001101171276
-0.8069999999999998 0.0000001267013300
-0.8059999999999998 0.0000001395211906
-0.8049999999999998 0.0000001482405941
-0.8039999999999998 0.0000001526460719
-0.8029999999999998 0.0000001526506761
-0.8019999999999998 0.0000001482941654
-0.8009999999999998 0.0000001397395974
-0.7999999999999998 0.0000001272665217
-0.7989999999999998 0.0000001112610494
-0.7979999999999998 0.0000000922031687
-0.7969999999999998 0.0000000706517208
-0.7959999999999998 0.0000000472275221
-0.7949999999999998 0.0000000225951392
-0.7939999999999998 0.0000000025561426
-0.7929999999999998 0.0000000275316236
-0.7919999999999998 0.0000000516502273
-0.7909999999999998 0.0000000742627681
-0.7899999999999998 0.0000000947689734
-0.7889999999999998 0.0000001126328358
-0.7879999999999998 0.0000001273959233
-0.7869999999999998 0.0000001386883484
-0.7859999999999998 0.0000001462371573
-0.7849999999999998 0.0000001498719873
-0.7839999999999998 0.0000001495279027
-0.7829999999999998 0.0000001452454106
-0.7819999999999998 0.0000001371677176
-0.7809999999999998 0.0000001255353708
-0.7799999999999998 0.0000001106784771
-0.7789999999999998 0.0000000930067669
-0.7779999999999998 0.0000000729978000
-0.7769999999999998 0.0000000511836649
-0.7759999999999998 0.0000000281365435
-0.7749999999999998 0.0000000044535325
-0.7739999999999998 0.0000000192588782
-0.7729999999999998 0.0000000424002642
-0.7719999999999998 0.0000000643912872
-0.7709999999999998 0.0000000846879024
-0.7699999999999998 0.0000001027944233
-0.7689999999999998 0.0000001182751382
-0.7679999999999998 0.0000001307642346
-0.7669999999999998 0.0000001399738128
-0.7659999999999998 0.0000001456998416
-0.7649999999999998 0.0000001478259508
-0.7639999999999998 0.0000001463250212
-0.7629999999999998 0.0000001412585729
-0.7619999999999998 0.0000001327740219
-0.7609999999999998 0.0000001210999099
-0.7599999999999998 0.0000001065392718
-0.7589999999999998 0.0000000894613312
-0.7579999999999998 0.0000000702917624
-0.7569999999999998 0.0000000495017800
-0.7559999999999998 0.0000000275963339
-0.7549999999999998 0.0000000051017122
-0.7539999999999998 0.0000000174471473
-0.7529999999999998 0.0000000395193360
-0.7519999999999998 0.0000000606003419
-0.7509999999999998 0.0000000802038315
-0.7499999999999998 0.0000000978825805
-0.7489999999999998 0.0000001132383178
-0.7479999999999998 0.0000001259302811
-0.7469999999999998 0.0000001356823099
-0.7459999999999998 0.0000001422883434
-0.7449999999999998 0.0000001456162318
-0.7439999999999998 0.0000001456098032
-0.7429999999999998 0.0000001422891762
-0.7419999999999998 0.0000001357493432
-0.7409999999999998 0.0000001261570916
-0.7399999999999998 0.0000001137463594
-0.7389999999999998 0.0000000988121645
-0.7379999999999998 0.0000000817032643
-0.7369999999999998 0.0000000628137349
-0.7359999999999998 0.0000000425736769
-0.7349999999999998 0.0000000214392689
-0.7339999999999998 0.0000000001176056
-0.7329999999999998 0.0000000216199125
-0.7319999999999998 0.0000000425959786
-0.7309999999999998 0.0000000625897288
-0.7299999999999998 0.0000000811704290
-0.7289999999999998 0.0000000979417370
-0.7279999999999998 0.0000001125498748
-0.7269999999999998 0.0000001246907673
-0.7259999999999998 0.0000001341160055
-0.7249999999999998 0.0000001406375341
-0.7239999999999998 0.0000001441309835
-0.7229999999999998 0.0000001445375963
-0.7219999999999998 0.0000001418647375
-0.7209999999999998 0.0000001361849976
-0.7199999999999998 0.0000001276339321
-0.7189999999999998 0.0000001164065115
-0.7179999999999997 0.0000001027523753
-0.7169999999999997 0.0000000869700064
-0.7159999999999997 0.0000000693999738
-0.7149999999999997 0.0000000504173900
-0.7139999999999997 0.0000000304237578
-0.7129999999999997 0.0000000098383845
-0.7119999999999997 0.0000000109104575
-0.7109999999999997 0.0000000313944300
-0.7099999999999997 0.0000000511939139
-0.7089999999999997 0.0000000699064970
-0.7079999999999997 0.0000000871549989
-0.7069999999999997 0.0000001025948779
-0.7059999999999997 0.0000001159208782
-0.7049999999999997 0.0000001268727975
-0.7039999999999997 0.0000001352402738
-0.7029999999999997 0.0000001408665084
-0.7019999999999997 0.0000001436508670
-0.7009999999999997 0.0000001435503288
-0.6999999999999997 0.0000001405797685
-0.6989999999999997 0.0000001348110844
-0.6979999999999997 0.0000001263712109
-0.6969999999999997 0.0000001154390648
-0.6959999999999997 0.0000001022415110
-0.6949999999999997 0.0000000870484316
-0.6939999999999997 0.0000000701670179
-0.6929999999999997 0.0000000519353998
-0.6919999999999997 0.0000000327157527
-0.6909999999999997 0.0000000128870210
-0.6899999999999997 0.0000000071625964
-0.6889999999999997 0.0000000270432482
-0.6879999999999997 0.0000000463709733
-0.6869999999999997 0.0000000647750389
-0.6859999999999997 0.0000000819049413
-0.6849999999999997 0.0000000974369320
-0.6839999999999997 0.0000001110799604
-0.6829999999999997 0.0000001225809229
-0.6819999999999997 0.0000001317291304
-0.6809999999999997 0.0000001383599208
-0.6799999999999997 0.0000001423573609
-0.6789999999999997 0.0000001436559994
-0.6779999999999997 0.0000001422416495
-0.6769999999999997 0.0000001381512037
-0.6759999999999997 0.0000001314714939
-0.6749999999999997 0.0000001223372324
-0.6739999999999997 0.0000001109280875
-0.6729999999999997 0.0000000974649539
-0.6719999999999997 0.0000000822055022
-0.6709999999999997 0.0000000654391002
-0.6699999999999997 0.0000000474812011
-0.6689999999999997 0.0000000286673192
-0.6679999999999997 0.0000000093466975
-0.6669999999999997 0.0000000101242033
-0.6659999999999997 0.0000000293882806
-0.6649999999999997 0.0000000480943037
-0.6639999999999997 0.0000000659032558
-0.6629999999999997 0.0000000824943838
-0.6619999999999997 0.0000000975708572
-0.6609999999999997 0.0000001108649336
-0.6599999999999997 0.0000001221425493
-0.6589999999999997 0.0000001312072557
-0.6579999999999997 0.0000001379034437
-0.6569999999999997 0.0000001421188023
-0.6559999999999997 0.0000001437859828
-0.6549999999999997 0.0000001428834457
-0.6539999999999997 0.0000001394354845
-0.6529999999999997 0.0000001335114401
-0.6519999999999997 0.0000001252241262
-0.6509999999999997 0.0000001147275035
-0.6499999999999997 0.0000001022136555
-0.6489999999999997 0.0000000879091223
-0.6479999999999997 0.0000000720706697
-0.6469999999999997 0.0000000549805710
-0.6459999999999997 0.0000000369414881
-0.6449999999999997 0.0000000182710513
-0.6439999999999997 0.0000000007037713
-0.6429999999999997 0.0000000196524125
-0.6419999999999997 0.0000000382464491
-0.6409999999999997 0.0000000561652574
-0.6399999999999997 0.0000000731014778
-0.6389999999999997 0.0000000887662037
-0.6379999999999997 0.0000001028938028
-0.6369999999999997 0.0000001152462971
-0.6359999999999997 0.0000001256172329
-0.6349999999999997 0.0000001338349739
-0.6339999999999997 0.0000001397653775
-0.6329999999999997 0.0000001433138090
-0.6319999999999997 0.0000001444264707
-0.6309999999999997 0.0000001430910271
-0.6299999999999997 0.0000001393365315
-0.6289999999999997 0.0000001332326515
-0.6279999999999997 0.0000001248882259
-0.6269999999999997 0.0000001144491741
-0.6259999999999997 0.0000001020958092
-0.6249999999999997 0.0000000880395974
-0.6239999999999997 0.0000000725194291
-0.6229999999999997 0.0000000557974687
-0.6219999999999997 0.0000000381546514
-0.6209999999999997 0.0000000198859104
-0.6199999999999997 0.0000000012952149
-0.6189999999999997 0.0000000173095019
-0.6179999999999997 0.0000000356214334
-0.6169999999999997 0.0000000533399316
-0.6159999999999997 0.0000000701753952
-0.6149999999999997 0.0000000858539354
-0.6139999999999997 0.0000001001217494
-0.6129999999999997 0.0000001127491290
-0.6119999999999997 0.0000001235340463
-0.6109999999999997 0.0000001323052606
-0.6099999999999997 0.0000001389249024
-0.6089999999999997 0.0000001432904985
-0.6079999999999997 0.0000001453364097
-0.6069999999999997 0.0000001450346652
-0.6059999999999997 0.0000001423951840
-0.6049999999999996 0.0000001374653913
-0.6039999999999996 0.0000001303292345
-0.6029999999999996 0.0000001211056251
-0.6019999999999996 0.0000001099463365
-0.6009999999999996 0.0000000970333969
-0.5999999999999996 0.0000000825760177
-0.5989999999999996 0.0000000668071194
-0.5979999999999996 0.0000000499795073
-0.5969999999999996 0.0000000323617632
-0.5959999999999996 0.0000000142339182
-0.5949999999999996 0.0000000041170211
-0.5939999999999996 0.0000000224016210
-0.5929999999999996 0.0000000403325753
-0.5919999999999996 0.0000000576291923
-0.5909999999999996 0.0000000740217458
-0.5899999999999996 0.0000000892556206
-0.5889999999999996 0.0000001030951983
-0.5879999999999996 0.0000001153274137
-0.5869999999999996 0.0000001257649411
-0.5859999999999996 0.0000001342489556
-0.5849999999999996 0.0000001406514384
-0.5839999999999996 0.0000001448769870
-0.5829999999999996 0.0000001468641144
-0.5819999999999996 0.0000001465860148
-0.5809999999999996 0.0000001440507948
-0.5799999999999996 0.0000001393011680
-0.5789999999999996 0.0000001324136211
-0.5779999999999996 0.0000001234970733
-0.5769999999999996 0.0000001126910504
-0.5759999999999996 0.0000001001634037
-0.5749999999999996 0.0000000861076183
-0.5739999999999996 0.0000000707397490
-0.5729999999999996 0.0000000542950354
-0.5719999999999996 0.0000000370242511
-0.5709999999999996 0.0000000191898419
-0.5699999999999996 0.0000000010619148
-0.5689999999999996 0.0000000170858602
-0.5679999999999996 0.0000000349803806
-0.5669999999999996 0.0000000523531985
-0.5659999999999996 0.0000000689445186
-0.5649999999999996 0.0000000845070365
-0.5639999999999996 0.0000000988095704
-0.5629999999999996 0.0000001116404255
-0.5619999999999996 0.0000001228104515
-0.5609999999999996 0.0000001321557453
-0.5599999999999996 0.0000001395399623
-0.5589999999999996 0.0000001448562079
-0.5579999999999996 0.0000001480284797
-0.5569999999999996 0.0000001490126506
-0.5559999999999996 0.0000001477969733
-0.5549999999999996 0.0000001444021068
-0.5539999999999996 0.0000001388806704
-0.5529999999999996 0.0000001313163306
-0.5519999999999996 0.0000001218224382
-0.5509999999999996 0.0000001105402465
-0.5499999999999996 0.0000000976367263
-0.5489999999999996 0.0000000833020254
-0.5479999999999996 0.0000000677466049
-0.5469999999999996 0.0000000511980963
-0.5459999999999996 0.0000000338979301
-0.5449999999999996 0.0000000160977854
-0.5439999999999996 0.0000000019440913
-0.5429999999999996 0.0000000199666367
-0.5419999999999996 0.0000000377097446
-0.5409999999999996 0.0000000549180003
-0.5399999999999996 0.0000000713443309
-0.5389999999999996 0.0000000867535121
-0.5379999999999996 0.0000001009254899
-0.5369999999999996 0.0000001136584632
-0.5359999999999996 0.0000001247716916
-0.5349999999999996 0.0000001341079879
-0.5339999999999996 0.0000001415358634
-0.5329999999999996 0.0000001469512920
-0.5319999999999996 0.0000001502790843
-0.5309999999999996 0.0000001514738371
-0.5299999999999996 0.0000001505204628
-0.5289999999999996 0.0000001474342879
-0.5279999999999996 0.0000001422607194
-0.5269999999999996 0.0000001350744938
-0.5259999999999996 0.0000001259785153
-0.5249999999999996 0.0000001151023066
-0.5239999999999996 0.0000001026000928
-0.5229999999999996 0.0000000886485529
-0.5219999999999996 0.0000000734442671
-0.5209999999999996 0.0000000572008991
-0.5199999999999996 0.0000000401461554
-0.5189999999999996 0.0000000225185658
-0.5179999999999996 0.0000000045641276
-0.5169999999999996 0.0000000134671356
-0.5159999999999996 0.0000000313246556
-0.5149999999999996 0.0000000487607886
-0.5139999999999996 0.0000000655342320
-0.5129999999999996 0.0000000814133310
-0.5119999999999996 0.0000000961792422
-0.5109999999999996 0.0000001096289021
-0.5099999999999996 0.0000001215777664
-0.5089999999999996 0.0000001318622820
-0.5079999999999996 0.0000001403420606
-0.5069999999999996 0.0000001469017236
-0.5059999999999996 0.0000001514523998
-0.5049999999999996 0.0000001539328504
-0.5039999999999996 0.0000001543102182
-0.5029999999999996 0.0000001525803812
-0.5019999999999996 0.0000001487679187
-0.5009999999999996 0.0000001429256869
-0.4999999999999996 0.0000001351340123
-0.4989999999999996 0.0000001254995192
-0.4979999999999996 0.0000001141536040
-0.4969999999999996 0.0000001012505847
-0.4959999999999996 0.0000000869655504
-0.4949999999999996 0.0000000714919345
-0.4939999999999996 0.0000000550388604
-0.4929999999999995 0.0000000378282827
-0.4919999999999995 0.0000000200919673
-0.4909999999999995 0.0000000020683589
-0.4899999999999995 0.0000000160006340
-0.4889999999999995 0.0000000338728815
-0.4879999999999995 0.0000000513092692
-0.4869999999999995 0.0000000680768771
-0.4859999999999995 0.0000000839520656
-0.4849999999999995 0.0000000987234244
-0.4839999999999995 0.0000001121945485
-0.4829999999999995 0.0000001241866013
-0.4819999999999995 0.0000001345406389
-0.4809999999999995 0.0000001431196576
-0.4799999999999995 0.0000001498103486
-0.4789999999999995 0.0000001545245275
-0.4779999999999995 0.0000001572002329
-0.4769999999999995 0.0000001578024723
-0.4759999999999995 0.0000001563236102
-0.4749999999999995 0.0000001527834006
-0.4739999999999995 0.0000001472286528
-0.4729999999999995 0.0000001397325511
-0.4719999999999995 0.0000001303936298
-0.4709999999999995 0.0000001193344173
-0.4699999999999995 0.0000001066997806
-0.4689999999999995 0.0000000926549748
-0.4679999999999995 0.0000000773834437
-0.4669999999999995 0.0000000610843851
-0.4659999999999995 0.0000000439701244
-0.4649999999999995 0.0000000262633258
-0.4639999999999995 0.0000000081940805
-0.4629999999999995 0.0000000100030927
-0.4619999999999995 0.0000000280922910
-0.4609999999999995 0.0000000458392792
-0.4599999999999995 0.0000000630145096
-0.4589999999999995 0.0000000793960735
-0.4579999999999995 0.0000000947725375
-0.4569999999999995 0.0000001089456425
-0.4559999999999995 0.0000001217328205
-0.4549999999999995 0.0000001329695056
-0.4539999999999995 0.0000001425112003
-0.4529999999999995 0.0000001502352844
-0.4519999999999995 0.0000001560425368
-0.4509999999999995 0.0000001598583523
-0.4499999999999995 0.0000001616336412
-0.4489999999999995 0.0000001613454019
-0.4479999999999995 0.0000001589969602
-0.4469999999999995 0.0000001546178708
-0.4459999999999995 0.0000001482634910
-0.4449999999999995 0.0000001400142218
-0.4439999999999995 0.0000001299744421
-0.4429999999999995 0.0000001182711371
-0.4419999999999995 0.0000001050522475
-0.4409999999999995 0.0000000904847582
-0.4399999999999995 0.0000000747525570
-0.4389999999999995 0.0000000580540784
-0.4379999999999995 0.0000000405997803
-0.4369999999999995 0.0000000226094721
-0.4359999999999995 0.0000000043095338
-0.4349999999999995 0.0000000140699371
-0.4339999999999995 0.0000000322980200
-0.4329999999999995 0.0000000501458646
-0.4319999999999995 0.0000000673895518
-0.4309999999999995 0.0000000838128849
-0.4299999999999995 0.0000000992100755
-0.4289999999999995 0.0000001133882938
-0.4279999999999995 0.0000001261700501
-0.4269999999999995 0.0000001373953751
-0.4259999999999995 0.0000001469237846
-0.4249999999999995 0.0000001546359892
-0.4239999999999995 0.0000001604353413
-0.4229999999999995 0.0000001642489951
-0.4219999999999995 0.0000001660287710
-0.4209999999999995 0.0000001657517122
-0.4199999999999995 0.0000001634203282
-0.4189999999999995 0.0000001590625234
-0.4179999999999995 0.0000001527312123
-0.4169999999999995 0.0000001445036305
-0.4159999999999995 0.0000001344803447
-0.4149999999999995 0.0000001227839823
-0.4139999999999995 0.0000001095576883
-0.4129999999999995 0.0000000949633410
-0.4119999999999995 0.0000000791795353
-0.4109999999999995 0.0000000623993750
-0.4099999999999995 0.0000000448280822
-0.4089999999999995 0.0000000266804769
-0.4079999999999995 0.0000000081783322
-0.4069999999999995 0.0000000104523366
-0.4059999999999995 0.0000000289840377
-0.4049999999999995 0.0000000471905736
-0.4039999999999995 0.0000000648497944
-0.4029999999999995 0.0000000817462927
-0.4019999999999995 0.0000000976740123
-0.4009999999999995 0.0000001124387354
-0.3999999999999995 0.0000001258604241
-0.3989999999999995 0.0000001377753824
-0.3979999999999995 0.0000001480382178
-0.3969999999999995 0.0000001565235750
-0.3959999999999995 0.0000001631276283
-0.3949999999999995 0.0000001677693062
-0.3939999999999995 0.0000001703912443
-0.3929999999999995 0.0000001709604450
-0.3919999999999995 0.0000001694686509
-0.3909999999999995 0.0000001659324115
-0.3899999999999995 0.0000001603928577
-0.3889999999999995 0.0000001529151822
-0.3879999999999995 0.0000001435878272
-0.3869999999999995 0.0000001325214035
-0.3859999999999995 0.0000001198473381
-0.3849999999999995 0.0000001057162835
-0.3839999999999995 0.0000000902962951
-0.3829999999999995 0.0000000737708057
-0.3819999999999995 0.0000000563364240
-0.3809999999999995 0.0000000382005749
-0.3799999999999994 0.0000000195790202
-0.3789999999999994 0.0000000006932828
-0.3779999999999994 0.0000000182319941
-0.3769999999999994 0.0000000369717170
-0.3759999999999994 0.0000000553030142
-0.3749999999999994 0.0000000730078774
-0.3739999999999994 0.0000000898757396
-0.3729999999999994 0.0000001057059622
-0.3719999999999994 0.0000001203101982
-0.3709999999999994 0.0000001335146088
-0.3699999999999994 0.0000001451619015
-0.3689999999999994 0.0000001551131746
-0.3679999999999994 0.0000001632495376
-0.3669999999999994 0.0000001694734951
-0.3659999999999994 0.0000001737100764
-0.3649999999999994 0.0000001759077005
-0.3639999999999994 0.0000001760387626
-0.3629999999999994 0.0000001740999389
-0.3619999999999994 0.0000001701122073
-0.3609999999999994 0.0000001641205846
-0.3599999999999994 0.0000001561935774
-0.3589999999999994 0.0000001464223658
-0.3579999999999994 0.0000001349197207
-0.3569999999999994 0.0000001218186687
-0.3559999999999994 0.0000001072709246
-0.3549999999999994 0.0000000914451104
-0.3539999999999994 0.0000000745247766
-0.3529999999999994 0.0000000567062526
-0.3519999999999994 0.0000000381963541
-0.3509999999999994 0.0000000192099714
-0.3499999999999994 0.0000000000324343
-0.3489999999999994 0.0000000193073966
-0.3479999999999994 0.0000000383910348
-0.3469999999999994 0.0000000570616545
-0.3459999999999994 0.0000000751023128
-0.3449999999999994 0.0000000923033296
-0.3439999999999994 0.0000001084647070
-0.3429999999999994 0.0000001233984377
-0.3419999999999994 0.0000001369306708
-0.3409999999999994 0.0000001489037087
-0.3399999999999994 0.0000001591778218
-0.3389999999999994 0.0000001676328449
-0.3379999999999994 0.0000001741695550
-0.3369999999999994 0.0000001787108006
-0.3359999999999994 0.0000001812023807
-0.3349999999999994 0.0000001816136517
-0.3339999999999994 0.0000001799378724
-0.3329999999999994 0.0000001761922681
-0.3319999999999994 0.0000001704178221
-0.3309999999999994 0.0000001626787947
-0.3299999999999994 0.0000001530619755
-0.3289999999999994 0.0000001416756830
-0.3279999999999994 0.0000001286485118
-0.3269999999999994 0.0000001141278574
-0.3259999999999994 0.0000000982782231
-0.3249999999999994 0.0000000812793350
-0.3239999999999994 0.0000000633240844
-0.3229999999999994 0.0000000446163266
-0.3219999999999994 0.0000000253685501
-0.3209999999999994 0.0000000057994587
-0.3199999999999994 0.0000000138685254
-0.3189999999999994 0.0000000334117853
-0.3179999999999994 0.0000000526080550
-0.3169999999999994 0.0000000712389421
-0.3159999999999994 0.0000000890924032
-0.3149999999999994 0.0000001059651487
-0.3139999999999994 0.0000001216649417
-0.3129999999999994 0.0000001360127724
-0.3119999999999994 0.0000001488448813
-0.3109999999999994 0.0000001600146040
-0.3099999999999994 0.0000001693940264
-0.3089999999999994 0.0000001768754216
-0.3079999999999994 0.0000001823724625
-0.3069999999999994 0.0000001858211873
-0.3059999999999994 0.0000001871807154
-0.3049999999999994 0.0000001864337003
-0.3039999999999994 0.0000001835865193
-0.3029999999999994 0.0000001786691954
-0.3019999999999994 0.0000001717350495
-0.3009999999999994 0.0000001628600994
-0.2999999999999994 0.0000001521421951
-0.2989999999999994 0.0000001396999174
-0.2979999999999994 0.0000001256712399
-0.2969999999999994 0.0000001102119753
-0.2959999999999994 0.0000000934940265
-0.2949999999999994 0.0000000757034551
-0.2939999999999994 0.0000000570383947
-0.2929999999999994 0.0000000377068299
-0.2919999999999994 0.0000000179242687
-0.2909999999999994 0.0000000020886703
-0.2899999999999994 0.0000000221087202
-0.2889999999999994 0.0000000419124651
-0.2879999999999994 0.0000000612788267
-0.2869999999999994 0.0000000799915372
-0.2859999999999994 0.0000000978415422
-0.2849999999999994 0.0000001146293322
-0.2839999999999994 0.0000001301671626
-0.2829999999999994 0.0000001442811370
-0.2819999999999994 0.0000001568131425
-0.2809999999999994 0.0000001676225998
-0.2799999999999994 0.0000001765880260
-0.2789999999999994 0.0000001836083743
-0.2779999999999994 0.0000001886041574
-0.2769999999999994 0.0000001915183163
-0.2759999999999994 0.0000001923168564
-0.2749999999999994 0.0000001909892107
-0.2739999999999994 0.0000001875483577
-0.2729999999999994 0.0000001820306681
-0.2719999999999994 0.0000001744954992
-0.2709999999999994 0.0000001650245298
-0.2699999999999994 0.0000001537208532
-0.2689999999999994 0.0000001407078341
-0.2679999999999993 0.0000001261277369
-0.2669999999999993 0.0000001101401521
-0.2659999999999993 0.0000000929202306
-0.2649999999999993 0.0000000746567472
-0.2639999999999993 0.0000000555500157
-0.2629999999999993 0.0000000358096774
-0.2619999999999993 0.0000000156523869
-0.2609999999999993 0.0000000047005710
-0.2599999999999993 0.0000000250257213
-0.2589999999999993 0.0000000450998576
-0.2579999999999993 0.0000000647024980
-0.2569999999999993 0.0000000836183069
-0.2559999999999993 0.0000001016394560
-0.2549999999999993 0.0000001185679146
-0.2539999999999993 0.0000001342176077
-0.2529999999999993 0.0000001484164660
-0.2519999999999993 0.0000001610083016
-0.2509999999999993 0.0000001718545157
-0.2499999999999993 0.0000001808356176
-0.2489999999999993 0.0000001878525198
-0.2479999999999993 0.0000001928276208
-0.2469999999999993 0.0000001957056430
-0.2459999999999993 0.0000001964542351
-0.2449999999999993 0.0000001950643111
-0.2439999999999993 0.0000001915501406
-0.2429999999999993 0.0000001859491892
-0.2419999999999993 0.0000001783216927
-0.2409999999999993 0.0000001687499935
-0.2399999999999993 0.0000001573376274
-0.2389999999999993 0.0000001442081898
-0.2379999999999993 0.0000001295039720
-0.2369999999999993 0.0000001133844045
-0.2359999999999993 0.0000000960243036
-0.2349999999999993 0.0000000776119644
-0.2339999999999993 0.0000000583471018
-0.2329999999999993 0.0000000384386611
-0.2319999999999993 0.0000000181025435
-0.2309999999999993 0.0000000024407449
-0.2299999999999993 0.0000000229685102
-0.2289999999999993 0.0000000432582770
-0.2279999999999993 0.0000000630902224
-0.2269999999999993 0.0000000822495565
-0.2259999999999993 0.0000001005288617
-0.2249999999999993 0.0000001177303353
-0.2239999999999993 0.0000001336679376
-0.2229999999999993 0.0000001481694012
-0.2219999999999993 0.0000001610780940
-0.2209999999999993 0.0000001722547078
-0.2199999999999993 0.0000001815787605
-0.2189999999999993 0.0000001889498851
-0.2179999999999993 0.0000001942889019
-0.2169999999999993 0.0000001975386681
-0.2159999999999993 0.0000001986646714
-0.2149999999999993 0.0000001976553898
-0.2139999999999993 0.0000001945223920
-0.2129999999999993 0.0000001893001982
-0.2119999999999993 0.0000001820458797
-0.2109999999999993 0.0000001728384205
-0.2099999999999993 0.0000001617778462
-0.2089999999999993 0.0000001489841113
-0.2079999999999993 0.0000001345957896
-0.2069999999999993 0.0000001187685470
-0.2059999999999993 0.0000001016734470
-0.2049999999999993 0.0000000834950762
-0.2039999999999993 0.0000000644295350
-0.2029999999999993 0.0000000446823041
-0.2019999999999993 0.0000000244660150
-0.2009999999999993 0.0000000039981285
-0.1999999999999993 0.0000000165014025
-0.1989999999999993 0.0000000368125326
-0.1979999999999993 0.0000000567174885
-0.1969999999999993 0.0000000760031305
-0.1959999999999993 0.0000000944632403
-0.1949999999999993 0.0000001119007464
-0.1939999999999993 0.0000001281298379
-0.1929999999999993 0.0000001429779521
-0.1919999999999993 0.0000001562876291
-0.1909999999999993 0.0000001679181794
-0.1899999999999993 0.0000001777471805
-0.1889999999999993 0.0000001856717744
-0.1879999999999993 0.0000001916097379
-0.1869999999999993 0.0000001955003501
-0.1859999999999993 0.0000001973049959
-0.1849999999999993 0.0000001970075556
-0.1839999999999993 0.0000001946145343
-0.1829999999999993 0.0000001901549527
-0.1819999999999993 0.0000001836799921
-0.1809999999999993 0.0000001752623966
-0.1799999999999993 0.0000001649956483
-0.1789999999999993 0.0000001529929188
-0.1779999999999993 0.0000001393858047
-0.1769999999999993 0.0000001243228689
-0.1759999999999993 0.0000001079680008
-0.1749999999999993 0.0000000904986130
-0.1739999999999993 0.0000000721036990
-0.1729999999999993 0.0000000529817599
-0.1719999999999993 0.0000000333386430
-0.1709999999999993 0.0000000133853022
-0.1699999999999993 0.0000000066644961
-0.1689999999999993 0.0000000265964872
-0.1679999999999993 0.0000000461982261
-0.1669999999999993 0.0000000652613745
-0.1659999999999993 0.0000000835839442
-0.1649999999999993 0.0000001009724628
-0.1639999999999993 0.0000001172440425
-0.1629999999999993 0.0000001322283225
-0.1619999999999993 0.0000001457692829
-0.1609999999999993 0.0000001577268840
-0.1599999999999993 0.0000001679785360
-0.1589999999999993 0.0000001764203752
-0.1579999999999993 0.0000001829683218
-0.1569999999999993 0.0000001875589382
-0.1559999999999993 0.0000001901500379
-0.1549999999999992 0.0000001907210829
-0.1539999999999992 0.0000001892733286
-0.1529999999999992 0.0000001858297360
-0.1519999999999992 0.0000001804346463
-0.1509999999999992 0.0000001731532313
-0.1499999999999992 0.0000001640706979
-0.1489999999999992 0.0000001532913090
-0.1479999999999992 0.0000001409371628
-0.1469999999999992 0.0000001271468113
-0.1459999999999992 0.0000001120736886
-0.1449999999999992 0.0000000958843849
-0.1439999999999992 0.0000000787567829
-0.1429999999999992 0.0000000608780852
-0.1419999999999992 0.0000000424427280
-0.1409999999999992 0.0000000236502475
-0.1399999999999992 0.0000000047030833
-0.1389999999999992 0.0000000141956407
-0.1379999999999992 0.0000000328443281
-0.1369999999999992 0.0000000510450979
-0.1359999999999992 0.0000000686059223
-0.1349999999999992 0.0000000853426965
-0.1339999999999992 0.0000001010812043
-0.1329999999999992 0.0000001156589655
-0.1319999999999992 0.0000001289269607
-0.1309999999999992 0.0000001407511818
-0.1299999999999992 0.0000001510140155
-0.1289999999999992 0.0000001596154515
-0.1279999999999992 0.0000001664740656
-0.1269999999999992 0.0000001715278231
-0.1259999999999992 0.0000001747346356
-0.1249999999999992 0.0000001760727151
-0.1239999999999992 0.0000001755406922
-0.1229999999999992 0.0000001731575066
-0.1219999999999992 0.0000001689620746
-0.1209999999999992 0.0000001630127429
-0.1199999999999992 0.0000001553865188
-0.1189999999999992 0.0000001461781070
-0.1179999999999992 0.0000001354987473
-0.1169999999999992 0.0000001234748783
-0.1159999999999992 0.0000001102466451
-0.1149999999999992 0.0000000959662487
-0.1139999999999992 0.0000000807961897
-0.1129999999999992 0.0000000649073915
-0.1119999999999992 0.0000000484772427
-0.1109999999999992 0.0000000316876010
-0.1099999999999992 0.0000000147227213
-0.1089999999999992 0.0000000022327917
-0.1079999999999992 0.0000000189960421
-0.1069999999999992 0.0000000353878686
-0.1059999999999992 0.0000000512347995
-0.1049999999999992 0.0000000663709478
-0.1039999999999992 0.0000000806397966
-0.1029999999999992 0.0000000938958618
-0.1019999999999992 0.0000001060062389
-0.1009999999999992 0.0000001168519641
-0.0999999999999992 0.0000001263292373
-0.0989999999999992 0.0000001343504428
-0.0979999999999992 0.0000001408449890
-0.0969999999999992 0.0000001457599441
-0.0959999999999992 0.0000001490604640
-0.0949999999999992 0.0000001507300134
-0.0939999999999992 0.0000001507703735
-0.0929999999999992 0.0000001492014401
-0.0919999999999992 0.0000001460608186
-0.0909999999999992 0.0000001414032118
-0.0899999999999992 0.0000001352996297
-0.0889999999999992 0.0000001278363957
-0.0879999999999992 0.0000001191140178
-0.0869999999999992 0.0000001092458706
-0.0859999999999992 0.0000000983567694
-0.0849999999999992 0.0000000865814074
-0.0839999999999992 0.0000000740626978
-0.0829999999999992 0.0000000609500415
-0.0819999999999992 0.0000000473975286
-0.0809999999999992 0.0000000335621042
-0.0799999999999992 0.0000000196017260
-0.0789999999999992 0.0000000056735168
-0.0779999999999992 0.0000000080680400
-0.0769999999999992 0.0000000214728706
-0.0759999999999992 0.0000000343969981
-0.0749999999999992 0.0000000467041437
-0.0739999999999992 0.0000000582672186
-0.0729999999999992 0.0000000689696971
-0.0719999999999992 0.0000000787068406
-0.0709999999999992 0.0000000873867640
-0.0699999999999992 0.0000000949313548
-0.0689999999999992 0.0000001012769939
-0.0679999999999992 0.0000001063751069
-0.0669999999999992 0.0000001101925302
-0.0659999999999992 0.0000001127116724
-0.0649999999999992 0.0000001139305073
-0.0639999999999992 0.0000001138623529
-0.0629999999999992 0.0000001125354872
-0.0619999999999992 0.0000001099925737
-0.0609999999999992 0.0000001062899253
-0.0599999999999992 0.0000001014966053
-0.0589999999999992 0.0000000956933839
-0.0579999999999992 0.0000000889715652
-0.0569999999999992 0.0000000814317005
-0.0559999999999992 0.0000000731821945
-0.0549999999999992 0.0000000643378422
-0.0539999999999992 0.0000000550182988
-0.0529999999999992 0.0000000453465172
-0.0519999999999992 0.0000000354471483
-0.0509999999999992 0.0000000254449599
-0.0499999999999992 0.0000000154632649
-0.0489999999999992 0.0000000056223857
-0.0479999999999992 0.0000000039618051
-0.0469999999999992 0.0000000131792959
-0.0459999999999992 0.0000000219272205
-0.0449999999999992 0.0000000301110621
-0.0439999999999992 0.0000000376457097
-0.0429999999999992 0.0000000444563950
-0.0419999999999991 0.0000000504794755
-0.0409999999999991 0.0000000556630564
-0.0399999999999991 0.0000000599674623
-0.0389999999999991 0.0000000633655302
-0.0379999999999991 0.0000000658427382
-0.0369999999999991 0.0000000673971663
-0.0359999999999991 0.0000000680392902
-0.0349999999999991 0.0000000677916066
-0.0339999999999991 0.0000000666881097
-0.0329999999999991 0.0000000647736151
-0.0319999999999991 0.0000000621029523
-0.0309999999999991 0.0000000587400224
-0.0299999999999991 0.0000000547567536
-0.0289999999999991 0.0000000502319573
-0.0279999999999991 0.0000000452501014
-0.0269999999999991 0.0000000399000291
-0.0259999999999991 0.0000000342736202
-0.0249999999999991 0.0000000284644408
-0.0239999999999991 0.0000000225663745
-0.0229999999999991 0.0000000166722722
-0.0219999999999991 0.0000000108726266
-0.0209999999999991 0.0000000052542986
-0.0199999999999991 0.0000000001006930
-0.0189999999999991 0.0000000051162987
-0.0179999999999991 0.0000000097234716
-0.0169999999999991 0.0000000138610889
-0.0159999999999991 0.0000000174767496
-0.0149999999999991 0.0000000205274425
-0.0139999999999991 0.0000000229800698
-0.0129999999999991 0.0000000248118257
-0.0119999999999991 0.0000000260104198
-0.0109999999999991 0.0000000265741473
-0.0099999999999991 0.0000000265118057
-0.0089999999999991 0.0000000258424537
-0.0079999999999991 0.0000000245950263
-0.0069999999999991 0.0000000228078044
-0.0059999999999991 0.0000000205277481
-0.0049999999999991 0.0000000178097074
-0.0039999999999991 0.0000000147155185
-0.0029999999999991 0.0000000113129985
-0.0019999999999991 0.0000000076748561
-0.0009999999999991 0.0000000038775315
0.0000000000000009 0.0000000000000181
0.0010000000000009 0.0000000038775673
0.0020000000000009 0.0000000076748909
0.0030000000000009 0.0000000113130314
0.0040000000000009 0.0000000147155489
0.0050000000000009 0.0000000178097347
0.0060000000000009 0.0000000205277715
0.0070000000000009 0.0000000228078238
0.0080000000000009 0.0000000245950411
0.0090000000000009 0.0000000258424631
0.0100000000000009 0.0000000265118097
0.0110000000000009 0.0000000265741458
0.0120000000000009 0.0000000260104122
0.0130000000000009 0.0000000248118123
0.0140000000000009 0.0000000229800505
0.0150000000000009 0.0000000205274170
0.0160000000000009 0.0000000174767185
0.0170000000000009 0.0000000138610524
0.0180000000000009 0.0000000097234303
0.0190000000000009 0.0000000051162528
0.0200000000000009 0.0000000001006435
0.0210000000000009 0.0000000052543512
0.0220000000000009 0.0000000108726812
0.0230000000000009 0.0000000166723289
0.0240000000000009 0.0000000225664327
0.0250000000000009 0.0000000284644985
0.0260000000000009 0.0000000342736770
0.0270000000000009 0.0000000399000839
0.0280000000000009 0.0000000452501538
0.0290000000000009 0.0000000502320057
0.0300000000000009 0.0000000547567973
0.0310000000000009 0.0000000587400604
0.0320000000000009 0.0000000621029843
0.0330000000000009 0.0000000647736396
0.0340000000000009 0.0000000666881257
0.0350000000000009 0.0000000677916145
0.0360000000000009 0.0000000680392886
0.0370000000000009 0.0000000673971556
0.0380000000000009 0.0000000658427166
0.0390000000000009 0.0000000633654982
0.0400000000000009 0.0000000599674206
0.0410000000000009 0.0000000556630046
0.0420000000000009 0.0000000504794118
0.0430000000000009 0.0000000444563217
0.0440000000000009 0.0000000376456262
0.0450000000000009 0.0000000301109693
0.0460000000000009 0.0000000219271201
0.0470000000000009 0.0000000131791857
0.0480000000000009 0.0000000039616883
0.0490000000000009 0.0000000056225091
0.0500000000000009 0.0000000154633919
0.0510000000000009 0.0000000254450918
0.0520000000000009 0.0000000354472820
0.0530000000000009 0.0000000453466518
0.0540000000000009 0.0000000550184329
0.0550000000000009 0.0000000643379741
0.0560000000000009 0.0000000731823233
0.0570000000000009 0.0000000814318248
0.0580000000000009 0.0000000889716816
0.0590000000000009 0.0000000956934905
0.0600000000000009 0.0000001014967013
0.0610000000000009 0.0000001062900097
0.0620000000000009 0.0000001099926439
0.0630000000000009 0.0000001125355427
0.0640000000000009 0.0000001138623928
0.0650000000000009 0.0000001139305290
0.0660000000000009 0.0000001127116751
0.0670000000000009 0.0000001101925120
0.0680000000000009 0.0000001063750679
0.0690000000000009 0.0000001012769331
0.0700000000000009 0.0000000949312731
0.0710000000000009 0.0000000873866584
0.0720000000000009 0.0000000787067105
0.0730000000000009 0.0000000689695452
0.0740000000000009 0.0000000582670441
0.0750000000000009 0.0000000467039447
0.0760000000000009 0.0000000343967783
0.0770000000000009 0.0000000214726308
0.0780000000000009 0.0000000080677798
0.0790000000000009 0.0000000056737961
0.0800000000000009 0.0000000196020227
0.0810000000000009 0.0000000335624173
0.0820000000000009 0.0000000473978554
0.0830000000000009 0.0000000609503803
0.0840000000000009 0.0000000740630473
0.0850000000000009 0.0000000865817649
0.0860000000000010 0.0000000983571331
0.0870000000000010 0.0000001092462374
0.0880000000000010 0.0000001191143837
0.0890000000000010 0.0000001278367598
0.0900000000000010 0.0000001352999877
0.0910000000000010 0.0000001414035626
0.0920000000000010 0.0000001460611587
0.0930000000000010 0.0000001492017674
0.0940000000000010 0.0000001507706839
0.0950000000000010 0.0000001507303056
0.0960000000000010 0.0000001490607340
0.0970000000000010 0.0000001457601915
0.0980000000000010 0.0000001408452093
0.0990000000000010 0.0000001343506351
0.1000000000000010 0.0000001263294007
0.1010000000000010 0.0000001168520942
0.1020000000000010 0.0000001060063357
0.1030000000000010 0.0000000938959239
0.1040000000000010 0.0000000806398224
0.1050000000000010 0.0000000663709381
0.1060000000000010 0.0000000512347520
0.1070000000000010 0.0000000353877829
0.1080000000000010 0.0000000189959195
0.1090000000000010 0.0000000022326296
0.1100000000000010 0.0000000147229193
0.1110000000000010 0.0000000316878350
0.1120000000000010 0.0000000484775127
0.1130000000000010 0.0000000649076943
0.1140000000000010 0.0000000807965255
0.1150000000000010 0.0000000959666142
0.1160000000000010 0.0000001102470386
0.1170000000000010 0.0000001234752975
0.1180000000000010 0.0000001354991905
0.1190000000000010 0.0000001461785715
0.1200000000000010 0.0000001553870015
0.1210000000000010 0.0000001630132398
0.1220000000000010 0.0000001689625826
0.1230000000000010 0.0000001731580230
0.1240000000000010 0.0000001755412140
0.1250000000000010 0.0000001760732382
0.1260000000000010 0.0000001747351561
0.1270000000000010 0.0000001715283386
0.1280000000000010 0.0000001664745732
0.1290000000000010 0.0000001596159471
0.1300000000000010 0.0000001510144969
0.1310000000000010 0.0000001407516432
0.1320000000000010 0.0000001289274016
0.1330000000000010 0.0000001156593816
0.1340000000000010 0.0000001010815929
0.1350000000000010 0.0000000853430575
0.1360000000000010 0.0000000686062518
0.1370000000000010 0.0000000510453932
0.1380000000000010 0.0000000328445897
0.1390000000000010 0.0000000141958658
0.1400000000000010 0.0000000047028963
0.1410000000000010 0.0000000236500988
0.1420000000000010 0.0000000424426165
0.1430000000000010 0.0000000608780146
0.1440000000000010 0.0000000787567518
0.1450000000000010 0.0000000958843920
0.1460000000000010 0.0000001120737325
0.1470000000000010 0.0000001271468921
0.1480000000000010 0.0000001409372783
0.1490000000000010 0.0000001532914586
0.1500000000000010 0.0000001640708804
0.1510000000000010 0.0000001731534409
0.1520000000000010 0.0000001804348857
0.1530000000000010 0.0000001858299989
0.1540000000000010 0.0000001892736146
0.1550000000000010 0.0000001907213876
0.1560000000000010 0.0000001901503572
0.1570000000000010 0.0000001875592712
0.1580000000000010 0.0000001829686651
0.1590000000000010 0.0000001764207256
0.1600000000000010 0.0000001679788908
0.1610000000000010 0.0000001577272366
0.1620000000000010 0.0000001457696333
0.1630000000000010 0.0000001322286658
0.1640000000000010 0.0000001172443764
0.1650000000000010 0.0000001009727848
0.1660000000000010 0.0000000835842497
0.1670000000000010 0.0000000652616619
0.1680000000000010 0.0000000461984930
0.1690000000000010 0.0000000265967324
0.1700000000000010 0.0000000066647159
0.1710000000000010 0.0000000133851090
0.1720000000000010 0.0000000333384782
0.1730000000000010 0.0000000529816240
0.1740000000000010 0.0000000721035938
0.1750000000000010 0.0000000904985398
0.1760000000000010 0.0000001079679577
0.1770000000000010 0.0000001243228565
0.1780000000000010 0.0000001393858238
0.1790000000000010 0.0000001529929681
0.1800000000000010 0.0000001649957264
0.1810000000000010 0.0000001752625023
0.1820000000000010 0.0000001836801253
0.1830000000000010 0.0000001901551121
0.1840000000000010 0.0000001946147159
0.1850000000000010 0.0000001970077577
0.1860000000000010 0.0000001973052171
0.1870000000000010 0.0000001955005873
0.1880000000000010 0.0000001916099883
0.1890000000000010 0.0000001856720346
0.1900000000000010 0.0000001777474488
0.1910000000000010 0.0000001679184516
0.1920000000000010 0.0000001562879026
0.1930000000000010 0.0000001429782239
0.1940000000000010 0.0000001281301039
0.1950000000000010 0.0000001119010045
0.1960000000000010 0.0000000944634881
0.1970000000000010 0.0000000760033640
0.1980000000000010 0.0000000567177048
0.1990000000000010 0.0000000368127289
0.2000000000000010 0.0000000165015770
0.2010000000000010 0.0000000039979775
0.2020000000000010 0.0000000244658893
0.2030000000000010 0.0000000446822068
0.2040000000000010 0.0000000644294662
0.2050000000000010 0.0000000834950380
0.2060000000000010 0.0000001016734412
0.2070000000000010 0.0000001187685736
0.2080000000000010 0.0000001345958482
0.2090000000000010 0.0000001489842045
0.2100000000000010 0.0000001617779710
0.2110000000000010 0.0000001728385777
0.2120000000000010 0.0000001820460680
0.2130000000000010 0.0000001893004171
0.2140000000000011 0.0000001945226398
0.2150000000000011 0.0000001976556629
0.2160000000000011 0.0000001986649707
0.2170000000000011 0.0000001975389901
0.2180000000000011 0.0000001942892438
0.2190000000000011 0.0000001889502435
0.2200000000000011 0.0000001815791353
0.2210000000000011 0.0000001722550951
0.2220000000000011 0.0000001610784897
0.2230000000000011 0.0000001481698035
0.2240000000000011 0.0000001336683431
0.2250000000000011 0.0000001177307398
0.2260000000000011 0.0000001005292622
0.2270000000000011 0.0000000822499495
0.2280000000000011 0.0000000630906047
0.2290000000000011 0.0000000432586469
0.2300000000000011 0.0000000229688641
0.2310000000000011 0.0000000024410802
0.2320000000000011 0.0000000181022308
0.2330000000000011 0.0000000384383720
0.2340000000000011 0.0000000583468398
0.2350000000000011 0.0000000776117322
0.2360000000000011 0.0000000960241007
0.2370000000000011 0.0000001133842336
0.2380000000000011 0.0000001295038365
0.2390000000000011 0.0000001442080868
0.2400000000000011 0.0000001573375603
0.2410000000000011 0.0000001687499607
0.2420000000000011 0.0000001783216970
0.2430000000000011 0.0000001859492287
0.2440000000000011 0.0000001915502146
0.2450000000000011 0.0000001950644188
0.2460000000000011 0.0000001964543761
0.2470000000000011 0.0000001957058162
0.2480000000000011 0.0000001928278222
0.2490000000000011 0.0000001878527505
0.2500000000000011 0.0000001808358743
0.2510000000000011 0.0000001718547964
0.2520000000000011 0.0000001610086027
0.2530000000000011 0.0000001484167866
0.2540000000000011 0.0000001342179443
0.2550000000000011 0.0000001185682628
0.2560000000000011 0.0000001016398150
0.2570000000000011 0.0000000836186713
0.2580000000000011 0.0000000647028664
0.2590000000000011 0.0000000451002264
0.2600000000000011 0.0000000250260868
0.2610000000000011 0.0000000047009310
0.2620000000000011 0.0000000156520352
0.2630000000000011 0.0000000358093366
0.2640000000000011 0.0000000555496908
0.2650000000000011 0.0000000746564393
0.2660000000000011 0.0000000929199413
0.2670000000000011 0.0000001101398834
0.2680000000000011 0.0000001261274922
0.2690000000000011 0.0000001407076147
0.2700000000000011 0.0000001537206609
0.2710000000000011 0.0000001650243646
0.2720000000000011 0.0000001744953635
0.2730000000000011 0.0000001820305622
0.2740000000000011 0.0000001875482816
0.2750000000000011 0.0000001909891643
0.2760000000000011 0.0000001923168396
0.2770000000000011 0.0000001915183292
0.2780000000000011 0.0000001886041987
0.2790000000000011 0.0000001836084438
0.2800000000000011 0.0000001765881206
0.2810000000000011 0.0000001676227201
0.2820000000000011 0.0000001568132861
0.2830000000000011 0.0000001442813025
0.2840000000000011 0.0000001301673476
0.2850000000000011 0.0000001146295352
0.2860000000000011 0.0000000978417594
0.2870000000000011 0.0000000799917665
0.2880000000000011 0.0000000612790665
0.2890000000000011 0.0000000419127115
0.2900000000000011 0.0000000221089729
0.2910000000000011 0.0000000020889250
0.2920000000000011 0.0000000179240141
0.2930000000000011 0.0000000377065783
0.2940000000000011 0.0000000570381493
0.2950000000000011 0.0000000757032173
0.2960000000000011 0.0000000934937987
0.2970000000000011 0.0000001102117591
0.2980000000000011 0.0000001256710378
0.2990000000000011 0.0000001396997318
0.3000000000000011 0.0000001521420270
0.3010000000000011 0.0000001628599504
0.3020000000000011 0.0000001717349207
0.3030000000000011 0.0000001786690877
0.3040000000000011 0.0000001835864345
0.3050000000000011 0.0000001864336374
0.3060000000000011 0.0000001871806752
0.3070000000000011 0.0000001858211700
0.3080000000000011 0.0000001823724678
0.3090000000000011 0.0000001768754487
0.3100000000000011 0.0000001693940750
0.3110000000000011 0.0000001600146735
0.3120000000000011 0.0000001488449706
0.3130000000000011 0.0000001360128796
0.3140000000000011 0.0000001216650660
0.3150000000000011 0.0000001059652881
0.3160000000000011 0.0000000890925564
0.3170000000000011 0.0000000712391068
0.3180000000000011 0.0000000526082298
0.3190000000000011 0.0000000334119674
0.3200000000000011 0.0000000138687135
0.3210000000000011 0.0000000057992668
0.3220000000000011 0.0000000253683572
0.3230000000000011 0.0000000446161337
0.3240000000000011 0.0000000633238946
0.3250000000000011 0.0000000812791492
0.3260000000000011 0.0000000982780448
0.3270000000000011 0.0000001141276871
0.3280000000000011 0.0000001286483513
0.3290000000000011 0.0000001416755349
0.3300000000000011 0.0000001530618410
0.3310000000000011 0.0000001626786741
0.3320000000000011 0.0000001704177173
0.3330000000000011 0.0000001761921795
0.3340000000000011 0.0000001799378007
0.3350000000000011 0.0000001816135979
0.3360000000000011 0.0000001812023447
0.3370000000000011 0.0000001787107835
0.3380000000000011 0.0000001741695557
0.3390000000000011 0.0000001676328634
0.3400000000000011 0.0000001591778571
0.3410000000000011 0.0000001489037611
0.3420000000000011 0.0000001369307385
0.3430000000000011 0.0000001233985205
0.3440000000000011 0.0000001084648036
0.3450000000000011 0.0000000923034384
0.3460000000000011 0.0000000751024327
0.3470000000000011 0.0000000570617837
0.3480000000000011 0.0000000383911718
0.3490000000000011 0.0000000193075407
0.3500000000000011 0.0000000000325830
0.3510000000000011 0.0000000192098197
0.3520000000000011 0.0000000381962018
0.3530000000000011 0.0000000567061003
0.3540000000000011 0.0000000745246262
0.3550000000000011 0.0000000914449643
0.3560000000000011 0.0000001072707831
0.3570000000000011 0.0000001218185346
0.3580000000000012 0.0000001349195948
0.3590000000000012 0.0000001464222497
0.3600000000000012 0.0000001561934715
0.3610000000000012 0.0000001641204902
0.3620000000000012 0.0000001701121258
0.3630000000000012 0.0000001740998700
0.3640000000000012 0.0000001760387076
0.3650000000000012 0.0000001759076598
0.3660000000000012 0.0000001737100495
0.3670000000000012 0.0000001694734825
0.3680000000000012 0.0000001632495392
0.3690000000000012 0.0000001551131898
0.3700000000000012 0.0000001451619306
0.3710000000000012 0.0000001335146500
0.3720000000000012 0.0000001203102517
0.3730000000000012 0.0000001057060266
0.3740000000000012 0.0000000898758141
0.3750000000000012 0.0000000730079608
0.3760000000000012 0.0000000553031052
0.3770000000000012 0.0000000369718145
0.3780000000000012 0.0000000182320972
0.3790000000000012 0.0000000006931760
0.3800000000000012 0.0000000195789109
0.3810000000000012 0.0000000382004641
0.3820000000000012 0.0000000563363133
0.3830000000000012 0.0000000737706963
0.3840000000000012 0.0000000902961881
0.3850000000000012 0.0000001057161807
0.3860000000000012 0.0000001198472405
0.3870000000000012 0.0000001325213117
0.3880000000000012 0.0000001435877427
0.3890000000000012 0.0000001529151051
0.3900000000000012 0.0000001603927889
0.3910000000000012 0.0000001659323516
0.3920000000000012 0.0000001694686004
0.3930000000000012 0.0000001709604044
0.3940000000000012 0.0000001703912131
0.3950000000000012 0.0000001677692854
0.3960000000000012 0.0000001631276163
0.3970000000000012 0.0000001565235727
0.3980000000000012 0.0000001480382243
0.3990000000000012 0.0000001377753980
0.4000000000000012 0.0000001258604470
0.4010000000000012 0.0000001124387653
0.4020000000000012 0.0000000976740483
0.4030000000000012 0.0000000817463341
0.4040000000000012 0.0000000648498397
0.4050000000000012 0.0000000471906220
0.4060000000000012 0.0000000289840882
0.4070000000000012 0.0000000104523882
0.4080000000000012 0.0000000081782811
0.4090000000000012 0.0000000266804270
0.4100000000000012 0.0000000448280350
0.4110000000000012 0.0000000623993306
0.4120000000000012 0.0000000791794954
0.4130000000000012 0.0000000949633061
0.4140000000000012 0.0000001095576596
0.4150000000000012 0.0000001227839602
0.4160000000000012 0.0000001344803298
0.4170000000000012 0.0000001445036228
0.4180000000000012 0.0000001527312129
0.4190000000000012 0.0000001590625317
0.4200000000000012 0.0000001634203449
0.4210000000000012 0.0000001657517366
0.4220000000000012 0.0000001660288032
0.4230000000000012 0.0000001642490344
0.4240000000000012 0.0000001604353874
0.4250000000000012 0.0000001546360415
0.4260000000000012 0.0000001469238419
0.4270000000000012 0.0000001373954365
0.4280000000000012 0.0000001261701144
0.4290000000000012 0.0000001133883606
0.4300000000000012 0.0000000992101429
0.4310000000000012 0.0000000838129518
0.4320000000000012 0.0000000673896169
0.4330000000000012 0.0000000501459264
0.4340000000000012 0.0000000322980772
0.4350000000000012 0.0000000140699884
0.4360000000000012 0.0000000043094899
0.4370000000000012 0.0000000226094367
0.4380000000000012 0.0000000405997546
0.4390000000000012 0.0000000580540637
0.4400000000000012 0.0000000747525541
0.4410000000000012 0.0000000904847686
0.4420000000000012 0.0000001050522710
0.4430000000000012 0.0000001182711752
0.4440000000000012 0.0000001299744946
0.4450000000000012 0.0000001400142894
0.4460000000000012 0.0000001482635736
0.4470000000000012 0.0000001546179687
0.4480000000000012 0.0000001589970727
0.4490000000000012 0.0000001613455285
0.4500000000000012 0.0000001616337814
0.4510000000000012 0.0000001598585049
0.4520000000000012 0.0000001560427014
0.4530000000000012 0.0000001502354590
0.4540000000000012 0.0000001425113836
0.4550000000000012 0.0000001329696967
0.4560000000000012 0.0000001217330172
0.4570000000000012 0.0000001089458425
0.4580000000000012 0.0000000947727394
0.4590000000000012 0.0000000793962753
0.4600000000000012 0.0000000630147092
0.4610000000000012 0.0000000458394737
0.4620000000000012 0.0000000280924789
0.4630000000000012 0.0000000100032719
0.4640000000000012 0.0000000081939122
0.4650000000000012 0.0000000262631709
0.4660000000000012 0.0000000439699845
0.4670000000000012 0.0000000610842622
0.4680000000000012 0.0000000773833393
0.4690000000000012 0.0000000926548908
0.4700000000000013 0.0000001066997184
0.4710000000000013 0.0000001193343780
0.4720000000000013 0.0000001303936144
0.4730000000000013 0.0000001397325609
0.4740000000000013 0.0000001472286881
0.4750000000000013 0.0000001527834614
0.4760000000000013 0.0000001563236972
0.4770000000000013 0.0000001578025847
0.4780000000000013 0.0000001572003705
0.4790000000000013 0.0000001545246890
0.4800000000000013 0.0000001498105334
0.4810000000000013 0.0000001431198646
0.4820000000000013 0.0000001345408662
0.4830000000000013 0.0000001241868478
0.4840000000000013 0.0000001121948114
0.4850000000000013 0.0000000987237024
0.4860000000000013 0.0000000839523558
0.4870000000000013 0.0000000680771769
0.4880000000000013 0.0000000513095763
0.4890000000000013 0.0000000338731929
0.4900000000000013 0.0000000160009470
0.4910000000000013 0.0000000020680470
0.4920000000000013 0.0000000200916597
0.4930000000000013 0.0000000378279820
0.4940000000000013 0.0000000550385700
0.4950000000000013 0.0000000714916564
0.4960000000000013 0.0000000869652873
0.4970000000000013 0.0000001012503399
0.4980000000000013 0.0000001141533786
0.4990000000000013 0.0000001254993164
0.5000000000000012 0.0000001351338338
0.5010000000000012 0.0000001429255341
0.5020000000000012 0.0000001487677934
0.5030000000000012 0.0000001525802845
0.5040000000000012 0.0000001543101512
0.5050000000000012 0.0000001539328133
0.5060000000000012 0.0000001514523931
0.5070000000000012 0.0000001469017474
0.5080000000000012 0.0000001403421143
0.5090000000000012 0.0000001318623649
0.5100000000000012 0.0000001215778780
0.5110000000000012 0.0000001096290411
0.5120000000000012 0.0000000961794072
0.5130000000000012 0.0000000814135200
0.5140000000000012 0.0000000655344428
0.5150000000000012 0.0000000487610194
0.5160000000000012 0.0000000313249038
0.5170000000000012 0.0000000134673985
0.5180000000000012 0.0000000045638524
0.5190000000000012 0.0000000225182812
0.5200000000000012 0.0000000401458644
0.5210000000000012 0.0000000572006045
0.5220000000000012 0.0000000734439722
0.5230000000000012 0.0000000886482603
0.5240000000000012 0.0000001025998053
0.5250000000000012 0.0000001151020271
0.5260000000000012 0.0000001259782469
0.5270000000000012 0.0000001350742387
0.5280000000000012 0.0000001422604798
0.5290000000000012 0.0000001474340663
0.5300000000000012 0.0000001505202612
0.5310000000000012 0.0000001514736571
0.5320000000000012 0.0000001502789272
0.5330000000000013 0.0000001469511595
0.5340000000000013 0.0000001415357553
0.5350000000000013 0.0000001341079062
0.5360000000000013 0.0000001247716357
0.5370000000000013 0.0000001136584335
0.5380000000000013 0.0000001009254865
0.5390000000000013 0.0000000867535334
0.5400000000000013 0.0000000713443762
0.5410000000000013 0.0000000549180695
0.5420000000000013 0.0000000377098359
0.5430000000000013 0.0000000199667484
0.5440000000000013 0.0000000019442215
0.5450000000000013 0.0000000160976387
0.5460000000000013 0.0000000338977688
0.5470000000000013 0.0000000511979222
0.5480000000000013 0.0000000677464210
0.5490000000000013 0.0000000833018343
0.5500000000000013 0.0000000976365295
0.5510000000000013 0.0000001105400474
0.5520000000000013 0.0000001218222389
0.5530000000000013 0.0000001313161327
0.5540000000000013 0.0000001388804772
0.5550000000000013 0.0000001444019201
0.5560000000000013 0.0000001477967951
0.5570000000000013 0.0000001490124833
0.5580000000000013 0.0000001480283243
0.5590000000000013 0.0000001448560660
0.5600000000000013 0.0000001395398358
0.5610000000000013 0.0000001321556347
0.5620000000000013 0.0000001228103577
0.5630000000000013 0.0000001116403492
0.5640000000000013 0.0000000988095122
0.5650000000000013 0.0000000845069963
0.5660000000000013 0.0000000689444961
0.5670000000000013 0.0000000523531939
0.5680000000000013 0.0000000349803927
0.5690000000000013 0.0000000170858886
0.5700000000000013 0.0000000010618714
0.5710000000000013 0.0000000191897840
0.5720000000000013 0.0000000370241807
0.5730000000000013 0.0000000542949538
0.5740000000000013 0.0000000707396577
0.5750000000000013 0.0000000861075192
0.5760000000000013 0.0000001001632978
0.5770000000000013 0.0000001126909400
0.5780000000000013 0.0000001234969602
0.5790000000000013 0.0000001324135068
0.5800000000000013 0.0000001393010543
0.5810000000000013 0.0000001440506833
0.5820000000000013 0.0000001465859067
0.5830000000000013 0.0000001468640115
0.5840000000000013 0.0000001448768904
0.5850000000000013 0.0000001406513491
0.5860000000000013 0.0000001342488748
0.5870000000000013 0.0000001257648695
0.5880000000000013 0.0000001153273521
0.5890000000000013 0.0000001030951473
0.5900000000000013 0.0000000892555804
0.5910000000000013 0.0000000740217159
0.5920000000000013 0.0000000576291733
0.5930000000000013 0.0000000403325665
0.5940000000000013 0.0000000224016223
0.5950000000000013 0.0000000041170319
0.5960000000000013 0.0000000142338986
0.5970000000000013 0.0000000323617362
0.5980000000000013 0.0000000499794733
0.5990000000000013 0.0000000668070792
0.6000000000000013 0.0000000825759732
0.6010000000000013 0.0000000970333485
0.6020000000000013 0.0000001099462856
0.6030000000000013 0.0000001211055726
0.6040000000000013 0.0000001303291817
0.6050000000000013 0.0000001374653397
0.6060000000000013 0.0000001423951343
0.6070000000000013 0.0000001450346182
0.6080000000000013 0.0000001453363668
0.6090000000000013 0.0000001432904598
0.6100000000000013 0.0000001389248688
0.6110000000000013 0.0000001323052327
0.6120000000000013 0.0000001235340246
0.6130000000000013 0.0000001127491135
0.6140000000000013 0.0000001001217399
0.6150000000000013 0.0000000858539323
0.6160000000000013 0.0000000701753982
0.6170000000000013 0.0000000533399405
0.6180000000000013 0.0000000356214477
0.6190000000000013 0.0000000173095207
0.6200000000000013 0.0000000012951921
0.6210000000000013 0.0000000198858843
0.6220000000000013 0.0000000381546225
0.6230000000000013 0.0000000557974383
0.6240000000000013 0.0000000725193982
0.6250000000000013 0.0000000880395662
0.6260000000000013 0.0000001020957792
0.6270000000000013 0.0000001144491461
0.6280000000000013 0.0000001248882005
0.6290000000000013 0.0000001332326297
0.6300000000000013 0.0000001393365137
0.6310000000000013 0.0000001430910140
0.6320000000000013 0.0000001444264621
0.6330000000000013 0.0000001433138063
0.6340000000000013 0.0000001397653800
0.6350000000000013 0.0000001338349819
0.6360000000000013 0.0000001256172461
0.6370000000000013 0.0000001152463158
0.6380000000000013 0.0000001028938258
0.6390000000000013 0.0000000887662309
0.6400000000000013 0.0000000731015086
0.6410000000000013 0.0000000561652905
0.6420000000000013 0.0000000382464841
0.6430000000000013 0.0000000196524485
0.6440000000000013 0.0000000007038072
0.6450000000000014 0.0000000182710169
0.6460000000000014 0.0000000369414561
0.6470000000000014 0.0000000549805424
0.6480000000000014 0.0000000720706457
0.6490000000000014 0.0000000879091039
0.6500000000000014 0.0000001022136437
0.6510000000000014 0.0000001147274991
0.6520000000000014 0.0000001252241299
0.6530000000000014 0.0000001335114526
0.6540000000000014 0.0000001394355064
0.6550000000000014 0.0000001428834768
0.6560000000000014 0.0000001437860238
0.6570000000000014 0.0000001421188528
0.6580000000000014 0.0000001379035034
0.6590000000000014 0.0000001312073240
0.6600000000000014 0.0000001221426257
0.6610000000000014 0.0000001108650172
0.6620000000000014 0.0000000975709469
0.6630000000000014 0.0000000824944784
0.6640000000000014 0.0000000659033539
0.6650000000000014 0.0000000480944034
0.6660000000000014 0.0000000293883807
0.6670000000000014 0.0000000101243022
0.6680000000000014 0.0000000093466021
0.6690000000000014 0.0000000286672288
0.6700000000000014 0.0000000474811176
0.6710000000000014 0.0000000654390252
0.6720000000000014 0.0000000822054376
0.6730000000000014 0.0000000974649009
0.6740000000000014 0.0000001109280483
0.6750000000000014 0.0000001223372076
0.6760000000000014 0.0000001314714848
0.6770000000000014 0.0000001381512116
0.6780000000000014 0.0000001422416746
0.6790000000000014 0.0000001436560419
0.6800000000000014 0.0000001423574213
0.6810000000000014 0.0000001383599986
0.6820000000000014 0.0000001317292252
0.6830000000000014 0.0000001225810344
0.6840000000000014 0.0000001110800870
0.6850000000000014 0.0000000974370727
0.6860000000000014 0.0000000819050945
0.6870000000000014 0.0000000647752027
0.6880000000000014 0.0000000463711456
0.6890000000000014 0.0000000270434271
0.6900000000000014 0.0000000071627792
0.6910000000000014 0.0000000128868370
0.6920000000000014 0.0000000327155699
0.6930000000000014 0.0000000519352205
0.6940000000000014 0.0000000701668449
0.6950000000000014 0.0000000870482675
0.6960000000000014 0.0000001022413581
0.6970000000000014 0.0000001154389256
0.6980000000000014 0.0000001263710875
0.6990000000000014 0.0000001348109788
0.7000000000000014 0.0000001405796822
0.7010000000000014 0.0000001435502633
0.7020000000000014 0.0000001436508235
0.7030000000000014 0.0000001408664874
0.7040000000000014 0.0000001352402761
0.7050000000000014 0.0000001268728227
0.7060000000000014 0.0000001159209261
0.7070000000000014 0.0000001025949481
0.7080000000000014 0.0000000871550902
0.7090000000000014 0.0000000699066078
0.7100000000000014 0.0000000511940428
0.7110000000000014 0.0000000313945751
0.7120000000000014 0.0000000109106164
0.7130000000000014 0.0000000098382142
0.7140000000000014 0.0000000304235791
0.7150000000000014 0.0000000504172051
0.7160000000000014 0.0000000693997862
0.7170000000000014 0.0000000869698184
0.7180000000000014 0.0000001027521901
0.7190000000000014 0.0000001164063319
0.7200000000000014 0.0000001276337605
0.7210000000000014 0.0000001361848369
0.7220000000000014 0.0000001418645903
0.7230000000000014 0.0000001445374641
0.7240000000000014 0.0000001441308683
0.7250000000000014 0.0000001406374375
0.7260000000000014 0.0000001341159284
0.7270000000000014 0.0000001246907109
0.7280000000000014 0.0000001125498391
0.7290000000000014 0.0000000979417221
0.7300000000000014 0.0000000811704346
0.7310000000000014 0.0000000625897542
0.7320000000000014 0.0000000425960227
0.7330000000000014 0.0000000216199740
0.7340000000000014 0.0000000001176829
0.7350000000000014 0.0000000214391775
0.7360000000000014 0.0000000425735744
0.7370000000000014 0.0000000628136229
0.7380000000000014 0.0000000817031456
0.7390000000000014 0.0000000988120416
0.7400000000000014 0.0000001137462348
0.7410000000000014 0.0000001261569675
0.7420000000000014 0.0000001357492224
0.7430000000000014 0.0000001422890608
0.7440000000000014 0.0000001456096954
0.7450000000000014 0.0000001456161333
0.7460000000000014 0.0000001422882557
0.7470000000000014 0.0000001356822344
0.7480000000000014 0.0000001259302190
0.7490000000000014 0.0000001132382695
0.7500000000000014 0.0000000978825464
0.7510000000000014 0.0000000802038116
0.7520000000000014 0.0000000606003361
0.7530000000000014 0.0000000395193434
0.7540000000000014 0.0000000174471670
0.7550000000000014 0.0000000051016817
0.7560000000000014 0.0000000275962936
0.7570000000000014 0.0000000495017317
0.7580000000000015 0.0000000702917081
0.7590000000000015 0.0000000894612723
0.7600000000000015 0.0000001065392106
0.7610000000000015 0.0000001210998482
0.7620000000000015 0.0000001327739615
0.7630000000000015 0.0000001412585156
0.7640000000000015 0.0000001463249684
0.7650000000000015 0.0000001478259042
0.7660000000000015 0.0000001456998018
0.7670000000000015 0.0000001399737810
0.7680000000000015 0.0000001307642113
0.7690000000000015 0.0000001182751236
0.7700000000000015 0.0000001027944174
0.7710000000000015 0.0000000846879054
0.7720000000000015 0.0000000643912978
0.7730000000000015 0.0000000424002817
0.7740000000000015 0.0000000192589018
0.7750000000000015 0.0000000044535041
0.7760000000000015 0.0000000281365126
0.7770000000000015 0.0000000511836324
0.7780000000000015 0.0000000729977673
0.7790000000000015 0.0000000930067363
0.7800000000000015 0.0000001106784501
0.7810000000000015 0.0000001255353487
0.7820000000000015 0.0000001371677016
0.7830000000000015 0.0000001452454020
0.7840000000000015 0.0000001495279026
0.7850000000000015 0.0000001498719960
0.7860000000000015 0.0000001462371754
0.7870000000000015 0.0000001386883755
0.7880000000000015 0.0000001273959593
0.7890000000000015 0.0000001126328800
0.7900000000000015 0.0000000947690243
0.7910000000000015 0.0000000742628248
0.7920000000000015 0.0000000516502880
0.7930000000000015 0.0000000275316865
0.7940000000000015 0.0000000025562055
0.7950000000000015 0.0000000225950785
0.7960000000000015 0.0000000472274656
0.7970000000000015 0.0000000706516705
0.7980000000000015 0.0000000922031271
0.7990000000000015 0.0000001112610185
0.8000000000000015 0.0000001272665029
0.8010000000000015 0.0000001397395921
0.8020000000000015 0.0000001482941747
0.8030000000000015 0.0000001526507002
0.8040000000000015 0.0000001526461113
0.8050000000000015 0.0000001482406482
0.8060000000000015 0.0000001395212587
0.8070000000000015 0.0000001267014110
0.8080000000000015 0.0000001101172192
0.8090000000000015 0.0000000902198941
0.8100000000000015 0.0000000675646295
0.8110000000000015 0.0000000427961606
0.8120000000000015 0.0000000166313205
0.8130000000000015 0.0000000101609715
0.8140000000000015 0.0000000367817599
0.8150000000000015 0.0000000624255458
0.8160000000000015 0.0000000863045482
0.8170000000000015 0.0000001076730272
0.8180000000000015 0.0000001258509203
0.8190000000000015 0.0000001402460588
0.8200000000000015 0.0000001503742234
0.8210000000000015 0.0000001558763672
0.8220000000000015 0.0000001565323723
0.8230000000000015 0.0000001522708115
0.8240000000000015 0.0000001431742796
0.8250000000000015 0.0000001294799951
0.8260000000000015 0.0000001115754936
0.8270000000000015 0.0000000899894116
0.8280000000000015 0.0000000653774849
0.8290000000000015 0.0000000385040724
0.8300000000000015 0.0000000102196507
0.8310000000000015 0.0000000185651075
0.8320000000000015 0.0000000469079414
0.8330000000000015 0.0000000738654389
0.8340000000000015 0.0000000985243542
0.8350000000000015 0.0000001200327907
0.8360000000000015 0.0000001376302046
0.8370000000000015 0.0000001506751753
0.8380000000000015 0.0000001586699256
0.8390000000000015 0.0000001612806468
0.8400000000000015 0.0000001583527871
0.8410000000000015 0.0000001499206009
0.8420000000000015 0.0000001362104241
0.8430000000000015 0.0000001176373463
0.8440000000000015 0.0000000947951541
0.8450000000000015 0.0000000684396615
0.8460000000000015 0.0000000394657817
0.8470000000000015 0.0000000088789285
0.8480000000000015 0.0000000222384364
0.8490000000000015 0.0000000527640772
0.8500000000000015 0.0000000815758704
0.8510000000000015 0.0000001075929419
0.8520000000000015 0.0000001298165905
0.8530000000000015 0.0000001473694757
0.8540000000000015 0.0000001595315381
0.8550000000000015 0.0000001657711891
0.8560000000000015 0.0000001657703977
0.8570000000000015 0.0000001594424912
0.8580000000000015 0.0000001469416944
0.8590000000000015 0.0000001286637100
0.8600000000000015 0.0000001052369622
0.8610000000000015 0.0000000775044542
0.8620000000000015 0.0000000464965775
0.8630000000000015 0.0000000133955633
0.8640000000000015 0.0000000205073558
0.8650000000000015 0.0000000538606615
0.8660000000000015 0.0000000853054400
0.8670000000000015 0.0000001135304676
0.8680000000000015 0.0000001373273404
0.8690000000000015 0.0000001556433834
0.8700000000000015 0.0000001676300411
0.8710000000000016 0.0000001726845386
0.8720000000000016 0.0000001704827514
0.8730000000000016 0.0000001610015063
0.8740000000000016 0.0000001445288664
0.8750000000000016 0.0000001216614215
0.8760000000000016 0.0000000932880894
0.8770000000000016 0.0000000605605095
0.8780000000000016 0.0000000248506920
0.8790000000000016 0.0000000123027976
0.8800000000000016 0.0000000492582790
0.8810000000000016 0.0000000843416273
0.8820000000000016 0.0000001159213206
0.8830000000000016 0.0000001424846617
0.8840000000000016 0.0000001627117048
0.8850000000000016 0.0000001755433502
0.8860000000000016 0.0000001802401150
0.8870000000000016 0.0000001764283279
0.8880000000000016 0.0000001641308926
0.8890000000000016 0.0000001437803418
0.8900000000000016 0.0000001162125998
0.8910000000000016 0.0000000826407431
0.8920000000000016 0.0000000446089545
0.8930000000000016 0.0000000039278903
0.8940000000000016 0.0000000374063275
0.8950000000000016 0.0000000773063127
0.8960000000000016 0.0000001136967377
0.8970000000000016 0.0000001446219831
0.8980000000000016 0.0000001683527594
0.8990000000000016 0.0000001834860567
0.9000000000000016 0.0000001890327254
0.9010000000000016 0.0000001844872874
0.9020000000000016 0.0000001698751248
0.9030000000000016 0.0000001457731150
0.9040000000000016 0.0000001133009342
0.9050000000000016 0.0000000740816991
0.9060000000000016 0.0000000301722215
0.9070000000000016 0.0000000160350959
0.9080000000000016 0.0000000619349334
0.9090000000000016 0.0000001048507877
0.9100000000000016 0.0000001421887409
0.9110000000000016 0.0000001715949718
0.9120000000000016 0.0000001911078515
0.9130000000000016 0.0000001992950740
0.9140000000000016 0.0000001953664023
0.9150000000000016 0.0000001792533703
0.9160000000000016 0.0000001516486149
0.9170000000000016 0.0000001139994553
0.9180000000000016 0.0000000684527935
0.9190000000000016 0.0000000177513147
0.9200000000000016 0.0000000349158718
0.9210000000000016 0.0000000861017143
0.9220000000000016 0.0000001323192026
0.9230000000000016 0.0000001702763599
0.9240000000000016 0.0000001971134674
0.9250000000000016 0.0000002106261807
0.9260000000000016 0.0000002094576937
0.9270000000000016 0.0000001932436833
0.9280000000000016 0.0000001626956105
0.9290000000000016 0.0000001196110385
0.9300000000000016 0.0000000668039261
0.9310000000000016 0.0000000079531394
0.9320000000000016 0.0000000526265094
0.9330000000000016 0.0000001102799493
0.9340000000000016 0.0000001603571540
0.9350000000000016 0.0000001985851508
0.9360000000000016 0.0000002214391586
0.9370000000000016 0.0000002264823078
0.9380000000000016 0.0000002126424989
0.9390000000000016 0.0000001803967371
0.9400000000000016 0.0000001318376759
0.9410000000000016 0.0000000706044347
0.9420000000000016 0.0000000016696125
0.9430000000000016 0.0000000690136163
0.9440000000000016 0.0000001349870780
0.9450000000000016 0.0000001898549477
0.9460000000000016 0.0000002278992205
0.9470000000000016 0.0000002446891742
0.9480000000000016 0.0000002376239459
0.9490000000000016 0.0000002063456389
0.9500000000000016 0.0000001529647699
0.9510000000000016 0.0000000820510680
0.9520000000000016 0.0000000003606886
0.9530000000000016 0.0000000837048251
0.9540000000000016 0.0000001608834495
0.9550000000000016 0.0000002220256493
0.9560000000000016 0.0000002591687928
0.9570000000000016 0.0000002666001557
0.9580000000000016 0.0000002417779447
0.9590000000000016 0.0000001859747927
0.9600000000000016 0.0000001045192878
0.9610000000000016 0.0000000065407427
0.9620000000000016 0.0000000958291262
0.9630000000000016 0.0000001887785371
0.9640000000000016 0.0000002585655961
0.9650000000000016 0.0000002935181428
0.9660000000000016 0.0000002860315328
0.9670000000000016 0.0000002342583890
0.9680000000000016 0.0000001431647674
0.9690000000000016 0.0000000246552463
0.9700000000000016 0.0000001034452968
0.9710000000000016 0.0000002196197726
0.9720000000000016 0.0000003019638566
0.9730000000000016 0.0000003322003319
0.9740000000000016 0.0000002997983949
0.9750000000000016 0.0000002054006399
0.9760000000000016 0.0000000626678786
0.9770000000000016 0.0000001022810436
0.9780000000000016 0.0000002543804107
0.9790000000000016 0.0000003561142457
0.9800000000000016 0.0000003763071535
0.9810000000000016 0.0000002996647188
0.9820000000000016 0.0000001347064973
0.9830000000000017 0.0000000827812774
0.9840000000000017 0.0000002935426057
0.9850000000000017 0.0000004276095518
0.9860000000000017 0.0000004254788321
0.9870000000000017 0.0000002637359931
0.9880000000000017 0.0000000229422945
0.9890000000000017 0.0000003349999067
0.9900000000000017 0.0000005287860176
0.9910000000000017 0.0000004722106960
0.9920000000000017 0.0000001283339123
0.9930000000000017 0.0000003652748196
0.9940000000000017 0.0000006860770733
0.9950000000000017 0.0000004724086918
0.9960000000000017 0.0000003186822903
0.9970000000000017 0.0000009690019993
0.9980000000000017 0.0000001244055899
0.9990000000000017 0.0000016432129833
