-1.0000000000000000 0.0000000007408650
-0.9990000000000000 0.0000000001438038
-0.9980000000000000 0.0000000007380894
-0.9970000000000000 0.0000000000212470
-0.9960000000000000 0.0000000006883142
-0.9950000000000000 0.0000000005790074
-0.9940000000000000 0.0000000000550468
-0.9930000000000000 0.0000000006116553
-0.9920000000000000 0.0000000007287404
-0.9910000000000000 0.0000000004071636
-0.9900000000000000 0.0000000001178894
-0.9890000000000000 0.0000000005658983
-0.9880000000000000 0.0000000007483782
-0.9870000000000000 0.0000000006207805
-0.9860000000000000 0.0000000002633085
-0.9850000000000000 0.0000000001763086
-0.9840000000000000 0.0000000005461067
-0.9830000000000000 0.0000000007377192
-0.9820000000000000 0.0000000007095571
-0.9810000000000000 0.0000000004860879
-0.9800000000000000 0.0000000001399775
-0.9790000000000000 0.0000000002339788
-0.9780000000000000 0.0000000005448932
-0.9770000000000000 0.0000000007258824
-0.9760000000000000 0.0000000007452027
-0.9750000000000000 0.0000000006080553
-0.9740000000000000 0.0000000003506549
-0.9730000000000000 0.0000000000292708
-0.9720000000000000 0.0000000002927410
-0.9710000000000000 0.0000000005572016
-0.9700000000000000 0.0000000007206642
-0.9690000000000000 0.0000000007601224
-0.9680000000000000 0.0000000006745932
-0.9670000000000000 0.0000000004829987
-0.9660000000000000 0.0000000002192614
-0.9650000000000000 0.0000000000742259
-0.9640000000000000 0.0000000003535644
-0.9630000000000000 0.0000000005797008
-0.9620000000000000 0.0000000007233783
-0.9610000000000000 0.0000000007682187
-0.9600000000000000 0.0000000007117799
-0.9590000000000000 0.0000000005647217
-0.9580000000000000 0.0000000003484237
-0.9570000000000000 0.0000000000915380
-0.9560000000000000 0.0000000001739831
-0.9550000000000000 0.0000000004168607
-0.9540000000000000 0.0000000006100101
-0.9530000000000000 0.0000000007332693
-0.9520000000000000 0.0000000007751234
-0.9510000000000000 0.0000000007333497
-0.9500000000000000 0.0000000006146321
-0.9490000000000000 0.0000000004332890
-0.9480000000000000 0.0000000002093358
-0.9470000000000000 0.0000000000338604
-0.9460000000000000 0.0000000002720660
-0.9450000000000000 0.0000000004825539
-0.9440000000000000 0.0000000006461539
-0.9429999999999999 0.0000000007488188
-0.9419999999999999 0.0000000007826106
-0.9409999999999999 0.0000000007460681
-0.9399999999999999 0.0000000006439798
-0.9389999999999999 0.0000000004866322
-0.9379999999999999 0.0000000002886411
-0.9369999999999999 0.0000000000675002
-0.9359999999999999 0.0000000001580123
-0.9349999999999999 0.0000000003694263
-0.9339999999999999 0.0000000005500461
-0.9329999999999999 0.0000000006861827
-0.9319999999999999 0.0000000007680764
-0.9309999999999999 0.0000000007904603
-0.9299999999999999 0.0000000007527500
-0.9289999999999999 0.0000000006588736
-0.9279999999999999 0.0000000005167779
-0.9269999999999999 0.0000000003376720
-0.9259999999999999 0.0000000001350800
-0.9249999999999999 0.0000000000762170
-0.9239999999999999 0.0000000002812683
-0.9229999999999999 0.0000000004659937
-0.9219999999999999 0.0000000006181077
-0.9209999999999999 0.0000000007278743
-0.9199999999999999 0.0000000007886531
-0.9189999999999999 0.0000000007972129
-0.9179999999999999 0.0000000007538086
-0.9169999999999999 0.0000000006620304
-0.9159999999999999 0.0000000005284484
-0.9149999999999999 0.0000000003620885
-0.9139999999999999 0.0000000001737800
-0.9129999999999999 0.0000000000245752
-0.9119999999999999 0.0000000002207644
-0.9109999999999999 0.0000000004030094
-0.9099999999999999 0.0000000005606515
-0.9089999999999999 0.0000000006847395
-0.9079999999999999 0.0000000007684918
-0.9069999999999999 0.0000000008076143
-0.9059999999999999 0.0000000008004608
-0.9049999999999999 0.0000000007480384
-0.9039999999999999 0.0000000006538646
-0.9029999999999999 0.0000000005236903
-0.9019999999999999 0.0000000003651137
-0.9009999999999999 0.0000000001871088
-0.8999999999999999 0.0000000000004998
-0.8989999999999999 0.0000000001875874
-0.8979999999999999 0.0000000003642718
-0.8969999999999999 0.0000000005214233
-0.8959999999999999 0.0000000006511149
-0.8949999999999999 0.0000000007469934
-0.8939999999999999 0.0000000008045571
-0.8929999999999999 0.0000000008213285
-0.8919999999999999 0.0000000007969205
-0.8909999999999999 0.0000000007329961
-0.8899999999999999 0.0000000006331288
-0.8889999999999999 0.0000000005025760
-0.8879999999999999 0.0000000003479779
-0.8869999999999999 0.0000000001770027
-0.8859999999999999 0.0000000000020461
-0.8849999999999999 0.0000000001806375
-0.8839999999999999 0.0000000003504178
-0.8829999999999999 0.0000000005035931
-0.8819999999999999 0.0000000006332730
-0.8809999999999999 0.0000000007337623
-0.8799999999999999 0.0000000008007879
-0.8789999999999999 0.0000000008316552
-0.8779999999999999 0.0000000008253287
-0.8769999999999999 0.0000000007824369
-0.8759999999999999 0.0000000007052042
-0.8749999999999999 0.0000000005973150
-0.8739999999999999 0.0000000004637198
-0.8729999999999999 0.0000000003103922
-0.8719999999999999 0.0000000001440506
-0.8709999999999999 0.0000000000281435
-0.8699999999999999 0.0000000001988967
-0.8689999999999999 0.0000000003610903
-0.8679999999999999 0.0000000005080715
-0.8669999999999999 0.0000000006339164
-0.8659999999999999 0.0000000007336554
-0.8649999999999999 0.0000000008034537
-0.8639999999999999 0.0000000008407409
-0.8629999999999999 0.0000000008442861
-0.8619999999999999 0.0000000008142185
-0.8609999999999999 0.0000000007519926
-0.8599999999999999 0.0000000006603037
-0.8589999999999999 0.0000000005429566
-0.8579999999999999 0.0000000004046954
-0.8569999999999999 0.0000000002510018
-0.8559999999999999 0.0000000000878709
-0.8549999999999999 0.0000000000784271
-0.8539999999999999 0.0000000002415887
-0.8529999999999999 0.0000000003955138
-0.8519999999999999 0.0000000005345289
-0.8509999999999999 0.0000000006535886
-0.8499999999999999 0.0000000007484493
-0.8489999999999999 0.0000000008158084
-0.8479999999999999 0.0000000008534063
-0.8469999999999999 0.0000000008600885
-0.8459999999999999 0.0000000008358262
-0.8449999999999999 0.0000000007816960
-0.8439999999999999 0.0000000006998214
-0.8429999999999999 0.0000000005932788
-0.8419999999999999 0.0000000004659720
-0.8409999999999999 0.0000000003224813
-0.8399999999999999 0.0000000001678925
-0.8389999999999999 0.0000000000076129
-0.8379999999999999 0.0000000001528203
-0.8369999999999999 0.0000000003079302
-0.8359999999999999 0.0000000004524854
-0.8349999999999999 0.0000000005816716
-0.8339999999999999 0.0000000006912461
-0.8329999999999999 0.0000000007776693
-0.8319999999999999 0.0000000008382104
-0.8309999999999998 0.0000000008710234
-0.8299999999999998 0.0000000008751936
-0.8289999999999998 0.0000000008507515
-0.8279999999999998 0.0000000007986567
-0.8269999999999998 0.0000000007207516
-0.8259999999999998 0.0000000006196880
-0.8249999999999998 0.0000000004988295
-0.8239999999999998 0.0000000003621332
-0.8229999999999998 0.0000000002140154
-0.8219999999999998 0.0000000000592051
-0.8209999999999998 0.0000000000974083
-0.8199999999999998 0.0000000002509305
-0.8189999999999998 0.0000000003966132
-0.8179999999999998 0.0000000005299990
-0.8169999999999998 0.0000000006470530
-0.8159999999999998 0.0000000007442806
-0.8149999999999998 0.0000000008188247
-0.8139999999999998 0.0000000008685431
-0.8129999999999998 0.0000000008920625
-0.8119999999999998 0.0000000008888082
-0.8109999999999998 0.0000000008590096
-0.8099999999999998 0.0000000008036821
-0.8089999999999998 0.0000000007245858
-0.8079999999999998 0.0000000006241629
-0.8069999999999998 0.0000000005054571
-0.8059999999999998 0.0000000003720163
-0.8049999999999998 0.0000000002277828
-0.8039999999999998 0.0000000000769744
-0.8029999999999998 0.0000000000760409
-0.8019999999999998 0.0000000002268718
-0.8009999999999998 0.0000000003712286
-0.7999999999999998 0.0000000005050436
-0.7989999999999998 0.0000000006245832
-0.7979999999999998 0.0000000007265474
-0.7969999999999998 0.0000000008081576
-0.7959999999999998 0.0000000008672261
-0.7949999999999998 0.0000000009022096
-0.7939999999999998 0.0000000009122433
-0.7929999999999998 0.0000000008971561
-0.7919999999999998 0.0000000008574661
-0.7909999999999998 0.0000000007943582
-0.7899999999999998 0.0000000007096434
-0.7889999999999998 0.0000000006057019
-0.7879999999999998 0.0000000004854123
-0.7869999999999998 0.0000000003520680
-0.7859999999999998 0.0000000002092846
-0.7849999999999998 0.0000000000608996
-0.7839999999999998 0.0000000000891319
-0.7829999999999998 0.0000000002368423
-0.7819999999999998 0.0000000003783565
-0.7809999999999998 0.0000000005099919
-0.7799999999999998 0.0000000006283516
-0.7789999999999998 0.0000000007304098
-0.7779999999999998 0.0000000008135854
-0.7769999999999998 0.0000000008758032
-0.7759999999999998 0.0000000009155415
-0.7749999999999998 0.0000000009318642
-0.7739999999999998 0.0000000009244388
-0.7729999999999998 0.0000000008935370
-0.7719999999999998 0.0000000008400221
-0.7709999999999998 0.0000000007653198
-0.7699999999999998 0.0000000006713770
-0.7689999999999998 0.0000000005606070
-0.7679999999999998 0.0000000004358248
-0.7669999999999998 0.0000000003001727
-0.7659999999999998 0.0000000001570393
-0.7649999999999998 0.0000000000099740
-0.7639999999999998 0.0000000001374026
-0.7629999999999998 0.0000000002814866
-0.7619999999999998 0.0000000004187795
-0.7609999999999998 0.0000000005459707
-0.7599999999999998 0.0000000006600164
-0.7589999999999998 0.0000000007582095
-0.7579999999999998 0.0000000008382413
-0.7569999999999998 0.0000000008982525
-0.7559999999999998 0.0000000009368728
-0.7549999999999998 0.0000000009532487
-0.7539999999999998 0.0000000009470582
-0.7529999999999998 0.0000000009185135
-0.7519999999999998 0.0000000008683502
-0.7509999999999998 0.0000000007978057
-0.7499999999999998 0.0000000007085847
-0.7489999999999998 0.0000000006028155
-0.7479999999999998 0.0000000004829967
-0.7469999999999998 0.0000000003519357
-0.7459999999999998 0.0000000002126815
-0.7449999999999998 0.0000000000684526
-0.7439999999999998 0.0000000000774386
-0.7429999999999998 0.0000000002216615
-0.7419999999999998 0.0000000003609431
-0.7409999999999998 0.0000000004921419
-0.7399999999999998 0.0000000006123171
-0.7389999999999998 0.0000000007187929
-0.7379999999999998 0.0000000008092160
-0.7369999999999998 0.0000000008816054
-0.7359999999999998 0.0000000009343930
-0.7349999999999998 0.0000000009664545
-0.7339999999999998 0.0000000009771307
-0.7329999999999998 0.0000000009662375
-0.7319999999999998 0.0000000009340664
-0.7309999999999998 0.0000000008813733
-0.7299999999999998 0.0000000008093584
-0.7289999999999998 0.0000000007196361
-0.7279999999999998 0.0000000006141965
-0.7269999999999998 0.0000000004953594
-0.7259999999999998 0.0000000003657209
-0.7249999999999998 0.0000000002280959
-0.7239999999999998 0.0000000000854559
-0.7229999999999998 0.0000000000591363
-0.7219999999999998 0.0000000002025920
-0.7209999999999998 0.0000000003418628
-0.7199999999999998 0.0000000004740043
-0.7189999999999998 0.0000000005962380
-0.7179999999999997 0.0000000007060079
-0.7169999999999997 0.0000000008010328
-0.7159999999999997 0.0000000008793516
-0.7149999999999997 0.0000000009393616
-0.7139999999999997 0.0000000009798492
-0.7129999999999997 0.0000000010000118
-0.7119999999999997 0.0000000009994714
-0.7109999999999997 0.0000000009782792
-0.7099999999999997 0.0000000009369110
-0.7089999999999997 0.0000000008762540
-0.7079999999999997 0.0000000007975864
-0.7069999999999997 0.0000000007025473
-0.7059999999999997 0.0000000005931017
-0.7049999999999997 0.0000000004714975
-0.7039999999999997 0.0000000003402182
-0.7029999999999997 0.0000000002019313
-0.7019999999999997 0.0000000000594331
-0.7009999999999997 0.0000000000844081
-0.6999999999999997 0.0000000002267102
-0.6989999999999997 0.0000000003646344
-0.6979999999999997 0.0000000004954414
-0.6969999999999997 0.0000000006165455
-0.6959999999999997 0.0000000007255639
-0.6949999999999997 0.0000000008203629
-0.6939999999999997 0.0000000008990976
-0.6929999999999997 0.0000000009602466
-0.6919999999999997 0.0000000010026389
-0.6909999999999997 0.0000000010254750
-0.6899999999999997 0.0000000010283393
-0.6889999999999997 0.0000000010112062
-0.6879999999999997 0.0000000009744373
-0.6869999999999997 0.0000000009187724
-0.6859999999999997 0.0000000008453123
-0.6849999999999997 0.0000000007554955
-0.6839999999999997 0.0000000006510684
-0.6829999999999997 0.0000000005340501
-0.6819999999999997 0.0000000004066914
-0.6809999999999997 0.0000000002714314
-0.6799999999999997 0.0000000001308499
-0.6789999999999997 0.0000000000123830
-0.6779999999999997 0.0000000001555573
-0.6769999999999997 0.0000000002959738
-0.6759999999999997 0.0000000004309960
-0.6749999999999997 0.0000000005580981
-0.6739999999999997 0.0000000006749117
-0.6729999999999997 0.0000000007792692
-0.6719999999999997 0.0000000008692425
-0.6709999999999997 0.0000000009431776
-0.6699999999999997 0.0000000009997233
-0.6689999999999997 0.0000000010378545
-0.6679999999999997 0.0000000010568889
-0.6669999999999997 0.0000000010564978
-0.6659999999999997 0.0000000010367096
-0.6649999999999997 0.0000000009979074
-0.6639999999999997 0.0000000009408202
-0.6629999999999997 0.0000000008665071
-0.6619999999999997 0.0000000007763366
-0.6609999999999997 0.0000000006719599
-0.6599999999999997 0.0000000005552793
-0.6589999999999997 0.0000000004284129
-0.6579999999999997 0.0000000002936548
-0.6569999999999997 0.0000000001534334
-0.6559999999999997 0.0000000000102671
-0.6549999999999997 0.0000000001332814
-0.6539999999999997 0.0000000002746508
-0.6529999999999997 0.0000000004113265
-0.6519999999999997 0.0000000005408855
-0.6509999999999997 0.0000000006610379
-0.6499999999999997 0.0000000007696677
-0.6489999999999997 0.0000000008648680
-0.6479999999999997 0.0000000009449743
-0.6469999999999997 0.0000000010085920
-0.6459999999999997 0.0000000010546190
-0.6449999999999997 0.0000000010822644
-0.6439999999999997 0.0000000010910596
-0.6429999999999997 0.0000000010808656
-0.6419999999999997 0.0000000010518731
-0.6409999999999997 0.0000000010045979
-0.6399999999999997 0.0000000009398702
-0.6389999999999997 0.0000000008588190
-0.6379999999999997 0.0000000007628506
-0.6369999999999997 0.0000000006536235
-0.6359999999999997 0.0000000005330189
-0.6349999999999997 0.0000000004031071
-0.6339999999999997 0.0000000002661118
-0.6329999999999997 0.0000000001243708
-0.6319999999999997 0.0000000000197034
-0.6309999999999997 0.0000000001636656
-0.6299999999999997 0.0000000003050787
-0.6289999999999997 0.0000000004415551
-0.6279999999999997 0.0000000005707967
-0.6269999999999997 0.0000000006906330
-0.6259999999999997 0.0000000007990566
-0.6249999999999997 0.0000000008942566
-0.6239999999999997 0.0000000009746476
-0.6229999999999997 0.0000000010388947
-0.6219999999999997 0.0000000010859354
-0.6209999999999997 0.0000000011149953
-0.6199999999999997 0.0000000011255998
-0.6189999999999997 0.0000000011175811
-0.6179999999999997 0.0000000010910785
-0.6169999999999997 0.0000000010465361
-0.6159999999999997 0.0000000009846931
-0.6149999999999997 0.0000000009065712
-0.6139999999999997 0.0000000008134558
-0.6129999999999997 0.0000000007068748
-0.6119999999999997 0.0000000005885720
-0.6109999999999997 0.0000000004604783
-0.6099999999999997 0.0000000003246791
-0.6089999999999997 0.0000000001833803
-0.6079999999999997 0.0000000000388718
-0.6069999999999997 0.0000000001065096
-0.6059999999999997 0.0000000002504179
-0.6049999999999996 0.0000000003905361
-0.6039999999999996 0.0000000005246128
-0.6029999999999996 0.0000000006504984
-0.6019999999999996 0.0000000007661785
-0.6009999999999996 0.0000000008698062
-0.5999999999999996 0.0000000009597303
-0.5989999999999996 0.0000000010345209
-0.5979999999999996 0.0000000010929914
-0.5969999999999996 0.0000000011342164
-0.5959999999999996 0.0000000011575448
-0.5949999999999996 0.0000000011626098
-0.5939999999999996 0.0000000011493329
-0.5929999999999996 0.0000000011179245
-0.5919999999999996 0.0000000010688793
-0.5909999999999996 0.0000000010029677
-0.5899999999999996 0.0000000009212223
-0.5889999999999996 0.0000000008249215
-0.5879999999999996 0.0000000007155680
-0.5869999999999996 0.0000000005948651
-0.5859999999999996 0.0000000004646896
-0.5849999999999996 0.0000000003270614
-0.5839999999999996 0.0000000001841127
-0.5829999999999996 0.0000000000380540
-0.5819999999999996 0.0000000001088600
-0.5809999999999996 0.0000000002543653
-0.5799999999999996 0.0000000003962231
-0.5789999999999996 0.0000000005322546
-0.5779999999999996 0.0000000006603737
-0.5769999999999996 0.0000000007786186
-0.5759999999999996 0.0000000008851816
-0.5749999999999996 0.0000000009784358
-0.5739999999999996 0.0000000010569592
-0.5729999999999996 0.0000000011195561
-0.5719999999999996 0.0000000011652739
-0.5709999999999996 0.0000000011934167
-0.5699999999999996 0.0000000012035556
-0.5689999999999996 0.0000000011955339
-0.5679999999999996 0.0000000011694684
-0.5669999999999996 0.0000000011257472
-0.5659999999999996 0.0000000010650227
-0.5649999999999996 0.0000000009882012
-0.5639999999999996 0.0000000008964288
-0.5629999999999996 0.0000000007910729
-0.5619999999999996 0.0000000006737018
-0.5609999999999996 0.0000000005460606
-0.5599999999999996 0.0000000004100444
-0.5589999999999996 0.0000000002676703
-0.5579999999999996 0.0000000001210470
-0.5569999999999996 0.0000000000276569
-0.5559999999999996 0.0000000001762447
-0.5549999999999996 0.0000000003225242
-0.5539999999999996 0.0000000004643397
-0.5529999999999996 0.0000000005996042
-0.5519999999999996 0.0000000007263289
-0.5509999999999996 0.0000000008426527
-0.5499999999999996 0.0000000009468687
-0.5489999999999996 0.0000000010374488
-0.5479999999999996 0.0000000011130656
-0.5469999999999996 0.0000000011726109
-0.5459999999999996 0.0000000012152112
-0.5449999999999996 0.0000000012402400
-0.5439999999999996 0.0000000012473261
-0.5429999999999996 0.0000000012363582
-0.5419999999999996 0.0000000012074861
-0.5409999999999996 0.0000000011611171
-0.5399999999999996 0.0000000010979108
-0.5389999999999996 0.0000000010187677
-0.5379999999999996 0.0000000009248164
-0.5369999999999996 0.0000000008173966
-0.5359999999999996 0.0000000006980396
-0.5349999999999996 0.0000000005684459
-0.5339999999999996 0.0000000004304601
-0.5329999999999996 0.0000000002860452
-0.5319999999999996 0.0000000001372537
-0.5309999999999996 0.0000000000138016
-0.5299999999999996 0.0000000001649776
-0.5289999999999996 0.0000000003141312
-0.5279999999999996 0.0000000004591500
-0.5269999999999996 0.0000000005979815
-0.5259999999999996 0.0000000007286621
-0.5249999999999996 0.0000000008493448
-0.5239999999999996 0.0000000009583245
-0.5229999999999996 0.0000000010540617
-0.5219999999999996 0.0000000011352038
-0.5209999999999996 0.0000000012006037
-0.5199999999999996 0.0000000012493351
-0.5189999999999996 0.0000000012807050
-0.5179999999999996 0.0000000012942632
-0.5169999999999996 0.0000000012898076
-0.5159999999999996 0.0000000012673868
-0.5149999999999996 0.0000000012272988
-0.5139999999999996 0.0000000011700863
-0.5129999999999996 0.0000000010965286
-0.5119999999999996 0.0000000010076308
-0.5109999999999996 0.0000000009046091
-0.5099999999999996 0.0000000007888736
-0.5089999999999996 0.0000000006620086
-0.5079999999999996 0.0000000005257508
-0.5069999999999996 0.0000000003819648
-0.5059999999999996 0.0000000002326173
-0.5049999999999996 0.0000000000797504
-0.5039999999999996 0.0000000000745470
-0.5029999999999996 0.0000000002281673
-0.5019999999999996 0.0000000003790132
-0.5009999999999996 0.0000000005250263
-0.4999999999999996 0.0000000006642145
-0.4989999999999996 0.0000000007946797
-0.4979999999999996 0.0000000009146428
-0.4969999999999996 0.0000000010224676
-0.4959999999999996 0.0000000011166831
-0.4949999999999996 0.0000000011960024
-0.4939999999999996 0.0000000012593403
-0.4929999999999995 0.0000000013058275
-0.4919999999999995 0.0000000013348216
-0.4909999999999995 0.0000000013459157
-0.4899999999999995 0.0000000013389431
-0.4889999999999995 0.0000000013139800
-0.4879999999999995 0.0000000012713428
-0.4869999999999995 0.0000000012115845
-0.4859999999999995 0.0000000011354866
-0.4849999999999995 0.0000000010440485
-0.4839999999999995 0.0000000009384734
-0.4829999999999995 0.0000000008201526
-0.4819999999999995 0.0000000006906465
-0.4809999999999995 0.0000000005516632
-0.4799999999999995 0.0000000004050369
-0.4789999999999995 0.0000000002527017
-0.4779999999999995 0.0000000000966676
-0.4769999999999995 0.0000000000610073
-0.4759999999999995 0.0000000002182433
-0.4749999999999995 0.0000000003729672
-0.4739999999999995 0.0000000005231383
-0.4729999999999995 0.0000000006667770
-0.4719999999999995 0.0000000008019889
-0.4709999999999995 0.0000000009269906
-0.4699999999999995 0.0000000010401324
-0.4689999999999995 0.0000000011399199
-0.4679999999999995 0.0000000012250332
-0.4669999999999995 0.0000000012943441
-0.4659999999999995 0.0000000013469302
-0.4649999999999995 0.0000000013820868
-0.4639999999999995 0.0000000013993360
-0.4629999999999995 0.0000000013984323
-0.4619999999999995 0.0000000013793658
-0.4609999999999995 0.0000000013423618
-0.4599999999999995 0.0000000012878779
-0.4589999999999995 0.0000000012165975
-0.4579999999999995 0.0000000011294209
-0.4569999999999995 0.0000000010274537
-0.4559999999999995 0.0000000009119918
-0.4549999999999995 0.0000000007845051
-0.4539999999999995 0.0000000006466181
-0.4529999999999995 0.0000000005000888
-0.4519999999999995 0.0000000003467867
-0.4509999999999995 0.0000000001886679
-0.4499999999999995 0.0000000000277505
-0.4489999999999995 0.0000000001339113
-0.4479999999999995 0.0000000002942533
-0.4469999999999995 0.0000000004512281
-0.4459999999999995 0.0000000006028303
-0.4449999999999995 0.0000000007471231
-0.4439999999999995 0.0000000008822617
-0.4429999999999995 0.0000000010065172
-0.4419999999999995 0.0000000011182986
-0.4409999999999995 0.0000000012161721
-0.4399999999999995 0.0000000012988797
-0.4389999999999995 0.0000000013653549
-0.4379999999999995 0.0000000014147357
-0.4369999999999995 0.0000000014463758
-0.4359999999999995 0.0000000014598515
-0.4349999999999995 0.0000000014549683
-0.4339999999999995 0.0000000014317621
-0.4329999999999995 0.0000000013904991
-0.4319999999999995 0.0000000013316718
-0.4309999999999995 0.0000000012559935
-0.4299999999999995 0.0000000011643882
-0.4289999999999995 0.0000000010579799
-0.4279999999999995 0.0000000009380773
-0.4269999999999995 0.0000000008061588
-0.4259999999999995 0.0000000006638525
-0.4249999999999995 0.0000000005129168
-0.4239999999999995 0.0000000003552184
-0.4229999999999995 0.0000000001927083
-0.4219999999999995 0.0000000000273987
-0.4209999999999995 0.0000000001386633
-0.4199999999999995 0.0000000003034198
-0.4189999999999995 0.0000000004648281
-0.4179999999999995 0.0000000006208867
-0.4169999999999995 0.0000000007696583
-0.4159999999999995 0.0000000009092951
-0.4149999999999995 0.0000000010380610
-0.4139999999999995 0.0000000011543529
-0.4129999999999995 0.0000000012567203
-0.4119999999999995 0.0000000013438830
-0.4109999999999995 0.0000000014147470
-0.4099999999999995 0.0000000014684179
-0.4089999999999995 0.0000000015042110
-0.4079999999999995 0.0000000015216606
-0.4069999999999995 0.0000000015205248
-0.4059999999999995 0.0000000015007890
-0.4049999999999995 0.0000000014626652
-0.4039999999999995 0.0000000014065903
-0.4029999999999995 0.0000000013332200
-0.4019999999999995 0.0000000012434207
-0.4009999999999995 0.0000000011382597
-0.3999999999999995 0.0000000010189911
-0.3989999999999995 0.0000000008870413
-0.3979999999999995 0.0000000007439913
-0.3969999999999995 0.0000000005915576
-0.3959999999999995 0.0000000004315715
-0.3949999999999995 0.0000000002659568
-0.3939999999999995 0.0000000000967064
-0.3929999999999995 0.0000000000741412
-0.3919999999999995 0.0000000002445272
-0.3909999999999995 0.0000000004123968
-0.3899999999999995 0.0000000005757240
-0.3889999999999995 0.0000000007325361
-0.3879999999999995 0.0000000008809375
-0.3869999999999995 0.0000000010191319
-0.3859999999999995 0.0000000011454442
-0.3849999999999995 0.0000000012583407
-0.3839999999999995 0.0000000013564470
-0.3829999999999995 0.0000000014385647
-0.3819999999999995 0.0000000015036855
-0.3809999999999995 0.0000000015510035
-0.3799999999999994 0.0000000015799247
-0.3789999999999994 0.0000000015900735
-0.3779999999999994 0.0000000015812981
-0.3769999999999994 0.0000000015536714
-0.3759999999999994 0.0000000015074908
-0.3749999999999994 0.0000000014432743
-0.3739999999999994 0.0000000013617542
-0.3729999999999994 0.0000000012638688
-0.3719999999999994 0.0000000011507511
-0.3709999999999994 0.0000000010237152
-0.3699999999999994 0.0000000008842411
-0.3689999999999994 0.0000000007339570
-0.3679999999999994 0.0000000005746199
-0.3669999999999994 0.0000000004080956
-0.3659999999999994 0.0000000002363357
-0.3649999999999994 0.0000000000613554
-0.3639999999999994 0.0000000001147905
-0.3629999999999994 0.0000000002900319
-0.3619999999999994 0.0000000004623072
-0.3609999999999994 0.0000000006295882
-0.3599999999999994 0.0000000007899030
-0.3589999999999994 0.0000000009413603
-0.3579999999999994 0.0000000010821704
-0.3569999999999994 0.0000000012106667
-0.3559999999999994 0.0000000013253252
-0.3549999999999994 0.0000000014247823
-0.3539999999999994 0.0000000015078505
-0.3529999999999994 0.0000000015735324
-0.3519999999999994 0.0000000016210325
-0.3509999999999994 0.0000000016497662
-0.3499999999999994 0.0000000016593671
-0.3489999999999994 0.0000000016496905
-0.3479999999999994 0.0000000016208160
-0.3469999999999994 0.0000000015730462
-0.3459999999999994 0.0000000015069028
-0.3449999999999994 0.0000000014231215
-0.3439999999999994 0.0000000013226428
-0.3429999999999994 0.0000000012066015
-0.3419999999999994 0.0000000010763133
-0.3409999999999994 0.0000000009332600
-0.3399999999999994 0.0000000007790724
-0.3389999999999994 0.0000000006155110
-0.3379999999999994 0.0000000004444464
-0.3369999999999994 0.0000000002678374
-0.3359999999999994 0.0000000000877083
-0.3349999999999994 0.0000000000938737
-0.3339999999999994 0.0000000002748231
-0.3329999999999994 0.0000000004530593
-0.3319999999999994 0.0000000006265310
-0.3309999999999994 0.0000000007932399
-0.3299999999999994 0.0000000009512626
-0.3289999999999994 0.0000000010987737
-0.3279999999999994 0.0000000012340667
-0.3269999999999994 0.0000000013555727
-0.3259999999999994 0.0000000014618793
-0.3249999999999994 0.0000000015517460
-0.3239999999999994 0.0000000016241191
-0.3229999999999994 0.0000000016781431
-0.3219999999999994 0.0000000017131715
-0.3209999999999994 0.0000000017287731
-0.3199999999999994 0.0000000017247375
-0.3189999999999994 0.0000000017010777
-0.3179999999999994 0.0000000016580297
-0.3169999999999994 0.0000000015960501
-0.3159999999999994 0.0000000015158110
-0.3149999999999994 0.0000000014181923
-0.3139999999999994 0.0000000013042718
-0.3129999999999994 0.0000000011753133
-0.3119999999999994 0.0000000010327517
-0.3109999999999994 0.0000000008781778
-0.3099999999999994 0.0000000007133195
-0.3089999999999994 0.0000000005400227
-0.3079999999999994 0.0000000003602303
-0.3069999999999994 0.0000000001759608
-0.3059999999999994 0.0000000000107154
-0.3049999999999994 0.0000000001976982
-0.3039999999999994 0.0000000003828824
-0.3029999999999994 0.0000000005641809
-0.3019999999999994 0.0000000007395483
-0.3009999999999994 0.0000000009070038
-0.2999999999999994 0.0000000010646540
-0.2989999999999994 0.0000000012107132
-0.2979999999999994 0.0000000013435248
-0.2969999999999994 0.0000000014615787
-0.2959999999999994 0.0000000015635290
-0.2949999999999994 0.0000000016482090
-0.2939999999999994 0.0000000017146442
-0.2929999999999994 0.0000000017620636
-0.2919999999999994 0.0000000017899076
-0.2909999999999994 0.0000000017978353
-0.2899999999999994 0.0000000017857278
-0.2889999999999994 0.0000000017536899
-0.2879999999999994 0.0000000017020488
-0.2869999999999994 0.0000000016313503
-0.2859999999999994 0.0000000015423534
-0.2849999999999994 0.0000000014360215
-0.2839999999999994 0.0000000013135115
-0.2829999999999994 0.0000000011761619
-0.2819999999999994 0.0000000010254768
-0.2809999999999994 0.0000000008631099
-0.2799999999999994 0.0000000006908465
-0.2789999999999994 0.0000000005105826
-0.2779999999999994 0.0000000003243049
-0.2769999999999994 0.0000000001340684
-0.2759999999999994 0.0000000000580264
-0.2749999999999994 0.0000000002498564
-0.2739999999999994 0.0000000004393001
-0.2729999999999994 0.0000000006242606
-0.2719999999999994 0.0000000008026887
-0.2709999999999994 0.0000000009726061
-0.2699999999999994 0.0000000011321267
-0.2689999999999994 0.0000000012794777
-0.2679999999999993 0.0000000014130198
-0.2669999999999993 0.0000000015312639
-0.2659999999999993 0.0000000016328892
-0.2649999999999993 0.0000000017167563
-0.2639999999999993 0.0000000017819214
-0.2629999999999993 0.0000000018276452
-0.2619999999999993 0.0000000018534018
-0.2609999999999993 0.0000000018588847
-0.2599999999999993 0.0000000018440099
-0.2589999999999993 0.0000000018089169
-0.2579999999999993 0.0000000017539674
-0.2569999999999993 0.0000000016797410
-0.2559999999999993 0.0000000015870291
-0.2549999999999993 0.0000000014768264
-0.2539999999999993 0.0000000013503197
-0.2529999999999993 0.0000000012088749
-0.2519999999999993 0.0000000010540226
-0.2509999999999993 0.0000000008874406
-0.2499999999999993 0.0000000007109355
-0.2489999999999993 0.0000000005264241
-0.2479999999999993 0.0000000003359112
-0.2469999999999993 0.0000000001414683
-0.2459999999999993 0.0000000000547898
-0.2449999999999993 0.0000000002507272
-0.2439999999999993 0.0000000004442102
-0.2429999999999993 0.0000000006331315
-0.2419999999999993 0.0000000008154329
-0.2409999999999993 0.0000000009891266
-0.2399999999999993 0.0000000011523190
-0.2389999999999993 0.0000000013032294
-0.2379999999999993 0.0000000014402102
-0.2369999999999993 0.0000000015617653
-0.2359999999999993 0.0000000016665655
-0.2349999999999993 0.0000000017534630
-0.2339999999999993 0.0000000018215050
-0.2329999999999993 0.0000000018699427
-0.2319999999999993 0.0000000018982397
-0.2309999999999993 0.0000000019060787
-0.2299999999999993 0.0000000018933635
-0.2289999999999993 0.0000000018602211
-0.2279999999999993 0.0000000018069996
-0.2269999999999993 0.0000000017342649
-0.2259999999999993 0.0000000016427938
-0.2249999999999993 0.0000000015335666
-0.2239999999999993 0.0000000014077547
-0.2229999999999993 0.0000000012667096
-0.2219999999999993 0.0000000011119470
-0.2209999999999993 0.0000000009451310
-0.2199999999999993 0.0000000007680555
-0.2189999999999993 0.0000000005826246
-0.2179999999999993 0.0000000003908333
-0.2169999999999993 0.0000000001947435
-0.2159999999999993 0.0000000000035359
-0.2149999999999993 0.0000000002018739
-0.2139999999999993 0.0000000003981387
-0.2129999999999993 0.0000000005902220
-0.2119999999999993 0.0000000007760614
-0.2109999999999993 0.0000000009536624
-0.2099999999999993 0.0000000011211203
-0.2089999999999993 0.0000000012766402
-0.2079999999999993 0.0000000014185568
-0.2069999999999993 0.0000000015453520
-0.2059999999999993 0.0000000016556712
-0.2049999999999993 0.0000000017483376
-0.2039999999999993 0.0000000018223654
-0.2029999999999993 0.0000000018769694
-0.2019999999999993 0.0000000019115737
-0.2009999999999993 0.0000000019258175
-0.1999999999999993 0.0000000019195594
-0.1989999999999993 0.0000000018928775
-0.1979999999999993 0.0000000018460697
-0.1969999999999993 0.0000000017796491
-0.1959999999999993 0.0000000016943388
-0.1949999999999993 0.0000000015910636
-0.1939999999999993 0.0000000014709401
-0.1929999999999993 0.0000000013352645
-0.1919999999999993 0.0000000011854973
-0.1909999999999993 0.0000000010232492
-0.1899999999999993 0.0000000008502617
-0.1889999999999993 0.0000000006683897
-0.1879999999999993 0.0000000004795806
-0.1869999999999993 0.0000000002858530
-0.1859999999999993 0.0000000000892755
-0.1849999999999993 0.0000000001080561
-0.1839999999999993 0.0000000003040409
-0.1829999999999993 0.0000000004965960
-0.1819999999999993 0.0000000006836788
-0.1809999999999993 0.0000000008633083
-0.1799999999999993 0.0000000010335869
-0.1789999999999993 0.0000000011927207
-0.1779999999999993 0.0000000013390378
-0.1769999999999993 0.0000000014710069
-0.1759999999999993 0.0000000015872528
-0.1749999999999993 0.0000000016865712
-0.1739999999999993 0.0000000017679412
-0.1729999999999993 0.0000000018305363
-0.1719999999999993 0.0000000018737311
-0.1709999999999993 0.0000000018971101
-0.1699999999999993 0.0000000019004694
-0.1689999999999993 0.0000000018838203
-0.1679999999999993 0.0000000018473866
-0.1669999999999993 0.0000000017916035
-0.1659999999999993 0.0000000017171109
-0.1649999999999993 0.0000000016247471
-0.1639999999999993 0.0000000015155384
-0.1629999999999993 0.0000000013906882
-0.1619999999999993 0.0000000012515631
-0.1609999999999993 0.0000000010996776
-0.1599999999999993 0.0000000009366782
-0.1589999999999993 0.0000000007643242
-0.1579999999999993 0.0000000005844689
-0.1569999999999993 0.0000000003990400
-0.1559999999999993 0.0000000002100178
-0.1549999999999992 0.0000000000194136
-0.1539999999999992 0.0000000001707512
-0.1529999999999992 0.0000000003584675
-0.1519999999999992 0.0000000005417597
-0.1509999999999992 0.0000000007187079
-0.1499999999999992 0.0000000008874659
-0.1489999999999992 0.0000000010462834
-0.1479999999999992 0.0000000011935233
-0.1469999999999992 0.0000000013276787
-0.1459999999999992 0.0000000014473892
-0.1449999999999992 0.0000000015514540
-0.1439999999999992 0.0000000016388451
-0.1429999999999992 0.0000000017087172
-0.1419999999999992 0.0000000017604157
-0.1409999999999992 0.0000000017934835
-0.1399999999999992 0.0000000018076647
-0.1389999999999992 0.0000000018029058
-0.1379999999999992 0.0000000017793567
-0.1369999999999992 0.0000000017373666
-0.1359999999999992 0.0000000016774799
-0.1349999999999992 0.0000000016004296
-0.1339999999999992 0.0000000015071274
-0.1329999999999992 0.0000000013986542
-0.1319999999999992 0.0000000012762462
-0.1309999999999992 0.0000000011412816
-0.1299999999999992 0.0000000009952645
-0.1289999999999992 0.0000000008398076
-0.1279999999999992 0.0000000006766148
-0.1269999999999992 0.0000000005074614
-0.1259999999999992 0.0000000003341750
-0.1249999999999992 0.0000000001586152
-0.1239999999999992 0.0000000000173469
-0.1229999999999992 0.0000000001918489
-0.1219999999999992 0.0000000003630576
-0.1209999999999992 0.0000000005291882
-0.1199999999999992 0.0000000006885238
-0.1189999999999992 0.0000000008394335
-0.1179999999999992 0.0000000009803894
-0.1169999999999992 0.0000000011099828
-0.1159999999999992 0.0000000012269378
-0.1149999999999992 0.0000000013301251
-0.1139999999999992 0.0000000014185736
-0.1129999999999992 0.0000000014914781
-0.1119999999999992 0.0000000015482078
-0.1109999999999992 0.0000000015883127
-0.1099999999999992 0.0000000016115247
-0.1089999999999992 0.0000000016177613
-0.1079999999999992 0.0000000016071233
-0.1069999999999992 0.0000000015798930
-0.1059999999999992 0.0000000015365293
-0.1049999999999992 0.0000000014776604
-0.1039999999999992 0.0000000014040764
-0.1029999999999992 0.0000000013167186
-0.1019999999999992 0.0000000012166668
-0.1009999999999992 0.0000000011051279
-0.0999999999999992 0.0000000009834193
-0.0989999999999992 0.0000000008529548
-0.0979999999999992 0.0000000007152275
-0.0969999999999992 0.0000000005717916
-0.0959999999999992 0.0000000004242460
-0.0949999999999992 0.0000000002742147
-0.0939999999999992 0.0000000001233291
-0.0929999999999992 0.0000000000267896
-0.0919999999999992 0.0000000001745496
-0.0909999999999992 0.0000000003184053
-0.0899999999999992 0.0000000004568740
-0.0889999999999992 0.0000000005885511
-0.0879999999999992 0.0000000007121269
-0.0869999999999992 0.0000000008263972
-0.0859999999999992 0.0000000009302781
-0.0849999999999992 0.0000000010228153
-0.0839999999999992 0.0000000011031931
-0.0829999999999992 0.0000000011707425
-0.0819999999999992 0.0000000012249466
-0.0809999999999992 0.0000000012654434
-0.0799999999999992 0.0000000012920292
-0.0789999999999992 0.0000000013046576
-0.0779999999999992 0.0000000013034382
-0.0769999999999992 0.0000000012886339
-0.0759999999999992 0.0000000012606530
-0.0749999999999992 0.0000000012200455
-0.0739999999999992 0.0000000011674928
-0.0729999999999992 0.0000000011037982
-0.0719999999999992 0.0000000010298753
-0.0709999999999992 0.0000000009467370
-0.0699999999999992 0.0000000008554805
-0.0689999999999992 0.0000000007572740
-0.0679999999999992 0.0000000006533425
-0.0669999999999992 0.0000000005449509
-0.0659999999999992 0.0000000004333904
-0.0649999999999992 0.0000000003199611
-0.0639999999999992 0.0000000002059586
-0.0629999999999992 0.0000000000926563
-0.0619999999999992 0.0000000000187070
-0.0609999999999992 0.0000000001269422
-0.0599999999999992 0.0000000002309233
-0.0589999999999992 0.0000000003295986
-0.0579999999999992 0.0000000004220037
-0.0569999999999992 0.0000000005072691
-0.0559999999999992 0.0000000005846306
-0.0549999999999992 0.0000000006534351
-0.0539999999999992 0.0000000007131475
-0.0529999999999992 0.0000000007633542
-0.0519999999999992 0.0000000008037648
-0.0509999999999992 0.0000000008342144
-0.0499999999999992 0.0000000008546618
-0.0489999999999992 0.0000000008651877
-0.0479999999999992 0.0000000008659919
-0.0469999999999992 0.0000000008573865
-0.0459999999999992 0.0000000008397901
-0.0449999999999992 0.0000000008137201
-0.0439999999999992 0.0000000007797843
-0.0429999999999992 0.0000000007386701
-0.0419999999999991 0.0000000006911343
-0.0409999999999991 0.0000000006379912
-0.0399999999999991 0.0000000005801013
-0.0389999999999991 0.0000000005183585
-0.0379999999999991 0.0000000004536772
-0.0369999999999991 0.0000000003869807
-0.0359999999999991 0.0000000003191872
-0.0349999999999991 0.0000000002511990
-0.0339999999999991 0.0000000001838893
-0.0329999999999991 0.0000000001180933
-0.0319999999999991 0.0000000000545944
-0.0309999999999991 0.0000000000058819
-0.0299999999999991 0.0000000000626788
-0.0289999999999991 0.0000000001152148
-0.0279999999999991 0.0000000001629904
-0.0269999999999991 0.0000000002055922
-0.0259999999999991 0.0000000002426983
-0.0249999999999991 0.0000000002740785
-0.0239999999999991 0.0000000002995973
-0.0229999999999991 0.0000000003192125
-0.0219999999999991 0.0000000003329735
-0.0209999999999991 0.0000000003410184
-0.0199999999999991 0.0000000003435700
-0.0189999999999991 0.0000000003409302
-0.0179999999999991 0.0000000003334736
-0.0169999999999991 0.0000000003216397
-0.0159999999999991 0.0000000003059255
-0.0149999999999991 0.0000000002868747
-0.0139999999999991 0.0000000002650703
-0.0129999999999991 0.0000000002411218
-0.0119999999999991 0.0000000002156576
-0.0109999999999991 0.0000000001893128
-0.0099999999999991 0.0000000001627181
-0.0089999999999991 0.0000000001364913
-0.0079999999999991 0.0000000001112259
-0.0069999999999991 0.0000000000874815
-0.0059999999999991 0.0000000000657747
-0.0049999999999991 0.0000000000465722
-0.0039999999999991 0.0000000000302808
-0.0029999999999991 0.0000000000172440
-0.0019999999999991 0.0000000000077336
-0.0009999999999991 0.0000000000019472
0.0000000000000009 0.0000000000000053
0.0010000000000009 0.0000000000019472
0.0020000000000009 0.0000000000077336
0.0030000000000009 0.0000000000172439
0.0040000000000009 0.0000000000302811
0.0050000000000009 0.0000000000465723
0.0060000000000009 0.0000000000657752
0.0070000000000009 0.0000000000874817
0.0080000000000009 0.0000000001112263
0.0090000000000009 0.0000000001364917
0.0100000000000009 0.0000000001627184
0.0110000000000009 0.0000000001893130
0.0120000000000009 0.0000000002156578
0.0130000000000009 0.0000000002411220
0.0140000000000009 0.0000000002650703
0.0150000000000009 0.0000000002868751
0.0160000000000009 0.0000000003059255
0.0170000000000009 0.0000000003216399
0.0180000000000009 0.0000000003334739
0.0190000000000009 0.0000000003409304
0.0200000000000009 0.0000000003435700
0.0210000000000009 0.0000000003410183
0.0220000000000009 0.0000000003329734
0.0230000000000009 0.0000000003192125
0.0240000000000009 0.0000000002995972
0.0250000000000009 0.0000000002740781
0.0260000000000009 0.0000000002426980
0.0270000000000009 0.0000000002055920
0.0280000000000009 0.0000000001629898
0.0290000000000009 0.0000000001152145
0.0300000000000009 0.0000000000626782
0.0310000000000009 0.0000000000058812
0.0320000000000009 0.0000000000545951
0.0330000000000009 0.0000000001180940
0.0340000000000009 0.0000000001838901
0.0350000000000009 0.0000000002511995
0.0360000000000009 0.0000000003191880
0.0370000000000009 0.0000000003869813
0.0380000000000009 0.0000000004536780
0.0390000000000009 0.0000000005183591
0.0400000000000009 0.0000000005801020
0.0410000000000009 0.0000000006379915
0.0420000000000009 0.0000000006911348
0.0430000000000009 0.0000000007386707
0.0440000000000009 0.0000000007797848
0.0450000000000009 0.0000000008137202
0.0460000000000009 0.0000000008397901
0.0470000000000009 0.0000000008573865
0.0480000000000009 0.0000000008659919
0.0490000000000009 0.0000000008651876
0.0500000000000009 0.0000000008546612
0.0510000000000009 0.0000000008342138
0.0520000000000009 0.0000000008037642
0.0530000000000009 0.0000000007633535
0.0540000000000009 0.0000000007131469
0.0550000000000009 0.0000000006534341
0.0560000000000009 0.0000000005846293
0.0570000000000009 0.0000000005072679
0.0580000000000009 0.0000000004220021
0.0590000000000009 0.0000000003295972
0.0600000000000009 0.0000000002309216
0.0610000000000009 0.0000000001269406
0.0620000000000009 0.0000000000187051
0.0630000000000009 0.0000000000926581
0.0640000000000009 0.0000000002059604
0.0650000000000009 0.0000000003199631
0.0660000000000009 0.0000000004333922
0.0670000000000009 0.0000000005449529
0.0680000000000009 0.0000000006533445
0.0690000000000009 0.0000000007572759
0.0700000000000009 0.0000000008554821
0.0710000000000009 0.0000000009467387
0.0720000000000009 0.0000000010298770
0.0730000000000009 0.0000000011037995
0.0740000000000009 0.0000000011674939
0.0750000000000009 0.0000000012200466
0.0760000000000009 0.0000000012606540
0.0770000000000009 0.0000000012886343
0.0780000000000009 0.0000000013034387
0.0790000000000009 0.0000000013046576
0.0800000000000009 0.0000000012920288
0.0810000000000009 0.0000000012654429
0.0820000000000009 0.0000000012249457
0.0830000000000009 0.0000000011707414
0.0840000000000009 0.0000000011031914
0.0850000000000009 0.0000000010228135
0.0860000000000010 0.0000000009302760
0.0870000000000010 0.0000000008263946
0.0880000000000010 0.0000000007121240
0.0890000000000010 0.0000000005885480
0.0900000000000010 0.0000000004568702
0.0910000000000010 0.0000000003184013
0.0920000000000010 0.0000000001745454
0.0930000000000010 0.0000000000267849
0.0940000000000010 0.0000000001233342
0.0950000000000010 0.0000000002742199
0.0960000000000010 0.0000000004242515
0.0970000000000010 0.0000000005717975
0.0980000000000010 0.0000000007152337
0.0990000000000010 0.0000000008529613
0.1000000000000010 0.0000000009834257
0.1010000000000010 0.0000000011051345
0.1020000000000010 0.0000000012166735
0.1030000000000010 0.0000000013167255
0.1040000000000010 0.0000000014040834
0.1050000000000010 0.0000000014776674
0.1060000000000010 0.0000000015365360
0.1070000000000010 0.0000000015798998
0.1080000000000010 0.0000000016071298
0.1090000000000010 0.0000000016177678
0.1100000000000010 0.0000000016115311
0.1110000000000010 0.0000000015883188
0.1120000000000010 0.0000000015482139
0.1130000000000010 0.0000000014914837
0.1140000000000010 0.0000000014185789
0.1150000000000010 0.0000000013301300
0.1160000000000010 0.0000000012269423
0.1170000000000010 0.0000000011099870
0.1180000000000010 0.0000000009803933
0.1190000000000010 0.0000000008394371
0.1200000000000010 0.0000000006885267
0.1210000000000010 0.0000000005291906
0.1220000000000010 0.0000000003630594
0.1230000000000010 0.0000000001918501
0.1240000000000010 0.0000000000173475
0.1250000000000010 0.0000000001586150
0.1260000000000010 0.0000000003341755
0.1270000000000010 0.0000000005074622
0.1280000000000010 0.0000000006766160
0.1290000000000010 0.0000000008398096
0.1300000000000010 0.0000000009952668
0.1310000000000010 0.0000000011412845
0.1320000000000010 0.0000000012762493
0.1330000000000010 0.0000000013986577
0.1340000000000010 0.0000000015071315
0.1350000000000010 0.0000000016004340
0.1360000000000010 0.0000000016774847
0.1370000000000010 0.0000000017373717
0.1380000000000010 0.0000000017793620
0.1390000000000010 0.0000000018029114
0.1400000000000010 0.0000000018076703
0.1410000000000010 0.0000000017934895
0.1420000000000010 0.0000000017604217
0.1430000000000010 0.0000000017087233
0.1440000000000010 0.0000000016388514
0.1450000000000010 0.0000000015514603
0.1460000000000010 0.0000000014473954
0.1470000000000010 0.0000000013276851
0.1480000000000010 0.0000000011935294
0.1490000000000010 0.0000000010462893
0.1500000000000010 0.0000000008874717
0.1510000000000010 0.0000000007187132
0.1520000000000010 0.0000000005417652
0.1530000000000010 0.0000000003584726
0.1540000000000010 0.0000000001707561
0.1550000000000010 0.0000000000194091
0.1560000000000010 0.0000000002100137
0.1570000000000010 0.0000000003990361
0.1580000000000010 0.0000000005844654
0.1590000000000010 0.0000000007643208
0.1600000000000010 0.0000000009366753
0.1610000000000010 0.0000000010996751
0.1620000000000010 0.0000000012515609
0.1630000000000010 0.0000000013906866
0.1640000000000010 0.0000000015155369
0.1650000000000010 0.0000000016247460
0.1660000000000010 0.0000000017171100
0.1670000000000010 0.0000000017916030
0.1680000000000010 0.0000000018473865
0.1690000000000010 0.0000000018838203
0.1700000000000010 0.0000000019004698
0.1710000000000010 0.0000000018971105
0.1720000000000010 0.0000000018737317
0.1730000000000010 0.0000000018305371
0.1740000000000010 0.0000000017679422
0.1750000000000010 0.0000000016865721
0.1760000000000010 0.0000000015872539
0.1770000000000010 0.0000000014710079
0.1780000000000010 0.0000000013390390
0.1790000000000010 0.0000000011927218
0.1800000000000010 0.0000000010335879
0.1810000000000010 0.0000000008633091
0.1820000000000010 0.0000000006836794
0.1830000000000010 0.0000000004965967
0.1840000000000010 0.0000000003040413
0.1850000000000010 0.0000000001080562
0.1860000000000010 0.0000000000892754
0.1870000000000010 0.0000000002858532
0.1880000000000010 0.0000000004795810
0.1890000000000010 0.0000000006683903
0.1900000000000010 0.0000000008502625
0.1910000000000010 0.0000000010232503
0.1920000000000010 0.0000000011854988
0.1930000000000010 0.0000000013352662
0.1940000000000010 0.0000000014709421
0.1950000000000010 0.0000000015910659
0.1960000000000010 0.0000000016943413
0.1970000000000010 0.0000000017796519
0.1980000000000010 0.0000000018460727
0.1990000000000010 0.0000000018928809
0.2000000000000010 0.0000000019195628
0.2010000000000010 0.0000000019258211
0.2020000000000010 0.0000000019115773
0.2030000000000010 0.0000000018769731
0.2040000000000010 0.0000000018223694
0.2050000000000010 0.0000000017483416
0.2060000000000010 0.0000000016556751
0.2070000000000010 0.0000000015453559
0.2080000000000010 0.0000000014185607
0.2090000000000010 0.0000000012766441
0.2100000000000010 0.0000000011211240
0.2110000000000010 0.0000000009536660
0.2120000000000010 0.0000000007760648
0.2130000000000010 0.0000000005902252
0.2140000000000011 0.0000000003981416
0.2150000000000011 0.0000000002018766
0.2160000000000011 0.0000000000035384
0.2170000000000011 0.0000000001947414
0.2180000000000011 0.0000000003908313
0.2190000000000011 0.0000000005826232
0.2200000000000011 0.0000000007680543
0.2210000000000011 0.0000000009451303
0.2220000000000011 0.0000000011119467
0.2230000000000011 0.0000000012667097
0.2240000000000011 0.0000000014077552
0.2250000000000011 0.0000000015335674
0.2260000000000011 0.0000000016427952
0.2270000000000011 0.0000000017342665
0.2280000000000011 0.0000000018070017
0.2290000000000011 0.0000000018602234
0.2300000000000011 0.0000000018933663
0.2310000000000011 0.0000000019060817
0.2320000000000011 0.0000000018982433
0.2330000000000011 0.0000000018699465
0.2340000000000011 0.0000000018215091
0.2350000000000011 0.0000000017534674
0.2360000000000011 0.0000000016665699
0.2370000000000011 0.0000000015617700
0.2380000000000011 0.0000000014402151
0.2390000000000011 0.0000000013032342
0.2400000000000011 0.0000000011523241
0.2410000000000011 0.0000000009891317
0.2420000000000011 0.0000000008154381
0.2430000000000011 0.0000000006331368
0.2440000000000011 0.0000000004442153
0.2450000000000011 0.0000000002507321
0.2460000000000011 0.0000000000547947
0.2470000000000011 0.0000000001414636
0.2480000000000011 0.0000000003359068
0.2490000000000011 0.0000000005264200
0.2500000000000011 0.0000000007109315
0.2510000000000011 0.0000000008874367
0.2520000000000011 0.0000000010540192
0.2530000000000011 0.0000000012088717
0.2540000000000011 0.0000000013503168
0.2550000000000011 0.0000000014768239
0.2560000000000011 0.0000000015870269
0.2570000000000011 0.0000000016797391
0.2580000000000011 0.0000000017539660
0.2590000000000011 0.0000000018089159
0.2600000000000011 0.0000000018440092
0.2610000000000011 0.0000000018588843
0.2620000000000011 0.0000000018534018
0.2630000000000011 0.0000000018276455
0.2640000000000011 0.0000000017819221
0.2650000000000011 0.0000000017167575
0.2660000000000011 0.0000000016328905
0.2670000000000011 0.0000000015312654
0.2680000000000011 0.0000000014130217
0.2690000000000011 0.0000000012794799
0.2700000000000011 0.0000000011321290
0.2710000000000011 0.0000000009726086
0.2720000000000011 0.0000000008026913
0.2730000000000011 0.0000000006242633
0.2740000000000011 0.0000000004393030
0.2750000000000011 0.0000000002498592
0.2760000000000011 0.0000000000580293
0.2770000000000011 0.0000000001340655
0.2780000000000011 0.0000000003243018
0.2790000000000011 0.0000000005105796
0.2800000000000011 0.0000000006908437
0.2810000000000011 0.0000000008631073
0.2820000000000011 0.0000000010254742
0.2830000000000011 0.0000000011761594
0.2840000000000011 0.0000000013135093
0.2850000000000011 0.0000000014360194
0.2860000000000011 0.0000000015423516
0.2870000000000011 0.0000000016313488
0.2880000000000011 0.0000000017020474
0.2890000000000011 0.0000000017536889
0.2900000000000011 0.0000000017857270
0.2910000000000011 0.0000000017978347
0.2920000000000011 0.0000000017899072
0.2930000000000011 0.0000000017620634
0.2940000000000011 0.0000000017146445
0.2950000000000011 0.0000000016482094
0.2960000000000011 0.0000000015635298
0.2970000000000011 0.0000000014615795
0.2980000000000011 0.0000000013435258
0.2990000000000011 0.0000000012107145
0.3000000000000011 0.0000000010646554
0.3010000000000011 0.0000000009070054
0.3020000000000011 0.0000000007395500
0.3030000000000011 0.0000000005641828
0.3040000000000011 0.0000000003828844
0.3050000000000011 0.0000000001977002
0.3060000000000011 0.0000000000107174
0.3070000000000011 0.0000000001759587
0.3080000000000011 0.0000000003602283
0.3090000000000011 0.0000000005400206
0.3100000000000011 0.0000000007133175
0.3110000000000011 0.0000000008781759
0.3120000000000011 0.0000000010327498
0.3130000000000011 0.0000000011753114
0.3140000000000011 0.0000000013042702
0.3150000000000011 0.0000000014181908
0.3160000000000011 0.0000000015158096
0.3170000000000011 0.0000000015960488
0.3180000000000011 0.0000000016580286
0.3190000000000011 0.0000000017010767
0.3200000000000011 0.0000000017247368
0.3210000000000011 0.0000000017287726
0.3220000000000011 0.0000000017131713
0.3230000000000011 0.0000000016781430
0.3240000000000011 0.0000000016241191
0.3250000000000011 0.0000000015517462
0.3260000000000011 0.0000000014618797
0.3270000000000011 0.0000000013555733
0.3280000000000011 0.0000000012340674
0.3290000000000011 0.0000000010987746
0.3300000000000011 0.0000000009512635
0.3310000000000011 0.0000000007932410
0.3320000000000011 0.0000000006265323
0.3330000000000011 0.0000000004530607
0.3340000000000011 0.0000000002748245
0.3350000000000011 0.0000000000938752
0.3360000000000011 0.0000000000877067
0.3370000000000011 0.0000000002678357
0.3380000000000011 0.0000000004444448
0.3390000000000011 0.0000000006155094
0.3400000000000011 0.0000000007790709
0.3410000000000011 0.0000000009332585
0.3420000000000011 0.0000000010763118
0.3430000000000011 0.0000000012066002
0.3440000000000011 0.0000000013226416
0.3450000000000011 0.0000000014231203
0.3460000000000011 0.0000000015069017
0.3470000000000011 0.0000000015730452
0.3480000000000011 0.0000000016208153
0.3490000000000011 0.0000000016496898
0.3500000000000011 0.0000000016593665
0.3510000000000011 0.0000000016497658
0.3520000000000011 0.0000000016210322
0.3530000000000011 0.0000000015735323
0.3540000000000011 0.0000000015078505
0.3550000000000011 0.0000000014247826
0.3560000000000011 0.0000000013253256
0.3570000000000011 0.0000000012106671
0.3580000000000012 0.0000000010821709
0.3590000000000012 0.0000000009413610
0.3600000000000012 0.0000000007899039
0.3610000000000012 0.0000000006295890
0.3620000000000012 0.0000000004623082
0.3630000000000012 0.0000000002900331
0.3640000000000012 0.0000000001147918
0.3650000000000012 0.0000000000613541
0.3660000000000012 0.0000000002363345
0.3670000000000012 0.0000000004080943
0.3680000000000012 0.0000000005746187
0.3690000000000012 0.0000000007339557
0.3700000000000012 0.0000000008842398
0.3710000000000012 0.0000000010237140
0.3720000000000012 0.0000000011507499
0.3730000000000012 0.0000000012638677
0.3740000000000012 0.0000000013617531
0.3750000000000012 0.0000000014432733
0.3760000000000012 0.0000000015074900
0.3770000000000012 0.0000000015536707
0.3780000000000012 0.0000000015812974
0.3790000000000012 0.0000000015900730
0.3800000000000012 0.0000000015799242
0.3810000000000012 0.0000000015510032
0.3820000000000012 0.0000000015036853
0.3830000000000012 0.0000000014385645
0.3840000000000012 0.0000000013564470
0.3850000000000012 0.0000000012583408
0.3860000000000012 0.0000000011454444
0.3870000000000012 0.0000000010191322
0.3880000000000012 0.0000000008809379
0.3890000000000012 0.0000000007325366
0.3900000000000012 0.0000000005757245
0.3910000000000012 0.0000000004123973
0.3920000000000012 0.0000000002445278
0.3930000000000012 0.0000000000741419
0.3940000000000012 0.0000000000967057
0.3950000000000012 0.0000000002659560
0.3960000000000012 0.0000000004315708
0.3970000000000012 0.0000000005915569
0.3980000000000012 0.0000000007439905
0.3990000000000012 0.0000000008870405
0.4000000000000012 0.0000000010189904
0.4010000000000012 0.0000000011382590
0.4020000000000012 0.0000000012434201
0.4030000000000012 0.0000000013332193
0.4040000000000012 0.0000000014065897
0.4050000000000012 0.0000000014626647
0.4060000000000012 0.0000000015007884
0.4070000000000012 0.0000000015205244
0.4080000000000012 0.0000000015216602
0.4090000000000012 0.0000000015042107
0.4100000000000012 0.0000000014684176
0.4110000000000012 0.0000000014147468
0.4120000000000012 0.0000000013438827
0.4130000000000012 0.0000000012567200
0.4140000000000012 0.0000000011543528
0.4150000000000012 0.0000000010380609
0.4160000000000012 0.0000000009092950
0.4170000000000012 0.0000000007696582
0.4180000000000012 0.0000000006208866
0.4190000000000012 0.0000000004648281
0.4200000000000012 0.0000000003034197
0.4210000000000012 0.0000000001386632
0.4220000000000012 0.0000000000273988
0.4230000000000012 0.0000000001927085
0.4240000000000012 0.0000000003552186
0.4250000000000012 0.0000000005129172
0.4260000000000012 0.0000000006638528
0.4270000000000012 0.0000000008061591
0.4280000000000012 0.0000000009380778
0.4290000000000012 0.0000000010579803
0.4300000000000012 0.0000000011643889
0.4310000000000012 0.0000000012559941
0.4320000000000012 0.0000000013316725
0.4330000000000012 0.0000000013904998
0.4340000000000012 0.0000000014317629
0.4350000000000012 0.0000000014549691
0.4360000000000012 0.0000000014598524
0.4370000000000012 0.0000000014463767
0.4380000000000012 0.0000000014147368
0.4390000000000012 0.0000000013653559
0.4400000000000012 0.0000000012988807
0.4410000000000012 0.0000000012161731
0.4420000000000012 0.0000000011182996
0.4430000000000012 0.0000000010065182
0.4440000000000012 0.0000000008822626
0.4450000000000012 0.0000000007471240
0.4460000000000012 0.0000000006028311
0.4470000000000012 0.0000000004512287
0.4480000000000012 0.0000000002942539
0.4490000000000012 0.0000000001339118
0.4500000000000012 0.0000000000277501
0.4510000000000012 0.0000000001886677
0.4520000000000012 0.0000000003467867
0.4530000000000012 0.0000000005000890
0.4540000000000012 0.0000000006466184
0.4550000000000012 0.0000000007845056
0.4560000000000012 0.0000000009119925
0.4570000000000012 0.0000000010274546
0.4580000000000012 0.0000000011294220
0.4590000000000012 0.0000000012165988
0.4600000000000012 0.0000000012878794
0.4610000000000012 0.0000000013423635
0.4620000000000012 0.0000000013793677
0.4630000000000012 0.0000000013984343
0.4640000000000012 0.0000000013993382
0.4650000000000012 0.0000000013820892
0.4660000000000012 0.0000000013469327
0.4670000000000012 0.0000000012943469
0.4680000000000012 0.0000000012250360
0.4690000000000012 0.0000000011399228
0.4700000000000013 0.0000000010401353
0.4710000000000013 0.0000000009269936
0.4720000000000013 0.0000000008019920
0.4730000000000013 0.0000000006667800
0.4740000000000013 0.0000000005231414
0.4750000000000013 0.0000000003729700
0.4760000000000013 0.0000000002182463
0.4770000000000013 0.0000000000610102
0.4780000000000013 0.0000000000966649
0.4790000000000013 0.0000000002526991
0.4800000000000013 0.0000000004050345
0.4810000000000013 0.0000000005516611
0.4820000000000013 0.0000000006906444
0.4830000000000013 0.0000000008201509
0.4840000000000013 0.0000000009384719
0.4850000000000013 0.0000000010440473
0.4860000000000013 0.0000000011354857
0.4870000000000013 0.0000000012115839
0.4880000000000013 0.0000000012713425
0.4890000000000013 0.0000000013139800
0.4900000000000013 0.0000000013389435
0.4910000000000013 0.0000000013459163
0.4920000000000013 0.0000000013348225
0.4930000000000013 0.0000000013058288
0.4940000000000013 0.0000000012593419
0.4950000000000013 0.0000000011960043
0.4960000000000013 0.0000000011166852
0.4970000000000013 0.0000000010224701
0.4980000000000013 0.0000000009146454
0.4990000000000013 0.0000000007946825
0.5000000000000012 0.0000000006642175
0.5010000000000012 0.0000000005250294
0.5020000000000012 0.0000000003790166
0.5030000000000012 0.0000000002281708
0.5040000000000012 0.0000000000745505
0.5050000000000012 0.0000000000797469
0.5060000000000012 0.0000000002326138
0.5070000000000012 0.0000000003819612
0.5080000000000012 0.0000000005257473
0.5090000000000012 0.0000000006620052
0.5100000000000012 0.0000000007888702
0.5110000000000012 0.0000000009046059
0.5120000000000012 0.0000000010076278
0.5130000000000012 0.0000000010965257
0.5140000000000012 0.0000000011700836
0.5150000000000012 0.0000000012272963
0.5160000000000012 0.0000000012673846
0.5170000000000012 0.0000000012898057
0.5180000000000012 0.0000000012942614
0.5190000000000012 0.0000000012807035
0.5200000000000012 0.0000000012493339
0.5210000000000012 0.0000000012006028
0.5220000000000012 0.0000000011352032
0.5230000000000012 0.0000000010540614
0.5240000000000012 0.0000000009583245
0.5250000000000012 0.0000000008493451
0.5260000000000012 0.0000000007286627
0.5270000000000012 0.0000000005979823
0.5280000000000012 0.0000000004591511
0.5290000000000012 0.0000000003141326
0.5300000000000012 0.0000000001649790
0.5310000000000012 0.0000000000138033
0.5320000000000012 0.0000000001372518
0.5330000000000013 0.0000000002860432
0.5340000000000013 0.0000000004304580
0.5350000000000013 0.0000000005684435
0.5360000000000013 0.0000000006980373
0.5370000000000013 0.0000000008173943
0.5380000000000013 0.0000000009248140
0.5390000000000013 0.0000000010187653
0.5400000000000013 0.0000000010979085
0.5410000000000013 0.0000000011611149
0.5420000000000013 0.0000000012074838
0.5430000000000013 0.0000000012363562
0.5440000000000013 0.0000000012473241
0.5450000000000013 0.0000000012402382
0.5460000000000013 0.0000000012152095
0.5470000000000013 0.0000000011726093
0.5480000000000013 0.0000000011130643
0.5490000000000013 0.0000000010374476
0.5500000000000013 0.0000000009468677
0.5510000000000013 0.0000000008426519
0.5520000000000013 0.0000000007263283
0.5530000000000013 0.0000000005996038
0.5540000000000013 0.0000000004643395
0.5550000000000013 0.0000000003225241
0.5560000000000013 0.0000000001762449
0.5570000000000013 0.0000000000276574
0.5580000000000013 0.0000000001210464
0.5590000000000013 0.0000000002676696
0.5600000000000013 0.0000000004100435
0.5610000000000013 0.0000000005460596
0.5620000000000013 0.0000000006737008
0.5630000000000013 0.0000000007910718
0.5640000000000013 0.0000000008964276
0.5650000000000013 0.0000000009882000
0.5660000000000013 0.0000000010650214
0.5670000000000013 0.0000000011257458
0.5680000000000013 0.0000000011694671
0.5690000000000013 0.0000000011955327
0.5700000000000013 0.0000000012035545
0.5710000000000013 0.0000000011934155
0.5720000000000013 0.0000000011652727
0.5730000000000013 0.0000000011195552
0.5740000000000013 0.0000000010569583
0.5750000000000013 0.0000000009784349
0.5760000000000013 0.0000000008851808
0.5770000000000013 0.0000000007786179
0.5780000000000013 0.0000000006603731
0.5790000000000013 0.0000000005322542
0.5800000000000013 0.0000000003962228
0.5810000000000013 0.0000000002543651
0.5820000000000013 0.0000000001088600
0.5830000000000013 0.0000000000380540
0.5840000000000013 0.0000000001841126
0.5850000000000013 0.0000000003270613
0.5860000000000013 0.0000000004646893
0.5870000000000013 0.0000000005948648
0.5880000000000013 0.0000000007155675
0.5890000000000013 0.0000000008249210
0.5900000000000013 0.0000000009212218
0.5910000000000013 0.0000000010029671
0.5920000000000013 0.0000000010688788
0.5930000000000013 0.0000000011179239
0.5940000000000013 0.0000000011493323
0.5950000000000013 0.0000000011626092
0.5960000000000013 0.0000000011575442
0.5970000000000013 0.0000000011342158
0.5980000000000013 0.0000000010929909
0.5990000000000013 0.0000000010345204
0.6000000000000013 0.0000000009597298
0.6010000000000013 0.0000000008698058
0.6020000000000013 0.0000000007661782
0.6030000000000013 0.0000000006504981
0.6040000000000013 0.0000000005246126
0.6050000000000013 0.0000000003905359
0.6060000000000013 0.0000000002504177
0.6070000000000013 0.0000000001065095
0.6080000000000013 0.0000000000388718
0.6090000000000013 0.0000000001833803
0.6100000000000013 0.0000000003246791
0.6110000000000013 0.0000000004604783
0.6120000000000013 0.0000000005885720
0.6130000000000013 0.0000000007068747
0.6140000000000013 0.0000000008134557
0.6150000000000013 0.0000000009065711
0.6160000000000013 0.0000000009846930
0.6170000000000013 0.0000000010465360
0.6180000000000013 0.0000000010910784
0.6190000000000013 0.0000000011175810
0.6200000000000013 0.0000000011255998
0.6210000000000013 0.0000000011149952
0.6220000000000013 0.0000000010859354
0.6230000000000013 0.0000000010388947
0.6240000000000013 0.0000000009746476
0.6250000000000013 0.0000000008942567
0.6260000000000013 0.0000000007990567
0.6270000000000013 0.0000000006906331
0.6280000000000013 0.0000000005707969
0.6290000000000013 0.0000000004415553
0.6300000000000013 0.0000000003050789
0.6310000000000013 0.0000000001636658
0.6320000000000013 0.0000000000197037
0.6330000000000013 0.0000000001243706
0.6340000000000013 0.0000000002661116
0.6350000000000013 0.0000000004031069
0.6360000000000013 0.0000000005330187
0.6370000000000013 0.0000000006536232
0.6380000000000013 0.0000000007628504
0.6390000000000013 0.0000000008588189
0.6400000000000013 0.0000000009398701
0.6410000000000013 0.0000000010045978
0.6420000000000013 0.0000000010518730
0.6430000000000013 0.0000000010808655
0.6440000000000013 0.0000000010910596
0.6450000000000014 0.0000000010822644
0.6460000000000014 0.0000000010546191
0.6470000000000014 0.0000000010085920
0.6480000000000014 0.0000000009449745
0.6490000000000014 0.0000000008648682
0.6500000000000014 0.0000000007696678
0.6510000000000014 0.0000000006610381
0.6520000000000014 0.0000000005408857
0.6530000000000014 0.0000000004113267
0.6540000000000014 0.0000000002746510
0.6550000000000014 0.0000000001332816
0.6560000000000014 0.0000000000102670
0.6570000000000014 0.0000000001534334
0.6580000000000014 0.0000000002936548
0.6590000000000014 0.0000000004284130
0.6600000000000014 0.0000000005552794
0.6610000000000014 0.0000000006719601
0.6620000000000014 0.0000000007763370
0.6630000000000014 0.0000000008665075
0.6640000000000014 0.0000000009408207
0.6650000000000014 0.0000000009979080
0.6660000000000014 0.0000000010367103
0.6670000000000014 0.0000000010564986
0.6680000000000014 0.0000000010568899
0.6690000000000014 0.0000000010378555
0.6700000000000014 0.0000000009997244
0.6710000000000014 0.0000000009431787
0.6720000000000014 0.0000000008692438
0.6730000000000014 0.0000000007792705
0.6740000000000014 0.0000000006749131
0.6750000000000014 0.0000000005580994
0.6760000000000014 0.0000000004309974
0.6770000000000014 0.0000000002959752
0.6780000000000014 0.0000000001555586
0.6790000000000014 0.0000000000123844
0.6800000000000014 0.0000000001308486
0.6810000000000014 0.0000000002714302
0.6820000000000014 0.0000000004066903
0.6830000000000014 0.0000000005340490
0.6840000000000014 0.0000000006510675
0.6850000000000014 0.0000000007554947
0.6860000000000014 0.0000000008453116
0.6870000000000014 0.0000000009187719
0.6880000000000014 0.0000000009744370
0.6890000000000014 0.0000000010112061
0.6900000000000014 0.0000000010283394
0.6910000000000014 0.0000000010254752
0.6920000000000014 0.0000000010026394
0.6930000000000014 0.0000000009602472
0.6940000000000014 0.0000000008990985
0.6950000000000014 0.0000000008203639
0.6960000000000014 0.0000000007255651
0.6970000000000014 0.0000000006165468
0.6980000000000014 0.0000000004954428
0.6990000000000014 0.0000000003646359
0.7000000000000014 0.0000000002267118
0.7010000000000014 0.0000000000844098
0.7020000000000014 0.0000000000594314
0.7030000000000014 0.0000000002019296
0.7040000000000014 0.0000000003402165
0.7050000000000014 0.0000000004714957
0.7060000000000014 0.0000000005931000
0.7070000000000014 0.0000000007025457
0.7080000000000014 0.0000000007975848
0.7090000000000014 0.0000000008762526
0.7100000000000014 0.0000000009369096
0.7110000000000014 0.0000000009782781
0.7120000000000014 0.0000000009994704
0.7130000000000014 0.0000000010000109
0.7140000000000014 0.0000000009798484
0.7150000000000014 0.0000000009393611
0.7160000000000014 0.0000000008793512
0.7170000000000014 0.0000000008010326
0.7180000000000014 0.0000000007060079
0.7190000000000014 0.0000000005962381
0.7200000000000014 0.0000000004740047
0.7210000000000014 0.0000000003418634
0.7220000000000014 0.0000000002025928
0.7230000000000014 0.0000000000591372
0.7240000000000014 0.0000000000854550
0.7250000000000014 0.0000000002280949
0.7260000000000014 0.0000000003657197
0.7270000000000014 0.0000000004953581
0.7280000000000014 0.0000000006141953
0.7290000000000014 0.0000000007196348
0.7300000000000014 0.0000000008093571
0.7310000000000014 0.0000000008813721
0.7320000000000014 0.0000000009340652
0.7330000000000014 0.0000000009662364
0.7340000000000014 0.0000000009771296
0.7350000000000014 0.0000000009664535
0.7360000000000014 0.0000000009343921
0.7370000000000014 0.0000000008816046
0.7380000000000014 0.0000000008092153
0.7390000000000014 0.0000000007187923
0.7400000000000014 0.0000000006123166
0.7410000000000014 0.0000000004921416
0.7420000000000014 0.0000000003609429
0.7430000000000014 0.0000000002216613
0.7440000000000014 0.0000000000774386
0.7450000000000014 0.0000000000684525
0.7460000000000014 0.0000000002126813
0.7470000000000014 0.0000000003519354
0.7480000000000014 0.0000000004829964
0.7490000000000014 0.0000000006028151
0.7500000000000014 0.0000000007085842
0.7510000000000014 0.0000000007978052
0.7520000000000014 0.0000000008683498
0.7530000000000014 0.0000000009185130
0.7540000000000014 0.0000000009470577
0.7550000000000014 0.0000000009532482
0.7560000000000014 0.0000000009368724
0.7570000000000014 0.0000000008982521
0.7580000000000015 0.0000000008382410
0.7590000000000015 0.0000000007582092
0.7600000000000015 0.0000000006600162
0.7610000000000015 0.0000000005459705
0.7620000000000015 0.0000000004187794
0.7630000000000015 0.0000000002814866
0.7640000000000015 0.0000000001374026
0.7650000000000015 0.0000000000099739
0.7660000000000015 0.0000000001570392
0.7670000000000015 0.0000000003001725
0.7680000000000015 0.0000000004358246
0.7690000000000015 0.0000000005606068
0.7700000000000015 0.0000000006713768
0.7710000000000015 0.0000000007653196
0.7720000000000015 0.0000000008400219
0.7730000000000015 0.0000000008935368
0.7740000000000015 0.0000000009244386
0.7750000000000015 0.0000000009318641
0.7760000000000015 0.0000000009155413
0.7770000000000015 0.0000000008758031
0.7780000000000015 0.0000000008135853
0.7790000000000015 0.0000000007304098
0.7800000000000015 0.0000000006283515
0.7810000000000015 0.0000000005099919
0.7820000000000015 0.0000000003783566
0.7830000000000015 0.0000000002368424
0.7840000000000015 0.0000000000891319
0.7850000000000015 0.0000000000608995
0.7860000000000015 0.0000000002092846
0.7870000000000015 0.0000000003520680
0.7880000000000015 0.0000000004854123
0.7890000000000015 0.0000000006057020
0.7900000000000015 0.0000000007096435
0.7910000000000015 0.0000000007943584
0.7920000000000015 0.0000000008574663
0.7930000000000015 0.0000000008971564
0.7940000000000015 0.0000000009122437
0.7950000000000015 0.0000000009022100
0.7960000000000015 0.0000000008672266
0.7970000000000015 0.0000000008081581
0.7980000000000015 0.0000000007265480
0.7990000000000015 0.0000000006245838
0.8000000000000015 0.0000000005050443
0.8010000000000015 0.0000000003712293
0.8020000000000015 0.0000000002268724
0.8030000000000015 0.0000000000760415
0.8040000000000015 0.0000000000769739
0.8050000000000015 0.0000000002277823
0.8060000000000015 0.0000000003720158
0.8070000000000015 0.0000000005054566
0.8080000000000015 0.0000000006241626
0.8090000000000015 0.0000000007245855
0.8100000000000015 0.0000000008036820
0.8110000000000015 0.0000000008590096
0.8120000000000015 0.0000000008888083
0.8130000000000015 0.0000000008920628
0.8140000000000015 0.0000000008685434
0.8150000000000015 0.0000000008188251
0.8160000000000015 0.0000000007442811
0.8170000000000015 0.0000000006470536
0.8180000000000015 0.0000000005299996
0.8190000000000015 0.0000000003966138
0.8200000000000015 0.0000000002509312
0.8210000000000015 0.0000000000974089
0.8220000000000015 0.0000000000592046
0.8230000000000015 0.0000000002140148
0.8240000000000015 0.0000000003621328
0.8250000000000015 0.0000000004988292
0.8260000000000015 0.0000000006196878
0.8270000000000015 0.0000000007207516
0.8280000000000015 0.0000000007986568
0.8290000000000015 0.0000000008507517
0.8300000000000015 0.0000000008751940
0.8310000000000015 0.0000000008710239
0.8320000000000015 0.0000000008382110
0.8330000000000015 0.0000000007776701
0.8340000000000015 0.0000000006912470
0.8350000000000015 0.0000000005816726
0.8360000000000015 0.0000000004524865
0.8370000000000015 0.0000000003079313
0.8380000000000015 0.0000000001528213
0.8390000000000015 0.0000000000076119
0.8400000000000015 0.0000000001678917
0.8410000000000015 0.0000000003224806
0.8420000000000015 0.0000000004659714
0.8430000000000015 0.0000000005932784
0.8440000000000015 0.0000000006998213
0.8450000000000015 0.0000000007816961
0.8460000000000015 0.0000000008358266
0.8470000000000015 0.0000000008600891
0.8480000000000015 0.0000000008534071
0.8490000000000015 0.0000000008158095
0.8500000000000015 0.0000000007484508
0.8510000000000015 0.0000000006535903
0.8520000000000015 0.0000000005345307
0.8530000000000015 0.0000000003955158
0.8540000000000015 0.0000000002415908
0.8550000000000015 0.0000000000784292
0.8560000000000015 0.0000000000878689
0.8570000000000015 0.0000000002509999
0.8580000000000015 0.0000000004046935
0.8590000000000015 0.0000000005429549
0.8600000000000015 0.0000000006603023
0.8610000000000015 0.0000000007519915
0.8620000000000015 0.0000000008142177
0.8630000000000015 0.0000000008442858
0.8640000000000015 0.0000000008407409
0.8650000000000015 0.0000000008034541
0.8660000000000015 0.0000000007336562
0.8670000000000015 0.0000000006339176
0.8680000000000015 0.0000000005080731
0.8690000000000015 0.0000000003610922
0.8700000000000015 0.0000000001988989
0.8710000000000016 0.0000000000281460
0.8720000000000016 0.0000000001440481
0.8730000000000016 0.0000000003103896
0.8740000000000016 0.0000000004637172
0.8750000000000016 0.0000000005973125
0.8760000000000016 0.0000000007052018
0.8770000000000016 0.0000000007824347
0.8780000000000016 0.0000000008253269
0.8790000000000016 0.0000000008316538
0.8800000000000016 0.0000000008007869
0.8810000000000016 0.0000000007337617
0.8820000000000016 0.0000000006332729
0.8830000000000016 0.0000000005035933
0.8840000000000016 0.0000000003504186
0.8850000000000016 0.0000000001806386
0.8860000000000016 0.0000000000020475
0.8870000000000016 0.0000000001770010
0.8880000000000016 0.0000000003479760
0.8890000000000016 0.0000000005025739
0.8900000000000016 0.0000000006331267
0.8910000000000016 0.0000000007329940
0.8920000000000016 0.0000000007969186
0.8930000000000016 0.0000000008213267
0.8940000000000016 0.0000000008045556
0.8950000000000016 0.0000000007469923
0.8960000000000016 0.0000000006511142
0.8970000000000016 0.0000000005214231
0.8980000000000016 0.0000000003642720
0.8990000000000016 0.0000000001875880
0.9000000000000016 0.0000000000005008
0.9010000000000016 0.0000000001871075
0.9020000000000016 0.0000000003651120
0.9030000000000016 0.0000000005236884
0.9040000000000016 0.0000000006538625
0.9050000000000016 0.0000000007480364
0.9060000000000016 0.0000000008004588
0.9070000000000016 0.0000000008076125
0.9080000000000016 0.0000000007684903
0.9090000000000016 0.0000000006847382
0.9100000000000016 0.0000000005606507
0.9110000000000016 0.0000000004030090
0.9120000000000016 0.0000000002207644
0.9130000000000016 0.0000000000245757
0.9140000000000016 0.0000000001737790
0.9150000000000016 0.0000000003620872
0.9160000000000016 0.0000000005284468
0.9170000000000016 0.0000000006620284
0.9180000000000016 0.0000000007538065
0.9190000000000016 0.0000000007972107
0.9200000000000016 0.0000000007886510
0.9210000000000016 0.0000000007278723
0.9220000000000016 0.0000000006181058
0.9230000000000016 0.0000000004659921
0.9240000000000016 0.0000000002812671
0.9250000000000016 0.0000000000762162
0.9260000000000016 0.0000000001350804
0.9270000000000016 0.0000000003376721
0.9280000000000016 0.0000000005167776
0.9290000000000016 0.0000000006588730
0.9300000000000016 0.0000000007527491
0.9310000000000016 0.0000000007904591
0.9320000000000016 0.0000000007680752
0.9330000000000016 0.0000000006861815
0.9340000000000016 0.0000000005500449
0.9350000000000016 0.0000000003694253
0.9360000000000016 0.0000000001580115
0.9370000000000016 0.0000000000675007
0.9380000000000016 0.0000000002886414
0.9390000000000016 0.0000000004866323
0.9400000000000016 0.0000000006439798
0.9410000000000016 0.0000000007460679
0.9420000000000016 0.0000000007826104
0.9430000000000016 0.0000000007488186
0.9440000000000016 0.0000000006461537
0.9450000000000016 0.0000000004825539
0.9460000000000016 0.0000000002720661
0.9470000000000016 0.0000000000338607
0.9480000000000016 0.0000000002093354
0.9490000000000016 0.0000000004332884
0.9500000000000016 0.0000000006146314
0.9510000000000016 0.0000000007333490
0.9520000000000016 0.0000000007751228
0.9530000000000016 0.0000000007332689
0.9540000000000016 0.0000000006100098
0.9550000000000016 0.0000000004168607
0.9560000000000016 0.0000000001739835
0.9570000000000016 0.0000000000915374
0.9580000000000016 0.0000000003484228
0.9590000000000016 0.0000000005647206
0.9600000000000016 0.0000000007117786
0.9610000000000016 0.0000000007682174
0.9620000000000016 0.0000000007233771
0.9630000000000016 0.0000000005796997
0.9640000000000016 0.0000000003535638
0.9650000000000016 0.0000000000742256
0.9660000000000016 0.0000000002192613
0.9670000000000016 0.0000000004829983
0.9680000000000016 0.0000000006745926
0.9690000000000016 0.0000000007601218
0.9700000000000016 0.0000000007206636
0.9710000000000016 0.0000000005572012
0.9720000000000016 0.0000000002927410
0.9730000000000016 0.0000000000292703
0.9740000000000016 0.0000000003506540
0.9750000000000016 0.0000000006080539
0.9760000000000016 0.0000000007452011
0.9770000000000016 0.0000000007258808
0.9780000000000016 0.0000000005448918
0.9790000000000016 0.0000000002339778
0.9800000000000016 0.0000000001399779
0.9810000000000016 0.0000000004860875
0.9820000000000016 0.0000000007095560
0.9830000000000017 0.0000000007377176
0.9840000000000017 0.0000000005461047
0.9850000000000017 0.0000000001763067
0.9860000000000017 0.0000000002633102
0.9870000000000017 0.0000000006207816
0.9880000000000017 0.0000000007483788
0.9890000000000017 0.0000000005658984
0.9900000000000017 0.0000000001178891
0.9910000000000017 0.0000000004071641
0.9920000000000017 0.0000000007287411
0.9930000000000017 0.0000000006116561
0.9940000000000017 0.0000000000550476
0.9950000000000017 0.0000000005790066
0.9960000000000017 0.0000000006883138
0.9970000000000017 0.0000000000212466
0.9980000000000017 0.0000000007380887
0.9990000000000017 0.0000000001438036
