-1.0000000000000000 0.0000000000000002
-0.9990000000000000 0.0010200818571181
-0.9980000000000000 0.0019733840505915
-0.9970000000000000 0.0028617771346082
-0.9960000000000000 0.0036871007211356
-0.9950000000000000 0.0044511638182012
-0.9940000000000000 0.0051557451656185
-0.9930000000000000 0.0058025935681759
-0.9920000000000000 0.0063934282262980
-0.9910000000000000 0.0069299390641960
-0.9900000000000000 0.0074137870555171
-0.9890000000000000 0.0078466045465089
-0.9880000000000000 0.0082299955767105
-0.9870000000000000 0.0085655361971833
-0.9860000000000000 0.0088547747862956
-0.9850000000000000 0.0090992323630727
-0.9840000000000000 0.0093004028981260
-0.9830000000000000 0.0094597536221749
-0.9820000000000000 0.0095787253321724
-0.9810000000000000 0.0096587326950489
-0.9800000000000000 0.0097011645490864
-0.9790000000000000 0.0097073842029358
-0.9780000000000000 0.0096787297322897
-0.9770000000000000 0.0096165142742234
-0.9760000000000000 0.0095220263192180
-0.9750000000000000 0.0093965300008755
-0.9740000000000000 0.0092412653833408
-0.9730000000000000 0.0090574487464421
-0.9720000000000000 0.0088462728685619
-0.9710000000000000 0.0086089073072512
-0.9700000000000000 0.0083464986775994
-0.9690000000000000 0.0080601709283715
-0.9680000000000000 0.0077510256159263
-0.9670000000000000 0.0074201421759254
-0.9660000000000000 0.0070685781928475
-0.9650000000000000 0.0066973696673188
-0.9640000000000000 0.0063075312812717
-0.9630000000000000 0.0059000566609441
-0.9620000000000000 0.0054759186377308
-0.9610000000000000 0.0050360695068997
-0.9600000000000000 0.0045814412841834
-0.9590000000000000 0.0041129459602595
-0.9580000000000000 0.0036314757531304
-0.9570000000000000 0.0031379033584142
-0.9560000000000000 0.0026330821975595
-0.9550000000000000 0.0021178466639943
-0.9540000000000000 0.0015930123672223
-0.9530000000000000 0.0010593763748757
-0.9520000000000000 0.0005177174527388
-0.9510000000000000 0.0000312036972472
-0.9500000000000000 0.0005866442009887
-0.9490000000000000 0.0011478787782386
-0.9480000000000000 0.0017141995105808
-0.9470000000000000 0.0022849156113883
-0.9460000000000000 0.0028593531977432
-0.9450000000000000 0.0034368550643082
-0.9440000000000000 0.0040167804591380
-0.9429999999999999 0.0045985048614183
-0.9419999999999999 0.0051814197611243
-0.9409999999999999 0.0057649324405845
-0.9399999999999999 0.0063484657579404
-0.9389999999999999 0.0069314579324907
-0.9379999999999999 0.0075133623319097
-0.9369999999999999 0.0080936472613279
-0.9359999999999999 0.0086717957542649
-0.9349999999999999 0.0092473053654035
-0.9339999999999999 0.0098196879651939
-0.9329999999999999 0.0103884695362781
-0.9319999999999999 0.0109531899717225
-0.9309999999999999 0.0115134028750503
-0.9299999999999999 0.0120686753620597
-0.9289999999999999 0.0126185878644211
-0.9279999999999999 0.0131627339350404
-0.9269999999999999 0.0137007200551779
-0.9259999999999999 0.0142321654433142
-0.9249999999999999 0.0147567018657503
-0.9239999999999999 0.0152739734489340
-0.9229999999999999 0.0157836364935002
-0.9219999999999999 0.0162853592900156
-0.9209999999999999 0.0167788219364185
-0.9199999999999999 0.0172637161571421
-0.9189999999999999 0.0177397451239111
-0.9179999999999999 0.0182066232782038
-0.9169999999999999 0.0186640761553664
-0.9159999999999999 0.0191118402103714
-0.9149999999999999 0.0195496626452103
-0.9139999999999999 0.0199773012379091
-0.9129999999999999 0.0203945241731588
-0.9119999999999999 0.0208011098745486
-0.9109999999999999 0.0211968468383944
-0.9099999999999999 0.0215815334691511
-0.9089999999999999 0.0219549779163992
-0.9079999999999999 0.0223169979133970
-0.9069999999999999 0.0226674206171876
-0.9059999999999999 0.0230060824502512
-0.9049999999999999 0.0233328289436941
-0.9039999999999999 0.0236475145819632
-0.9029999999999999 0.0239500026490781
-0.9019999999999999 0.0242401650763706
-0.9009999999999999 0.0245178822917211
-0.8999999999999999 0.0247830430702851
-0.8989999999999999 0.0250355443866974
-0.8979999999999999 0.0252752912687475
-0.8969999999999999 0.0255021966525142
-0.8959999999999999 0.0257161812389525
-0.8949999999999999 0.0259171733519220
-0.8939999999999999 0.0261051087976487
-0.8929999999999999 0.0262799307256093
-0.8919999999999999 0.0264415894908323
-0.8909999999999999 0.0265900425176025
-0.8899999999999999 0.0267252541645630
-0.8889999999999999 0.0268471955912049
-0.8879999999999999 0.0269558446257354
-0.8869999999999999 0.0270511856343151
-0.8859999999999999 0.0271332093916566
-0.8849999999999999 0.0272019129529750
-0.8839999999999999 0.0272572995272814
-0.8829999999999999 0.0272993783520106
-0.8819999999999999 0.0273281645689746
-0.8809999999999999 0.0273436791016329
-0.8799999999999999 0.0273459485336711
-0.8789999999999999 0.0273350049888790
-0.8779999999999999 0.0273108860123203
-0.8769999999999999 0.0272736344527833
-0.8759999999999999 0.0272232983465077
-0.8749999999999999 0.0271599308021748
-0.8739999999999999 0.0270835898871558
-0.8729999999999999 0.0269943385150089
-0.8719999999999999 0.0268922443342157
-0.8709999999999999 0.0267773796181504
-0.8699999999999999 0.0266498211562718
-0.8689999999999999 0.0265096501465315
-0.8679999999999999 0.0263569520889882
-0.8669999999999999 0.0261918166806216
-0.8659999999999999 0.0260143377113369
-0.8649999999999999 0.0258246129611512
-0.8639999999999999 0.0256227440985556
-0.8629999999999999 0.0254088365800425
-0.8619999999999999 0.0251829995507924
-0.8609999999999999 0.0249453457465101
-0.8599999999999999 0.0246959913964038
-0.8589999999999999 0.0244350561272994
-0.8579999999999999 0.0241626628688803
-0.8569999999999999 0.0238789377600463
-0.8559999999999999 0.0235840100563843
-0.8549999999999999 0.0232780120387413
-0.8539999999999999 0.0229610789228931
-0.8529999999999999 0.0226333487703007
-0.8519999999999999 0.0222949623999471
-0.8509999999999999 0.0219460633012461
-0.8499999999999999 0.0215867975480158
-0.8489999999999999 0.0212173137135097
-0.8479999999999999 0.0208377627864974
-0.8469999999999999 0.0204482980883871
-0.8459999999999999 0.0200490751913829
-0.8449999999999999 0.0196402518376699
-0.8439999999999999 0.0192219878596179
-0.8429999999999999 0.0187944451009987
-0.8419999999999999 0.0183577873392080
-0.8409999999999999 0.0179121802084850
-0.8399999999999999 0.0174577911241222
-0.8389999999999999 0.0169947892076594
-0.8379999999999999 0.0165233452130524
-0.8369999999999999 0.0160436314538120
-0.8359999999999999 0.0155558217311031
-0.8349999999999999 0.0150600912627997
-0.8339999999999999 0.0145566166134867
-0.8329999999999999 0.0140455756254021
-0.8319999999999999 0.0135271473503129
-0.8309999999999998 0.0130015119823170
-0.8299999999999998 0.0124688507915652
-0.8289999999999998 0.0119293460588950
-0.8279999999999998 0.0113831810113706
-0.8269999999999998 0.0108305397587210
-0.8259999999999998 0.0102716072306711
-0.8249999999999998 0.0097065691151565
-0.8239999999999998 0.0091356117974181
-0.8229999999999998 0.0085589222999674
-0.8219999999999998 0.0079766882234170
-0.8209999999999998 0.0073890976881695
-0.8199999999999998 0.0067963392769577
-0.8189999999999998 0.0061986019782302
-0.8179999999999998 0.0055960751303749
-0.8169999999999998 0.0049889483667751
-0.8159999999999998 0.0043774115616898
-0.8149999999999998 0.0037616547769545
-0.8139999999999998 0.0031418682094925
-0.8129999999999998 0.0025182421396340
-0.8119999999999998 0.0018909668802336
-0.8109999999999998 0.0012602327265810
-0.8099999999999998 0.0006262299070996
-0.8089999999999998 0.0000108514651755
-0.8079999999999998 0.0006508214403444
-0.8069999999999998 0.0012934902786218
-0.8059999999999998 0.0019386684965539
-0.8049999999999998 0.0025861669124805
-0.8039999999999998 0.0032357966912469
-0.8029999999999998 0.0038873693881726
-0.8019999999999998 0.0045406969922831
-0.8009999999999998 0.0051955919688096
-0.7999999999999998 0.0058518673009649
-0.7989999999999998 0.0065093365309984
-0.7979999999999998 0.0071678138005398
-0.7969999999999998 0.0078271138902341
-0.7959999999999998 0.0084870522586755
-0.7949999999999998 0.0091474450806467
-0.7939999999999998 0.0098081092846681
-0.7929999999999998 0.0104688625898625
-0.7919999999999998 0.0111295235421436
-0.7909999999999998 0.0117899115497306
-0.7899999999999998 0.0124498469179973
-0.7889999999999998 0.0131091508836608
-0.7879999999999998 0.0137676456483142
-0.7869999999999998 0.0144251544113105
-0.7859999999999998 0.0150815014020032
-0.7849999999999998 0.0157365119113480
-0.7839999999999998 0.0163900123228723
-0.7829999999999998 0.0170418301430182
-0.7819999999999998 0.0176917940308631
-0.7809999999999998 0.0183397338272246
-0.7799999999999998 0.0189854805831560
-0.7789999999999998 0.0196288665878348
-0.7779999999999998 0.0202697253958532
-0.7769999999999998 0.0209078918539133
-0.7759999999999998 0.0215432021269339
-0.7749999999999998 0.0221754937235733
-0.7739999999999998 0.0228046055211743
-0.7729999999999998 0.0234303777901354
-0.7719999999999998 0.0240526522177151
-0.7709999999999998 0.0246712719312729
-0.7699999999999998 0.0252860815209531
-0.7689999999999998 0.0258969270618166
-0.7679999999999998 0.0265036561354254
-0.7669999999999998 0.0271061178508850
-0.7659999999999998 0.0277041628653501
-0.7649999999999998 0.0282976434039986
-0.7639999999999998 0.0288864132794782
-0.7629999999999998 0.0294703279108316
-0.7619999999999998 0.0300492443419048
-0.7609999999999998 0.0306230212592438
-0.7599999999999998 0.0311915190094832
-0.7589999999999998 0.0317545996162343
-0.7579999999999998 0.0323121267964747
-0.7569999999999998 0.0328639659764464
-0.7559999999999998 0.0334099843070652
-0.7549999999999998 0.0339500506788492
-0.7539999999999998 0.0344840357363670
-0.7529999999999998 0.0350118118922150
-0.7519999999999998 0.0355332533405240
-0.7509999999999998 0.0360482360700035
-0.7499999999999998 0.0365566378765260
-0.7489999999999998 0.0370583383752573
-0.7479999999999998 0.0375532190123362
-0.7469999999999998 0.0380411630761091
-0.7459999999999998 0.0385220557079244
-0.7449999999999998 0.0389957839124897
-0.7439999999999998 0.0394622365677980
-0.7429999999999998 0.0399213044346258
-0.7419999999999998 0.0403728801656097
-0.7409999999999998 0.0408168583139031
-0.7399999999999998 0.0412531353414202
-0.7389999999999998 0.0416816096266698
-0.7379999999999998 0.0421021814721841
-0.7369999999999998 0.0425147531115464
-0.7359999999999998 0.0429192287160224
-0.7349999999999998 0.0433155144007997
-0.7339999999999998 0.0437035182308384
-0.7329999999999998 0.0440831502263383
-0.7319999999999998 0.0444543223678274
-0.7309999999999998 0.0448169486008732
-0.7299999999999998 0.0451709448404250
-0.7289999999999998 0.0455162289747872
-0.7279999999999998 0.0458527208692310
-0.7269999999999998 0.0461803423692470
-0.7259999999999998 0.0464990173034422
-0.7249999999999998 0.0468086714860876
-0.7239999999999998 0.0471092327193183
-0.7229999999999998 0.0474006307949907
-0.7219999999999998 0.0476827974962020
-0.7209999999999998 0.0479556665984741
-0.7199999999999998 0.0482191738706067
-0.7189999999999998 0.0484732570752042
-0.7179999999999997 0.0487178559688785
-0.7169999999999997 0.0489529123021339
-0.7159999999999997 0.0491783698189353
-0.7149999999999997 0.0493941742559663
-0.7139999999999997 0.0496002733415783
-0.7129999999999997 0.0497966167944367
-0.7119999999999997 0.0499831563218659
-0.7109999999999997 0.0501598456178988
-0.7099999999999997 0.0503266403610332
-0.7089999999999997 0.0504834982116985
-0.7079999999999997 0.0506303788094375
-0.7069999999999997 0.0507672437698071
-0.7059999999999997 0.0508940566809990
-0.7049999999999997 0.0510107831001875
-0.7039999999999997 0.0511173905496057
-0.7029999999999997 0.0512138485123537
-0.7019999999999997 0.0513001284279436
-0.7009999999999997 0.0513762036875835
-0.6999999999999997 0.0514420496292051
-0.6989999999999997 0.0514976435322368
-0.6979999999999997 0.0515429646121278
-0.6969999999999997 0.0515779940146252
-0.6959999999999997 0.0516027148098069
-0.6949999999999997 0.0516171119858761
-0.6939999999999997 0.0516211724427181
-0.6929999999999997 0.0516148849852244
-0.6919999999999997 0.0515982403163869
-0.6909999999999997 0.0515712310301649
-0.6899999999999997 0.0515338516041294
-0.6889999999999997 0.0514860983918870
-0.6879999999999997 0.0514279696152869
-0.6869999999999997 0.0513594653564140
-0.6859999999999997 0.0512805875493721
-0.6849999999999997 0.0511913399718589
-0.6839999999999997 0.0510917282365372
-0.6829999999999997 0.0509817597822053
-0.6819999999999997 0.0508614438647689
-0.6809999999999997 0.0507307915480179
-0.6799999999999997 0.0505898156942126
-0.6789999999999997 0.0504385309544791
-0.6779999999999997 0.0502769537590204
-0.6769999999999997 0.0501051023071445
-0.6759999999999997 0.0499229965571117
-0.6749999999999997 0.0497306582158061
-0.6739999999999997 0.0495281107282327
-0.6729999999999997 0.0493153792668432
-0.6719999999999997 0.0490924907206942
-0.6709999999999997 0.0488594736844397
-0.6699999999999997 0.0486163584471615
-0.6689999999999997 0.0483631769810393
-0.6679999999999997 0.0480999629298658
-0.6669999999999997 0.0478267515974051
-0.6659999999999997 0.0475435799356029
-0.6649999999999997 0.0472504865326458
-0.6639999999999997 0.0469475116008763
-0.6629999999999997 0.0466346969645649
-0.6619999999999997 0.0463120860475406
-0.6609999999999997 0.0459797238606855
-0.6599999999999997 0.0456376569892935
-0.6589999999999997 0.0452859335802966
-0.6579999999999997 0.0449246033293622
-0.6569999999999997 0.0445537174678629
-0.6559999999999997 0.0441733287497218
-0.6549999999999997 0.0437834914381362
-0.6539999999999997 0.0433842612921818
-0.6529999999999997 0.0429756955532998
-0.6519999999999997 0.0425578529316704
-0.6509999999999997 0.0421307935924732
-0.6499999999999997 0.0416945791420403
-0.6489999999999997 0.0412492726139000
-0.6479999999999997 0.0407949384547183
-0.6469999999999997 0.0403316425101370
-0.6459999999999997 0.0398594520105127
-0.6449999999999997 0.0393784355565582
-0.6439999999999997 0.0388886631048898
-0.6429999999999997 0.0383902059534807
-0.6419999999999997 0.0378831367270259
-0.6409999999999997 0.0373675293622177
-0.6399999999999997 0.0368434590929365
-0.6389999999999997 0.0363110024353578
-0.6379999999999997 0.0357702371729787
-0.6369999999999997 0.0352212423415647
-0.6359999999999997 0.0346640982140208
-0.6349999999999997 0.0340988862851876
-0.6339999999999997 0.0335256892565656
-0.6329999999999997 0.0329445910209690
-0.6319999999999997 0.0323556766471119
-0.6309999999999997 0.0317590323641290
-0.6299999999999997 0.0311547455460320
-0.6289999999999997 0.0305429046961051
-0.6279999999999997 0.0299235994312410
-0.6269999999999997 0.0292969204662187
-0.6259999999999997 0.0286629595979273
-0.6249999999999997 0.0280218096895355
-0.6239999999999997 0.0273735646546101
-0.6229999999999997 0.0267183194411856
-0.6219999999999997 0.0260561700157858
-0.6209999999999997 0.0253872133474007
-0.6199999999999997 0.0247115473914198
-0.6189999999999997 0.0240292710735239
-0.6179999999999997 0.0233404842735376
-0.6169999999999997 0.0226452878092439
-0.6159999999999997 0.0219437834201631
-0.6149999999999997 0.0212360737512982
-0.6139999999999997 0.0205222623368481
-0.6129999999999997 0.0198024535838903
-0.6119999999999997 0.0190767527560357
-0.6109999999999997 0.0183452659570567
-0.6099999999999997 0.0176081001144903
-0.6089999999999997 0.0168653629632190
-0.6079999999999997 0.0161171630290295
-0.6069999999999997 0.0153636096121524
-0.6059999999999997 0.0146048127707842
-0.6049999999999996 0.0138408833045933
-0.6039999999999996 0.0130719327382113
-0.6029999999999996 0.0122980733047118
-0.6019999999999996 0.0115194179290786
-0.6009999999999996 0.0107360802116641
-0.5999999999999996 0.0099481744116397
-0.5989999999999996 0.0091558154304410
-0.5979999999999996 0.0083591187952079
-0.5969999999999996 0.0075582006422215
-0.5959999999999996 0.0067531777003405
-0.5949999999999996 0.0059441672744373
-0.5939999999999996 0.0051312872288357
-0.5929999999999996 0.0043146559707525
-0.5919999999999996 0.0034943924337435
-0.5909999999999996 0.0026706160611553
-0.5899999999999996 0.0018434467895866
-0.5889999999999996 0.0010130050323564
-0.5879999999999996 0.0001794116629853
-0.5869999999999996 0.0006572120013131
-0.5859999999999996 0.0014967442161256
-0.5849999999999996 0.0023390628263189
-0.5839999999999996 0.0031840452825021
-0.5829999999999996 0.0040315686574716
-0.5819999999999996 0.0048815096626366
-0.5809999999999996 0.0057337446644249
-0.5799999999999996 0.0065881497006658
-0.5789999999999996 0.0074446004969500
-0.5779999999999996 0.0083029724829661
-0.5769999999999996 0.0091631408088099
-0.5759999999999996 0.0100249803612673
-0.5749999999999996 0.0108883657800688
-0.5739999999999996 0.0117531714741144
-0.5729999999999996 0.0126192716376674
-0.5719999999999996 0.0134865402665164
-0.5709999999999996 0.0143548511741042
-0.5699999999999996 0.0152240780076209
-0.5689999999999996 0.0160940942640634
-0.5679999999999996 0.0169647733062563
-0.5669999999999996 0.0178359883788353
-0.5659999999999996 0.0187076126241915
-0.5649999999999996 0.0195795190983754
-0.5639999999999996 0.0204515807869592
-0.5629999999999996 0.0213236706208568
-0.5619999999999996 0.0221956614920998
-0.5609999999999996 0.0230674262695690
-0.5599999999999996 0.0239388378146798
-0.5589999999999996 0.0248097689970214
-0.5579999999999996 0.0256800927099469
-0.5569999999999996 0.0265496818861154
-0.5559999999999996 0.0274184095129836
-0.5549999999999996 0.0282861486482468
-0.5539999999999996 0.0291527724352272
-0.5529999999999996 0.0300181541182101
-0.5519999999999996 0.0308821670577250
-0.5509999999999996 0.0317446847457731
-0.5499999999999996 0.0326055808209979
-0.5489999999999996 0.0334647290837992
-0.5479999999999996 0.0343220035113895
-0.5469999999999996 0.0351772782727921
-0.5459999999999996 0.0360304277437786
-0.5449999999999996 0.0368813265217470
-0.5439999999999996 0.0377298494405383
-0.5429999999999996 0.0385758715851898
-0.5419999999999996 0.0394192683066273
-0.5409999999999996 0.0402599152362916
-0.5399999999999996 0.0410976883007014
-0.5389999999999996 0.0419324637359503
-0.5379999999999996 0.0427641181021370
-0.5369999999999996 0.0435925282977297
-0.5359999999999996 0.0444175715738606
-0.5349999999999996 0.0452391255485538
-0.5339999999999996 0.0460570682208822
-0.5329999999999996 0.0468712779850548
-0.5319999999999996 0.0476816336444332
-0.5309999999999996 0.0484880144254759
-0.5299999999999996 0.0492902999916108
-0.5289999999999996 0.0500883704570341
-0.5279999999999996 0.0508821064004358
-0.5269999999999996 0.0516713888786506
-0.5259999999999996 0.0524560994402330
-0.5249999999999996 0.0532361201389581
-0.5239999999999996 0.0540113335472441
-0.5229999999999996 0.0547816227694993
-0.5219999999999996 0.0555468714553900
-0.5209999999999996 0.0563069638130309
-0.5199999999999996 0.0570617846220964
-0.5189999999999996 0.0578112192468521
-0.5179999999999996 0.0585551536491060
-0.5169999999999996 0.0592934744010796
-0.5159999999999996 0.0600260686981967
-0.5149999999999996 0.0607528243717911
-0.5139999999999996 0.0614736299017318
-0.5129999999999996 0.0621883744289646
-0.5119999999999996 0.0628969477679707
-0.5109999999999996 0.0635992404191419
-0.5099999999999996 0.0642951435810691
-0.5089999999999996 0.0649845491627488
-0.5079999999999996 0.0656673497957012
-0.5069999999999996 0.0663434388460043
-0.5059999999999996 0.0670127104262402
-0.5049999999999996 0.0676750594073555
-0.5039999999999996 0.0683303814304332
-0.5029999999999996 0.0689785729183780
-0.5019999999999996 0.0696195310875119
-0.5009999999999996 0.0702531539590823
-0.4999999999999996 0.0708793403706802
-0.4989999999999996 0.0714979899875689
-0.4979999999999996 0.0721090033139236
-0.4969999999999996 0.0727122817039791
-0.4959999999999996 0.0733077273730886
-0.4949999999999996 0.0738952434086895
-0.4939999999999996 0.0744747337811796
-0.4929999999999995 0.0750461033546996
-0.4919999999999995 0.0756092578978251
-0.4909999999999995 0.0761641040941654
-0.4899999999999995 0.0767105495528690
-0.4889999999999995 0.0772485028190360
-0.4879999999999995 0.0777778733840385
-0.4869999999999995 0.0782985716957449
-0.4859999999999995 0.0788105091686518
-0.4849999999999995 0.0793135981939208
-0.4839999999999995 0.0798077521493206
-0.4829999999999995 0.0802928854090747
-0.4819999999999995 0.0807689133536128
-0.4809999999999995 0.0812357523792285
-0.4799999999999995 0.0816933199076386
-0.4789999999999995 0.0821415343954493
-0.4779999999999995 0.0825803153435241
-0.4769999999999995 0.0830095833062562
-0.4759999999999995 0.0834292599007438
-0.4749999999999995 0.0838392678158688
-0.4739999999999995 0.0842395308212782
-0.4729999999999995 0.0846299737762681
-0.4719999999999995 0.0850105226385705
-0.4709999999999995 0.0853811044730419
-0.4699999999999995 0.0857416474602545
-0.4689999999999995 0.0860920809049890
-0.4679999999999995 0.0864323352446292
-0.4669999999999995 0.0867623420574585
-0.4659999999999995 0.0870820340708571
-0.4649999999999995 0.0873913451694016
-0.4639999999999995 0.0876902104028641
-0.4629999999999995 0.0879785659941145
-0.4619999999999995 0.0882563493469213
-0.4609999999999995 0.0885234990536548
-0.4599999999999995 0.0887799549028903
-0.4589999999999995 0.0890256578869117
-0.4579999999999995 0.0892605502091155
-0.4569999999999995 0.0894845752913153
-0.4559999999999995 0.0896976777809460
-0.4549999999999995 0.0898998035581694
-0.4539999999999995 0.0900908997428769
-0.4529999999999995 0.0902709147015954
-0.4519999999999995 0.0904397980542913
-0.4509999999999995 0.0905975006810737
-0.4499999999999995 0.0907439747287989
-0.4489999999999995 0.0908791736175728
-0.4479999999999995 0.0910030520471540
-0.4469999999999995 0.0911155660032561
-0.4459999999999995 0.0912166727637486
-0.4449999999999995 0.0913063309047584
-0.4439999999999995 0.0913845003066698
-0.4429999999999995 0.0914511421600238
-0.4419999999999995 0.0915062189713171
-0.4409999999999995 0.0915496945686993
-0.4399999999999995 0.0915815341075708
-0.4389999999999995 0.0916017040760782
-0.4379999999999995 0.0916101723005097
-0.4369999999999995 0.0916069079505893
-0.4359999999999995 0.0915918815446705
-0.4349999999999995 0.0915650649548278
-0.4339999999999995 0.0915264314118489
-0.4329999999999995 0.0914759555101244
-0.4319999999999995 0.0914136132124376
-0.4309999999999995 0.0913393818546520
-0.4299999999999995 0.0912532401502995
-0.4289999999999995 0.0911551681950658
-0.4279999999999995 0.0910451474711761
-0.4269999999999995 0.0909231608516787
-0.4259999999999995 0.0907891926046283
-0.4249999999999995 0.0906432283971680
-0.4239999999999995 0.0904852552995102
-0.4229999999999995 0.0903152617888163
-0.4219999999999995 0.0901332377529759
-0.4209999999999995 0.0899391744942841
-0.4199999999999995 0.0897330647330185
-0.4189999999999995 0.0895149026109153
-0.4179999999999995 0.0892846836945430
-0.4169999999999995 0.0890424049785770
-0.4159999999999995 0.0887880648889716
-0.4149999999999995 0.0885216632860316
-0.4139999999999995 0.0882432014673830
-0.4129999999999995 0.0879526821708426
-0.4119999999999995 0.0876501095771863
-0.4109999999999995 0.0873354893128163
-0.4099999999999995 0.0870088284523279
-0.4089999999999995 0.0866701355209747
-0.4079999999999995 0.0863194204970326
-0.4069999999999995 0.0859566948140637
-0.4059999999999995 0.0855819713630773
-0.4049999999999995 0.0851952644945925
-0.4039999999999995 0.0847965900205965
-0.4029999999999995 0.0843859652164047
-0.4019999999999995 0.0839634088224173
-0.4009999999999995 0.0835289410457765
-0.3999999999999995 0.0830825835619216
-0.3989999999999995 0.0826243595160422
-0.3979999999999995 0.0821542935244320
-0.3969999999999995 0.0816724116757390
-0.3959999999999995 0.0811787415321163
-0.3949999999999995 0.0806733121302697
-0.3939999999999995 0.0801561539824050
-0.3929999999999995 0.0796272990770738
-0.3919999999999995 0.0790867808799161
-0.3909999999999995 0.0785346343343030
-0.3899999999999995 0.0779708958618764
-0.3889999999999995 0.0773956033629876
-0.3879999999999995 0.0768087962170325
-0.3869999999999995 0.0762105152826865
-0.3859999999999995 0.0756008028980359
-0.3849999999999995 0.0749797028806070
-0.3839999999999995 0.0743472605272930
-0.3829999999999995 0.0737035226141790
-0.3819999999999995 0.0730485373962619
-0.3809999999999995 0.0723823546070700
-0.3799999999999994 0.0717050254581776
-0.3789999999999994 0.0710166026386174
-0.3779999999999994 0.0703171403141885
-0.3769999999999994 0.0696066941266616
-0.3759999999999994 0.0688853211928791
-0.3749999999999994 0.0681530801037524
-0.3739999999999994 0.0674100309231538
-0.3729999999999994 0.0666562351867044
-0.3719999999999994 0.0658917559004560
-0.3709999999999994 0.0651166575394699
-0.3699999999999994 0.0643310060462875
-0.3689999999999994 0.0635348688292979
-0.3679999999999994 0.0627283147609969
-0.3669999999999994 0.0619114141761414
-0.3659999999999994 0.0610842388697964
-0.3649999999999994 0.0602468620952741
-0.3639999999999994 0.0593993585619673
-0.3629999999999994 0.0585418044330728
-0.3619999999999994 0.0576742773232074
-0.3609999999999994 0.0567968562959163
-0.3599999999999994 0.0559096218610693
-0.3589999999999994 0.0550126559721507
-0.3579999999999994 0.0541060420234366
-0.3569999999999994 0.0531898648470628
-0.3559999999999994 0.0522642107099802
-0.3549999999999994 0.0513291673108002
-0.3539999999999994 0.0503848237765263
-0.3529999999999994 0.0494312706591730
-0.3519999999999994 0.0484685999322720
-0.3509999999999994 0.0474969049872629
-0.3499999999999994 0.0465162806297706
-0.3489999999999994 0.0455268230757652
-0.3479999999999994 0.0445286299476076
-0.3469999999999994 0.0435218002699767
-0.3459999999999994 0.0425064344656799
-0.3449999999999994 0.0414826343513441
-0.3439999999999994 0.0404505031329879
-0.3429999999999994 0.0394101454014734
-0.3419999999999994 0.0383616671278373
-0.3409999999999994 0.0373051756584993
-0.3399999999999994 0.0362407797103484
-0.3389999999999994 0.0351685893657047
-0.3379999999999994 0.0340887160671566
-0.3369999999999994 0.0330012726122724
-0.3359999999999994 0.0319063731481841
-0.3349999999999994 0.0308041331660445
-0.3339999999999994 0.0296946694953535
-0.3329999999999994 0.0285781002981561
-0.3319999999999994 0.0274545450631065
-0.3309999999999994 0.0263241245994016
-0.3299999999999994 0.0251869610305795
-0.3289999999999994 0.0240431777881830
-0.3279999999999994 0.0228928996052856
-0.3269999999999994 0.0217362525098815
-0.3259999999999994 0.0205733638181336
-0.3249999999999994 0.0194043621274826
-0.3239999999999994 0.0182293773096127
-0.3229999999999994 0.0170485405032743
-0.3219999999999994 0.0158619841069593
-0.3209999999999994 0.0146698417714319
-0.3199999999999994 0.0134722483921080
-0.3189999999999994 0.0122693401012862
-0.3179999999999994 0.0110612542602246
-0.3169999999999994 0.0098481294510655
-0.3159999999999994 0.0086301054686017
-0.3149999999999994 0.0074073233118874
-0.3139999999999994 0.0061799251756880
-0.3129999999999994 0.0049480544417672
-0.3119999999999994 0.0037118556700124
-0.3109999999999994 0.0024714745893920
-0.3099999999999994 0.0012270580887459
-0.3089999999999994 0.0000212457925949
-0.3079999999999994 0.0012732878743618
-0.3069999999999994 0.0025289178450763
-0.3059999999999994 0.0037879842719554
-0.3049999999999994 0.0050503346109968
-0.3039999999999994 0.0063158152172464
-0.3029999999999994 0.0075842713552511
-0.3019999999999994 0.0088555472096978
-0.3009999999999994 0.0101294858962438
-0.2999999999999994 0.0114059294725399
-0.2989999999999994 0.0126847189494487
-0.2979999999999994 0.0139656943024610
-0.2969999999999994 0.0152486944833156
-0.2959999999999994 0.0165335574318212
-0.2949999999999994 0.0178201200878872
-0.2939999999999994 0.0191082184037646
-0.2929999999999994 0.0203976873565017
-0.2919999999999994 0.0216883609606142
-0.2909999999999994 0.0229800722809797
-0.2899999999999994 0.0242726534459522
-0.2889999999999994 0.0255659356607061
-0.2879999999999994 0.0268597492208102
-0.2869999999999994 0.0281539235260357
-0.2859999999999994 0.0294482870944031
-0.2849999999999994 0.0307426675764704
-0.2839999999999994 0.0320368917698668
-0.2829999999999994 0.0333307856340758
-0.2819999999999994 0.0346241743054727
-0.2809999999999994 0.0359168821126178
-0.2799999999999994 0.0372087325918132
-0.2789999999999994 0.0384995485029242
-0.2779999999999994 0.0397891518454705
-0.2769999999999994 0.0410773638749933
-0.2759999999999994 0.0423640051196994
-0.2749999999999994 0.0436488953973900
-0.2739999999999994 0.0449318538326764
-0.2729999999999994 0.0462126988744895
-0.2719999999999994 0.0474912483138846
-0.2709999999999994 0.0487673193021507
-0.2699999999999994 0.0500407283692244
-0.2689999999999994 0.0513112914424171
-0.2679999999999993 0.0525788238654597
-0.2669999999999993 0.0538431404178669
-0.2659999999999993 0.0551040553346313
-0.2649999999999993 0.0563613823262490
-0.2639999999999993 0.0576149345990824
-0.2629999999999993 0.0588645248760675
-0.2619999999999993 0.0601099654177688
-0.2609999999999993 0.0613510680437891
-0.2599999999999993 0.0625876441545395
-0.2589999999999993 0.0638195047533741
-0.2579999999999993 0.0650464604690966
-0.2569999999999993 0.0662683215788447
-0.2559999999999993 0.0674848980313568
-0.2549999999999993 0.0686959994706280
-0.2539999999999993 0.0699014352599621
-0.2529999999999993 0.0711010145064238
-0.2519999999999993 0.0722945460856985
-0.2509999999999993 0.0734818386673676
-0.2499999999999993 0.0746627007406001
-0.2489999999999993 0.0758369406402751
-0.2479999999999993 0.0770043665735332
-0.2469999999999993 0.0781647866467691
-0.2459999999999993 0.0793180088930694
-0.2449999999999993 0.0804638413001026
-0.2439999999999993 0.0816020918384681
-0.2429999999999993 0.0827325684905098
-0.2419999999999993 0.0838550792796033
-0.2409999999999993 0.0849694322999205
-0.2399999999999993 0.0860754357466802
-0.2389999999999993 0.0871728979468911
-0.2379999999999993 0.0882616273905937
-0.2369999999999993 0.0893414327626076
-0.2359999999999993 0.0904121229747916
-0.2349999999999993 0.0914735071988236
-0.2339999999999993 0.0925253948995055
-0.2329999999999993 0.0935675958686020
-0.2319999999999993 0.0945999202592190
-0.2309999999999993 0.0956221786207271
-0.2299999999999993 0.0966341819342401
-0.2289999999999993 0.0976357416486517
-0.2279999999999993 0.0986266697172397
-0.2269999999999993 0.0996067786348424
-0.2259999999999993 0.1005758814756154
-0.2249999999999993 0.1015337919313736
-0.2239999999999993 0.1024803243505266
-0.2229999999999993 0.1034152937776114
-0.2219999999999993 0.1043385159934327
-0.2209999999999993 0.1052498075558104
-0.2199999999999993 0.1061489858409488
-0.2189999999999993 0.1070358690854256
-0.2179999999999993 0.1079102764288103
-0.2169999999999993 0.1087720279569186
-0.2159999999999993 0.1096209447457049
-0.2149999999999993 0.1104568489058017
-0.2139999999999993 0.1112795636277073
-0.2129999999999993 0.1120889132276311
-0.2119999999999993 0.1128847231939979
-0.2109999999999993 0.1136668202346157
-0.2099999999999993 0.1144350323245149
-0.2089999999999993 0.1151891887544575
-0.2079999999999993 0.1159291201801255
-0.2069999999999993 0.1166546586719866
-0.2059999999999993 0.1173656377658472
-0.2049999999999993 0.1180618925140866
-0.2039999999999993 0.1187432595375841
-0.2029999999999993 0.1194095770783352
-0.2019999999999993 0.1200606850527601
-0.2009999999999993 0.1206964251057071
-0.1999999999999993 0.1213166406651517
-0.1989999999999993 0.1219211769975903
-0.1979999999999993 0.1225098812641299
-0.1969999999999993 0.1230826025772747
-0.1959999999999993 0.1236391920584061
-0.1949999999999993 0.1241795028959577
-0.1939999999999993 0.1247033904042794
-0.1929999999999993 0.1252107120831939
-0.1919999999999993 0.1257013276782371
-0.1909999999999993 0.1261750992415819
-0.1899999999999993 0.1266318911936406
-0.1889999999999993 0.1270715703853403
-0.1879999999999993 0.1274940061610663
-0.1869999999999993 0.1278990704222678
-0.1859999999999993 0.1282866376917160
-0.1849999999999993 0.1286565851784129
-0.1839999999999993 0.1290087928431333
-0.1829999999999993 0.1293431434645991
-0.1819999999999993 0.1296595227062710
-0.1809999999999993 0.1299578191837474
-0.1799999999999993 0.1302379245327582
-0.1789999999999993 0.1304997334777408
-0.1779999999999993 0.1307431439009851
-0.1769999999999993 0.1309680569123310
-0.1759999999999993 0.1311743769194025
-0.1749999999999993 0.1313620116983637
-0.1739999999999993 0.1315308724651744
-0.1729999999999993 0.1316808739473293
-0.1719999999999993 0.1318119344560604
-0.1709999999999993 0.1319239759589770
-0.1699999999999993 0.1320169241531256
-0.1689999999999993 0.1320907085384417
-0.1679999999999993 0.1321452624915700
-0.1669999999999993 0.1321805233400241
-0.1659999999999993 0.1321964324366621
-0.1649999999999993 0.1321929352344412
-0.1639999999999993 0.1321699813614289
-0.1629999999999993 0.1321275246960291
-0.1619999999999993 0.1320655234424000
-0.1609999999999993 0.1319839402060167
-0.1599999999999993 0.1318827420693506
-0.1589999999999993 0.1317619006676243
-0.1579999999999993 0.1316213922645975
-0.1569999999999993 0.1314611978283499
-0.1559999999999993 0.1312813031070107
-0.1549999999999992 0.1310816987043959
-0.1539999999999992 0.1308623801554978
-0.1529999999999992 0.1306233480017887
-0.1519999999999992 0.1303646078662801
-0.1509999999999992 0.1300861705282894
-0.1499999999999992 0.1297880519978585
-0.1489999999999992 0.1294702735897701
-0.1479999999999992 0.1291328619971021
-0.1469999999999992 0.1287758493642627
-0.1459999999999992 0.1283992733594429
-0.1449999999999992 0.1280031772464264
-0.1439999999999992 0.1275876099556870
-0.1429999999999992 0.1271526261547110
-0.1419999999999992 0.1266982863174746
-0.1409999999999992 0.1262246567930039
-0.1399999999999992 0.1257318098729475
-0.1389999999999992 0.1252198238580839
-0.1379999999999992 0.1246887831236922
-0.1369999999999992 0.1241387781837030
-0.1359999999999992 0.1235699057535519
-0.1349999999999992 0.1229822688116537
-0.1339999999999992 0.1223759766594141
-0.1329999999999992 0.1217511449796910
-0.1319999999999992 0.1211078958936211
-0.1309999999999992 0.1204463580157213
-0.1299999999999992 0.1197666665071755
-0.1289999999999992 0.1190689631272107
-0.1279999999999992 0.1183533962824778
-0.1269999999999992 0.1176201210743280
-0.1259999999999992 0.1168692993439021
-0.1249999999999992 0.1161010997149252
-0.1239999999999992 0.1153156976341101
-0.1229999999999992 0.1145132754090691
-0.1219999999999992 0.1136940222436321
-0.1209999999999992 0.1128581342704675
-0.1199999999999992 0.1120058145809006
-0.1189999999999992 0.1111372732518282
-0.1179999999999992 0.1102527273696181
-0.1169999999999992 0.1093524010508933
-0.1159999999999992 0.1084365254600875
-0.1149999999999992 0.1075053388236689
-0.1139999999999992 0.1065590864409222
-0.1129999999999992 0.1055980206911816
-0.1119999999999992 0.1046224010374061
-0.1109999999999992 0.1036324940259873
-0.1099999999999992 0.1026285732826867
-0.1089999999999992 0.1016109195045891
-0.1079999999999992 0.1005798204479689
-0.1069999999999992 0.0995355709119607
-0.1059999999999992 0.0984784727179324
-0.1049999999999992 0.0974088346844514
-0.1039999999999992 0.0963269725977450
-0.1029999999999992 0.0952332091775521
-0.1019999999999992 0.0941278740382658
-0.1009999999999992 0.0930113036452687
-0.0999999999999992 0.0918838412663671
-0.0989999999999992 0.0907458369182265
-0.0979999999999992 0.0895976473077218
-0.0969999999999992 0.0884396357681106
-0.0959999999999992 0.0872721721899443
-0.0949999999999992 0.0860956329466367
-0.0939999999999992 0.0849104008146097
-0.0929999999999992 0.0837168648879415
-0.0919999999999992 0.0825154204874456
-0.0909999999999992 0.0813064690641143
-0.0899999999999992 0.0800904180968639
-0.0889999999999992 0.0788676809845227
-0.0879999999999992 0.0776386769320103
-0.0869999999999992 0.0764038308306592
-0.0859999999999992 0.0751635731326362
-0.0849999999999992 0.0739183397194284
-0.0839999999999992 0.0726685717643597
-0.0829999999999992 0.0714147155891159
-0.0819999999999992 0.0701572225142604
-0.0809999999999992 0.0688965487037243
-0.0799999999999992 0.0676331550032732
-0.0789999999999992 0.0663675067729451
-0.0779999999999992 0.0651000737134765
-0.0769999999999992 0.0638313296867272
-0.0759999999999992 0.0625617525301323
-0.0749999999999992 0.0612918238652159
-0.0739999999999992 0.0600220289002025
-0.0729999999999992 0.0587528562267783
-0.0719999999999992 0.0574847976110618
-0.0709999999999992 0.0562183477788474
-0.0699999999999992 0.0549540041951974
-0.0689999999999992 0.0536922668384703
-0.0679999999999992 0.0524336379688737
-0.0669999999999992 0.0511786218916487
-0.0659999999999992 0.0499277247149951
-0.0649999999999992 0.0486814541028593
-0.0639999999999992 0.0474403190227182
-0.0629999999999992 0.0462048294884940
-0.0619999999999992 0.0449754962987549
-0.0609999999999992 0.0437528307703586
-0.0599999999999992 0.0425373444677074
-0.0589999999999992 0.0413295489277928
-0.0579999999999992 0.0401299553812214
-0.0569999999999992 0.0389390744694108
-0.0559999999999992 0.0377574159581717
-0.0549999999999992 0.0365854884478848
-0.0539999999999992 0.0354237990805004
-0.0529999999999992 0.0342728532435921
-0.0519999999999992 0.0331331542717102
-0.0509999999999992 0.0320052031452799
-0.0499999999999992 0.0308894981873097
-0.0489999999999992 0.0297865347581721
-0.0479999999999992 0.0286968049487302
-0.0469999999999992 0.0276207972721014
-0.0459999999999992 0.0265589963543323
-0.0449999999999992 0.0255118826242964
-0.0439999999999992 0.0244799320031038
-0.0429999999999992 0.0234636155933406
-0.0419999999999991 0.0224633993684462
-0.0409999999999991 0.0214797438625494
-0.0399999999999991 0.0205131038610883
-0.0389999999999991 0.0195639280925377
-0.0379999999999991 0.0186326589215817
-0.0369999999999991 0.0177197320440606
-0.0359999999999991 0.0168255761840341
-0.0349999999999991 0.0159506127932962
-0.0339999999999991 0.0150952557536878
-0.0329999999999991 0.0142599110825454
-0.0319999999999991 0.0134449766416322
-0.0309999999999991 0.0126508418498890
-0.0299999999999991 0.0118778874003523
-0.0289999999999991 0.0111264849815790
-0.0279999999999991 0.0103969970039105
-0.0269999999999991 0.0096897763309211
-0.0259999999999991 0.0090051660163762
-0.0249999999999991 0.0083434990470307
-0.0239999999999991 0.0077050980915946
-0.0229999999999991 0.0070902752561811
-0.0219999999999991 0.0064993318465525
-0.0209999999999991 0.0059325581374697
-0.0199999999999991 0.0053902331494464
-0.0189999999999991 0.0048726244331989
-0.0179999999999991 0.0043799878620753
-0.0169999999999991 0.0039125674327410
-0.0159999999999991 0.0034705950743856
-0.0149999999999991 0.0030542904667022
-0.0139999999999991 0.0026638608668960
-0.0129999999999991 0.0022995009459414
-0.0119999999999991 0.0019613926343238
-0.0109999999999991 0.0016497049774699
-0.0099999999999991 0.0013645940010620
-0.0089999999999991 0.0011062025864348
-0.0079999999999991 0.0008746603562082
-0.0069999999999991 0.0006700835703309
-0.0059999999999991 0.0004925750326719
-0.0049999999999991 0.0003422240082882
-0.0039999999999991 0.0002191061514903
-0.0029999999999991 0.0001232834448029
-0.0019999999999991 0.0000548041489032
-0.0009999999999991 0.0000137027636135
0.0000000000000009 0.0000000000000000
0.0010000000000009 0.0000137027636135
0.0020000000000009 0.0000548041489032
0.0030000000000009 0.0001232834448031
0.0040000000000009 0.0002191061514907
0.0050000000000009 0.0003422240082883
0.0060000000000009 0.0004925750326724
0.0070000000000009 0.0006700835703313
0.0080000000000009 0.0008746603562085
0.0090000000000009 0.0011062025864353
0.0100000000000009 0.0013645940010626
0.0110000000000009 0.0016497049774702
0.0120000000000009 0.0019613926343244
0.0130000000000009 0.0022995009459420
0.0140000000000009 0.0026638608668967
0.0150000000000009 0.0030542904667031
0.0160000000000009 0.0034705950743864
0.0170000000000009 0.0039125674327419
0.0180000000000009 0.0043799878620763
0.0190000000000009 0.0048726244331999
0.0200000000000009 0.0053902331494475
0.0210000000000009 0.0059325581374708
0.0220000000000009 0.0064993318465535
0.0230000000000009 0.0070902752561822
0.0240000000000009 0.0077050980915957
0.0250000000000009 0.0083434990470318
0.0260000000000009 0.0090051660163775
0.0270000000000009 0.0096897763309226
0.0280000000000009 0.0103969970039117
0.0290000000000009 0.0111264849815804
0.0300000000000009 0.0118778874003538
0.0310000000000009 0.0126508418498902
0.0320000000000009 0.0134449766416338
0.0330000000000009 0.0142599110825469
0.0340000000000009 0.0150952557536891
0.0350000000000009 0.0159506127932978
0.0360000000000009 0.0168255761840356
0.0370000000000009 0.0177197320440623
0.0380000000000009 0.0186326589215832
0.0390000000000009 0.0195639280925394
0.0400000000000009 0.0205131038610900
0.0410000000000009 0.0214797438625514
0.0420000000000009 0.0224633993684478
0.0430000000000009 0.0234636155933425
0.0440000000000009 0.0244799320031056
0.0450000000000009 0.0255118826242983
0.0460000000000009 0.0265589963543343
0.0470000000000009 0.0276207972721032
0.0480000000000009 0.0286968049487322
0.0490000000000009 0.0297865347581738
0.0500000000000009 0.0308894981873119
0.0510000000000009 0.0320052031452818
0.0520000000000009 0.0331331542717122
0.0530000000000009 0.0342728532435942
0.0540000000000009 0.0354237990805024
0.0550000000000009 0.0365854884478870
0.0560000000000009 0.0377574159581738
0.0570000000000009 0.0389390744694130
0.0580000000000009 0.0401299553812238
0.0590000000000009 0.0413295489277952
0.0600000000000009 0.0425373444677095
0.0610000000000009 0.0437528307703607
0.0620000000000009 0.0449754962987573
0.0630000000000009 0.0462048294884964
0.0640000000000009 0.0474403190227205
0.0650000000000009 0.0486814541028616
0.0660000000000009 0.0499277247149973
0.0670000000000009 0.0511786218916512
0.0680000000000009 0.0524336379688762
0.0690000000000009 0.0536922668384726
0.0700000000000009 0.0549540041951996
0.0710000000000009 0.0562183477788497
0.0720000000000009 0.0574847976110643
0.0730000000000009 0.0587528562267806
0.0740000000000009 0.0600220289002048
0.0750000000000009 0.0612918238652184
0.0760000000000009 0.0625617525301347
0.0770000000000009 0.0638313296867293
0.0780000000000009 0.0651000737134789
0.0790000000000009 0.0663675067729473
0.0800000000000009 0.0676331550032753
0.0810000000000009 0.0688965487037266
0.0820000000000009 0.0701572225142627
0.0830000000000009 0.0714147155891183
0.0840000000000009 0.0726685717643620
0.0850000000000009 0.0739183397194308
0.0860000000000010 0.0751635731326386
0.0870000000000010 0.0764038308306614
0.0880000000000010 0.0776386769320125
0.0890000000000010 0.0788676809845249
0.0900000000000010 0.0800904180968661
0.0910000000000010 0.0813064690641166
0.0920000000000010 0.0825154204874479
0.0930000000000010 0.0837168648879437
0.0940000000000010 0.0849104008146120
0.0950000000000010 0.0860956329466390
0.0960000000000010 0.0872721721899465
0.0970000000000010 0.0884396357681128
0.0980000000000010 0.0895976473077240
0.0990000000000010 0.0907458369182285
0.1000000000000010 0.0918838412663692
0.1010000000000010 0.0930113036452708
0.1020000000000010 0.0941278740382678
0.1030000000000010 0.0952332091775542
0.1040000000000010 0.0963269725977470
0.1050000000000010 0.0974088346844534
0.1060000000000010 0.0984784727179344
0.1070000000000010 0.0995355709119627
0.1080000000000010 0.1005798204479710
0.1090000000000010 0.1016109195045911
0.1100000000000010 0.1026285732826886
0.1110000000000010 0.1036324940259890
0.1120000000000010 0.1046224010374078
0.1130000000000010 0.1055980206911835
0.1140000000000010 0.1065590864409238
0.1150000000000010 0.1075053388236706
0.1160000000000010 0.1084365254600892
0.1170000000000010 0.1093524010508951
0.1180000000000010 0.1102527273696198
0.1190000000000010 0.1111372732518298
0.1200000000000010 0.1120058145809023
0.1210000000000010 0.1128581342704691
0.1220000000000010 0.1136940222436339
0.1230000000000010 0.1145132754090707
0.1240000000000010 0.1153156976341116
0.1250000000000010 0.1161010997149268
0.1260000000000010 0.1168692993439037
0.1270000000000010 0.1176201210743294
0.1280000000000010 0.1183533962824791
0.1290000000000010 0.1190689631272122
0.1300000000000010 0.1197666665071766
0.1310000000000010 0.1204463580157228
0.1320000000000010 0.1211078958936225
0.1330000000000010 0.1217511449796922
0.1340000000000010 0.1223759766594154
0.1350000000000010 0.1229822688116550
0.1360000000000010 0.1235699057535531
0.1370000000000010 0.1241387781837043
0.1380000000000010 0.1246887831236936
0.1390000000000010 0.1252198238580849
0.1400000000000010 0.1257318098729485
0.1410000000000010 0.1262246567930050
0.1420000000000010 0.1266982863174754
0.1430000000000010 0.1271526261547119
0.1440000000000010 0.1275876099556880
0.1450000000000010 0.1280031772464274
0.1460000000000010 0.1283992733594438
0.1470000000000010 0.1287758493642635
0.1480000000000010 0.1291328619971028
0.1490000000000010 0.1294702735897709
0.1500000000000010 0.1297880519978594
0.1510000000000010 0.1300861705282900
0.1520000000000010 0.1303646078662808
0.1530000000000010 0.1306233480017894
0.1540000000000010 0.1308623801554983
0.1550000000000010 0.1310816987043965
0.1560000000000010 0.1312813031070112
0.1570000000000010 0.1314611978283502
0.1580000000000010 0.1316213922645978
0.1590000000000010 0.1317619006676248
0.1600000000000010 0.1318827420693511
0.1610000000000010 0.1319839402060169
0.1620000000000010 0.1320655234424003
0.1630000000000010 0.1321275246960293
0.1640000000000010 0.1321699813614290
0.1650000000000010 0.1321929352344415
0.1660000000000010 0.1321964324366622
0.1670000000000010 0.1321805233400242
0.1680000000000010 0.1321452624915700
0.1690000000000010 0.1320907085384418
0.1700000000000010 0.1320169241531257
0.1710000000000010 0.1319239759589771
0.1720000000000010 0.1318119344560604
0.1730000000000010 0.1316808739473292
0.1740000000000010 0.1315308724651744
0.1750000000000010 0.1313620116983636
0.1760000000000010 0.1311743769194025
0.1770000000000010 0.1309680569123308
0.1780000000000010 0.1307431439009847
0.1790000000000010 0.1304997334777405
0.1800000000000010 0.1302379245327580
0.1810000000000010 0.1299578191837472
0.1820000000000010 0.1296595227062707
0.1830000000000010 0.1293431434645985
0.1840000000000010 0.1290087928431328
0.1850000000000010 0.1286565851784125
0.1860000000000010 0.1282866376917156
0.1870000000000010 0.1278990704222671
0.1880000000000010 0.1274940061610659
0.1890000000000010 0.1270715703853397
0.1900000000000010 0.1266318911936400
0.1910000000000010 0.1261750992415812
0.1920000000000010 0.1257013276782364
0.1930000000000010 0.1252107120831932
0.1940000000000010 0.1247033904042786
0.1950000000000010 0.1241795028959569
0.1960000000000010 0.1236391920584055
0.1970000000000010 0.1230826025772737
0.1980000000000010 0.1225098812641290
0.1990000000000010 0.1219211769975895
0.2000000000000010 0.1213166406651510
0.2010000000000010 0.1206964251057062
0.2020000000000010 0.1200606850527591
0.2030000000000010 0.1194095770783341
0.2040000000000010 0.1187432595375830
0.2050000000000010 0.1180618925140855
0.2060000000000010 0.1173656377658461
0.2070000000000010 0.1166546586719856
0.2080000000000010 0.1159291201801242
0.2090000000000010 0.1151891887544566
0.2100000000000010 0.1144350323245139
0.2110000000000010 0.1136668202346146
0.2120000000000010 0.1128847231939967
0.2130000000000010 0.1120889132276300
0.2140000000000011 0.1112795636277061
0.2150000000000011 0.1104568489058004
0.2160000000000011 0.1096209447457037
0.2170000000000011 0.1087720279569173
0.2180000000000011 0.1079102764288090
0.2190000000000011 0.1070358690854242
0.2200000000000011 0.1061489858409475
0.2210000000000011 0.1052498075558090
0.2220000000000011 0.1043385159934311
0.2230000000000011 0.1034152937776101
0.2240000000000011 0.1024803243505251
0.2250000000000011 0.1015337919313721
0.2260000000000011 0.1005758814756139
0.2270000000000011 0.0996067786348410
0.2280000000000011 0.0986266697172382
0.2290000000000011 0.0976357416486502
0.2300000000000011 0.0966341819342386
0.2310000000000011 0.0956221786207257
0.2320000000000011 0.0945999202592174
0.2330000000000011 0.0935675958686004
0.2340000000000011 0.0925253948995037
0.2350000000000011 0.0914735071988219
0.2360000000000011 0.0904121229747899
0.2370000000000011 0.0893414327626059
0.2380000000000011 0.0882616273905920
0.2390000000000011 0.0871728979468895
0.2400000000000011 0.0860754357466785
0.2410000000000011 0.0849694322999188
0.2420000000000011 0.0838550792796015
0.2430000000000011 0.0827325684905079
0.2440000000000011 0.0816020918384662
0.2450000000000011 0.0804638413001008
0.2460000000000011 0.0793180088930676
0.2470000000000011 0.0781647866467671
0.2480000000000011 0.0770043665735313
0.2490000000000011 0.0758369406402733
0.2500000000000011 0.0746627007405983
0.2510000000000011 0.0734818386673656
0.2520000000000011 0.0722945460856967
0.2530000000000011 0.0711010145064218
0.2540000000000011 0.0699014352599601
0.2550000000000011 0.0686959994706261
0.2560000000000011 0.0674848980313547
0.2570000000000011 0.0662683215788427
0.2580000000000011 0.0650464604690946
0.2590000000000011 0.0638195047533721
0.2600000000000011 0.0625876441545376
0.2610000000000011 0.0613510680437871
0.2620000000000011 0.0601099654177668
0.2630000000000011 0.0588645248760655
0.2640000000000011 0.0576149345990804
0.2650000000000011 0.0563613823262469
0.2660000000000011 0.0551040553346293
0.2670000000000011 0.0538431404178647
0.2680000000000011 0.0525788238654576
0.2690000000000011 0.0513112914424150
0.2700000000000011 0.0500407283692222
0.2710000000000011 0.0487673193021486
0.2720000000000011 0.0474912483138827
0.2730000000000011 0.0462126988744874
0.2740000000000011 0.0449318538326745
0.2750000000000011 0.0436488953973879
0.2760000000000011 0.0423640051196973
0.2770000000000011 0.0410773638749912
0.2780000000000011 0.0397891518454685
0.2790000000000011 0.0384995485029220
0.2800000000000011 0.0372087325918112
0.2810000000000011 0.0359168821126157
0.2820000000000011 0.0346241743054705
0.2830000000000011 0.0333307856340738
0.2840000000000011 0.0320368917698647
0.2850000000000011 0.0307426675764683
0.2860000000000011 0.0294482870944011
0.2870000000000011 0.0281539235260336
0.2880000000000011 0.0268597492208081
0.2890000000000011 0.0255659356607040
0.2900000000000011 0.0242726534459501
0.2910000000000011 0.0229800722809775
0.2920000000000011 0.0216883609606120
0.2930000000000011 0.0203976873564995
0.2940000000000011 0.0191082184037626
0.2950000000000011 0.0178201200878852
0.2960000000000011 0.0165335574318192
0.2970000000000011 0.0152486944833137
0.2980000000000011 0.0139656943024590
0.2990000000000011 0.0126847189494465
0.3000000000000011 0.0114059294725378
0.3010000000000011 0.0101294858962417
0.3020000000000011 0.0088555472096956
0.3030000000000011 0.0075842713552490
0.3040000000000011 0.0063158152172443
0.3050000000000011 0.0050503346109946
0.3060000000000011 0.0037879842719532
0.3070000000000011 0.0025289178450743
0.3080000000000011 0.0012732878743597
0.3090000000000011 0.0000212457925928
0.3100000000000011 0.0012270580887481
0.3110000000000011 0.0024714745893940
0.3120000000000011 0.0037118556700144
0.3130000000000011 0.0049480544417693
0.3140000000000011 0.0061799251756900
0.3150000000000011 0.0074073233118895
0.3160000000000011 0.0086301054686037
0.3170000000000011 0.0098481294510676
0.3180000000000011 0.0110612542602266
0.3190000000000011 0.0122693401012881
0.3200000000000011 0.0134722483921100
0.3210000000000011 0.0146698417714339
0.3220000000000011 0.0158619841069613
0.3230000000000011 0.0170485405032763
0.3240000000000011 0.0182293773096147
0.3250000000000011 0.0194043621274845
0.3260000000000011 0.0205733638181355
0.3270000000000011 0.0217362525098835
0.3280000000000011 0.0228928996052875
0.3290000000000011 0.0240431777881849
0.3300000000000011 0.0251869610305815
0.3310000000000011 0.0263241245994035
0.3320000000000011 0.0274545450631084
0.3330000000000011 0.0285781002981581
0.3340000000000011 0.0296946694953555
0.3350000000000011 0.0308041331660463
0.3360000000000011 0.0319063731481859
0.3370000000000011 0.0330012726122742
0.3380000000000011 0.0340887160671585
0.3390000000000011 0.0351685893657065
0.3400000000000011 0.0362407797103502
0.3410000000000011 0.0373051756585012
0.3420000000000011 0.0383616671278391
0.3430000000000011 0.0394101454014752
0.3440000000000011 0.0404505031329897
0.3450000000000011 0.0414826343513459
0.3460000000000011 0.0425064344656818
0.3470000000000011 0.0435218002699785
0.3480000000000011 0.0445286299476093
0.3490000000000011 0.0455268230757669
0.3500000000000011 0.0465162806297724
0.3510000000000011 0.0474969049872647
0.3520000000000011 0.0484685999322736
0.3530000000000011 0.0494312706591747
0.3540000000000011 0.0503848237765279
0.3550000000000011 0.0513291673108019
0.3560000000000011 0.0522642107099818
0.3570000000000011 0.0531898648470643
0.3580000000000012 0.0541060420234382
0.3590000000000012 0.0550126559721523
0.3600000000000012 0.0559096218610708
0.3610000000000012 0.0567968562959177
0.3620000000000012 0.0576742773232090
0.3630000000000012 0.0585418044330742
0.3640000000000012 0.0593993585619689
0.3650000000000012 0.0602468620952757
0.3660000000000012 0.0610842388697978
0.3670000000000012 0.0619114141761429
0.3680000000000012 0.0627283147609984
0.3690000000000012 0.0635348688292994
0.3700000000000012 0.0643310060462891
0.3710000000000012 0.0651166575394712
0.3720000000000012 0.0658917559004575
0.3730000000000012 0.0666562351867057
0.3740000000000012 0.0674100309231552
0.3750000000000012 0.0681530801037537
0.3760000000000012 0.0688853211928804
0.3770000000000012 0.0696066941266629
0.3780000000000012 0.0703171403141899
0.3790000000000012 0.0710166026386188
0.3800000000000012 0.0717050254581789
0.3810000000000012 0.0723823546070713
0.3820000000000012 0.0730485373962631
0.3830000000000012 0.0737035226141803
0.3840000000000012 0.0743472605272943
0.3850000000000012 0.0749797028806081
0.3860000000000012 0.0756008028980371
0.3870000000000012 0.0762105152826876
0.3880000000000012 0.0768087962170337
0.3890000000000012 0.0773956033629887
0.3900000000000012 0.0779708958618777
0.3910000000000012 0.0785346343343041
0.3920000000000012 0.0790867808799172
0.3930000000000012 0.0796272990770749
0.3940000000000012 0.0801561539824061
0.3950000000000012 0.0806733121302706
0.3960000000000012 0.0811787415321173
0.3970000000000012 0.0816724116757402
0.3980000000000012 0.0821542935244330
0.3990000000000012 0.0826243595160433
0.4000000000000012 0.0830825835619226
0.4010000000000012 0.0835289410457775
0.4020000000000012 0.0839634088224182
0.4030000000000012 0.0843859652164055
0.4040000000000012 0.0847965900205974
0.4050000000000012 0.0851952644945934
0.4060000000000012 0.0855819713630782
0.4070000000000012 0.0859566948140644
0.4080000000000012 0.0863194204970335
0.4090000000000012 0.0866701355209755
0.4100000000000012 0.0870088284523287
0.4110000000000012 0.0873354893128170
0.4120000000000012 0.0876501095771871
0.4130000000000012 0.0879526821708433
0.4140000000000012 0.0882432014673837
0.4150000000000012 0.0885216632860321
0.4160000000000012 0.0887880648889722
0.4170000000000012 0.0890424049785777
0.4180000000000012 0.0892846836945436
0.4190000000000012 0.0895149026109159
0.4200000000000012 0.0897330647330191
0.4210000000000012 0.0899391744942845
0.4220000000000012 0.0901332377529764
0.4230000000000012 0.0903152617888168
0.4240000000000012 0.0904852552995107
0.4250000000000012 0.0906432283971685
0.4260000000000012 0.0907891926046288
0.4270000000000012 0.0909231608516791
0.4280000000000012 0.0910451474711766
0.4290000000000012 0.0911551681950663
0.4300000000000012 0.0912532401502999
0.4310000000000012 0.0913393818546523
0.4320000000000012 0.0914136132124379
0.4330000000000012 0.0914759555101248
0.4340000000000012 0.0915264314118492
0.4350000000000012 0.0915650649548281
0.4360000000000012 0.0915918815446708
0.4370000000000012 0.0916069079505896
0.4380000000000012 0.0916101723005100
0.4390000000000012 0.0916017040760785
0.4400000000000012 0.0915815341075711
0.4410000000000012 0.0915496945686995
0.4420000000000012 0.0915062189713172
0.4430000000000012 0.0914511421600240
0.4440000000000012 0.0913845003066700
0.4450000000000012 0.0913063309047586
0.4460000000000012 0.0912166727637486
0.4470000000000012 0.0911155660032562
0.4480000000000012 0.0910030520471541
0.4490000000000012 0.0908791736175728
0.4500000000000012 0.0907439747287990
0.4510000000000012 0.0905975006810737
0.4520000000000012 0.0904397980542913
0.4530000000000012 0.0902709147015954
0.4540000000000012 0.0900908997428767
0.4550000000000012 0.0898998035581693
0.4560000000000012 0.0896976777809459
0.4570000000000012 0.0894845752913151
0.4580000000000012 0.0892605502091153
0.4590000000000012 0.0890256578869115
0.4600000000000012 0.0887799549028902
0.4610000000000012 0.0885234990536547
0.4620000000000012 0.0882563493469211
0.4630000000000012 0.0879785659941143
0.4640000000000012 0.0876902104028639
0.4650000000000012 0.0873913451694013
0.4660000000000012 0.0870820340708569
0.4670000000000012 0.0867623420574582
0.4680000000000012 0.0864323352446289
0.4690000000000012 0.0860920809049887
0.4700000000000013 0.0857416474602542
0.4710000000000013 0.0853811044730416
0.4720000000000013 0.0850105226385701
0.4730000000000013 0.0846299737762678
0.4740000000000013 0.0842395308212779
0.4750000000000013 0.0838392678158684
0.4760000000000013 0.0834292599007434
0.4770000000000013 0.0830095833062557
0.4780000000000013 0.0825803153435237
0.4790000000000013 0.0821415343954489
0.4800000000000013 0.0816933199076381
0.4810000000000013 0.0812357523792281
0.4820000000000013 0.0807689133536124
0.4830000000000013 0.0802928854090742
0.4840000000000013 0.0798077521493201
0.4850000000000013 0.0793135981939203
0.4860000000000013 0.0788105091686513
0.4870000000000013 0.0782985716957444
0.4880000000000013 0.0777778733840380
0.4890000000000013 0.0772485028190355
0.4900000000000013 0.0767105495528684
0.4910000000000013 0.0761641040941649
0.4920000000000013 0.0756092578978245
0.4930000000000013 0.0750461033546989
0.4940000000000013 0.0744747337811789
0.4950000000000013 0.0738952434086889
0.4960000000000013 0.0733077273730880
0.4970000000000013 0.0727122817039785
0.4980000000000013 0.0721090033139229
0.4990000000000013 0.0714979899875682
0.5000000000000012 0.0708793403706795
0.5010000000000012 0.0702531539590817
0.5020000000000012 0.0696195310875113
0.5030000000000012 0.0689785729183773
0.5040000000000012 0.0683303814304325
0.5050000000000012 0.0676750594073547
0.5060000000000012 0.0670127104262395
0.5070000000000012 0.0663434388460036
0.5080000000000012 0.0656673497957005
0.5090000000000012 0.0649845491627481
0.5100000000000012 0.0642951435810684
0.5110000000000012 0.0635992404191411
0.5120000000000012 0.0628969477679700
0.5130000000000012 0.0621883744289637
0.5140000000000012 0.0614736299017310
0.5150000000000012 0.0607528243717903
0.5160000000000012 0.0600260686981959
0.5170000000000012 0.0592934744010788
0.5180000000000012 0.0585551536491052
0.5190000000000012 0.0578112192468512
0.5200000000000012 0.0570617846220956
0.5210000000000012 0.0563069638130300
0.5220000000000012 0.0555468714553891
0.5230000000000012 0.0547816227694985
0.5240000000000012 0.0540113335472433
0.5250000000000012 0.0532361201389572
0.5260000000000012 0.0524560994402322
0.5270000000000012 0.0516713888786496
0.5280000000000012 0.0508821064004349
0.5290000000000012 0.0500883704570332
0.5300000000000012 0.0492902999916099
0.5310000000000012 0.0484880144254750
0.5320000000000012 0.0476816336444323
0.5330000000000013 0.0468712779850539
0.5340000000000013 0.0460570682208813
0.5350000000000013 0.0452391255485529
0.5360000000000013 0.0444175715738597
0.5370000000000013 0.0435925282977288
0.5380000000000013 0.0427641181021361
0.5390000000000013 0.0419324637359493
0.5400000000000013 0.0410976883007005
0.5410000000000013 0.0402599152362906
0.5420000000000013 0.0394192683066263
0.5430000000000013 0.0385758715851888
0.5440000000000013 0.0377298494405372
0.5450000000000013 0.0368813265217461
0.5460000000000013 0.0360304277437776
0.5470000000000013 0.0351772782727911
0.5480000000000013 0.0343220035113886
0.5490000000000013 0.0334647290837982
0.5500000000000013 0.0326055808209969
0.5510000000000013 0.0317446847457722
0.5520000000000013 0.0308821670577240
0.5530000000000013 0.0300181541182091
0.5540000000000013 0.0291527724352263
0.5550000000000013 0.0282861486482458
0.5560000000000013 0.0274184095129826
0.5570000000000013 0.0265496818861144
0.5580000000000013 0.0256800927099459
0.5590000000000013 0.0248097689970204
0.5600000000000013 0.0239388378146788
0.5610000000000013 0.0230674262695680
0.5620000000000013 0.0221956614920988
0.5630000000000013 0.0213236706208558
0.5640000000000013 0.0204515807869582
0.5650000000000013 0.0195795190983744
0.5660000000000013 0.0187076126241905
0.5670000000000013 0.0178359883788343
0.5680000000000013 0.0169647733062554
0.5690000000000013 0.0160940942640625
0.5700000000000013 0.0152240780076199
0.5710000000000013 0.0143548511741031
0.5720000000000013 0.0134865402665154
0.5730000000000013 0.0126192716376664
0.5740000000000013 0.0117531714741134
0.5750000000000013 0.0108883657800678
0.5760000000000013 0.0100249803612663
0.5770000000000013 0.0091631408088089
0.5780000000000013 0.0083029724829651
0.5790000000000013 0.0074446004969490
0.5800000000000013 0.0065881497006648
0.5810000000000013 0.0057337446644240
0.5820000000000013 0.0048815096626357
0.5830000000000013 0.0040315686574706
0.5840000000000013 0.0031840452825012
0.5850000000000013 0.0023390628263180
0.5860000000000013 0.0014967442161247
0.5870000000000013 0.0006572120013121
0.5880000000000013 0.0001794116629862
0.5890000000000013 0.0010130050323574
0.5900000000000013 0.0018434467895875
0.5910000000000013 0.0026706160611563
0.5920000000000013 0.0034943924337444
0.5930000000000013 0.0043146559707535
0.5940000000000013 0.0051312872288366
0.5950000000000013 0.0059441672744382
0.5960000000000013 0.0067531777003414
0.5970000000000013 0.0075582006422223
0.5980000000000013 0.0083591187952087
0.5990000000000013 0.0091558154304419
0.6000000000000013 0.0099481744116405
0.6010000000000013 0.0107360802116649
0.6020000000000013 0.0115194179290794
0.6030000000000013 0.0122980733047126
0.6040000000000013 0.0130719327382121
0.6050000000000013 0.0138408833045941
0.6060000000000013 0.0146048127707851
0.6070000000000013 0.0153636096121532
0.6080000000000013 0.0161171630290303
0.6090000000000013 0.0168653629632198
0.6100000000000013 0.0176081001144911
0.6110000000000013 0.0183452659570574
0.6120000000000013 0.0190767527560364
0.6130000000000013 0.0198024535838910
0.6140000000000013 0.0205222623368489
0.6150000000000013 0.0212360737512989
0.6160000000000013 0.0219437834201638
0.6170000000000013 0.0226452878092446
0.6180000000000013 0.0233404842735383
0.6190000000000013 0.0240292710735246
0.6200000000000013 0.0247115473914205
0.6210000000000013 0.0253872133474013
0.6220000000000013 0.0260561700157864
0.6230000000000013 0.0267183194411862
0.6240000000000013 0.0273735646546107
0.6250000000000013 0.0280218096895361
0.6260000000000013 0.0286629595979279
0.6270000000000013 0.0292969204662193
0.6280000000000013 0.0299235994312416
0.6290000000000013 0.0305429046961057
0.6300000000000013 0.0311547455460325
0.6310000000000013 0.0317590323641295
0.6320000000000013 0.0323556766471124
0.6330000000000013 0.0329445910209695
0.6340000000000013 0.0335256892565662
0.6350000000000013 0.0340988862851881
0.6360000000000013 0.0346640982140212
0.6370000000000013 0.0352212423415651
0.6380000000000013 0.0357702371729791
0.6390000000000013 0.0363110024353582
0.6400000000000013 0.0368434590929369
0.6410000000000013 0.0373675293622181
0.6420000000000013 0.0378831367270263
0.6430000000000013 0.0383902059534811
0.6440000000000013 0.0388886631048901
0.6450000000000014 0.0393784355565586
0.6460000000000014 0.0398594520105130
0.6470000000000014 0.0403316425101373
0.6480000000000014 0.0407949384547186
0.6490000000000014 0.0412492726139002
0.6500000000000014 0.0416945791420405
0.6510000000000014 0.0421307935924735
0.6520000000000014 0.0425578529316706
0.6530000000000014 0.0429756955533001
0.6540000000000014 0.0433842612921820
0.6550000000000014 0.0437834914381364
0.6560000000000014 0.0441733287497220
0.6570000000000014 0.0445537174678631
0.6580000000000014 0.0449246033293624
0.6590000000000014 0.0452859335802968
0.6600000000000014 0.0456376569892937
0.6610000000000014 0.0459797238606856
0.6620000000000014 0.0463120860475407
0.6630000000000014 0.0466346969645650
0.6640000000000014 0.0469475116008764
0.6650000000000014 0.0472504865326458
0.6660000000000014 0.0475435799356029
0.6670000000000014 0.0478267515974052
0.6680000000000014 0.0480999629298657
0.6690000000000014 0.0483631769810393
0.6700000000000014 0.0486163584471614
0.6710000000000014 0.0488594736844397
0.6720000000000014 0.0490924907206941
0.6730000000000014 0.0493153792668432
0.6740000000000014 0.0495281107282326
0.6750000000000014 0.0497306582158061
0.6760000000000014 0.0499229965571116
0.6770000000000014 0.0501051023071444
0.6780000000000014 0.0502769537590203
0.6790000000000014 0.0504385309544789
0.6800000000000014 0.0505898156942125
0.6810000000000014 0.0507307915480177
0.6820000000000014 0.0508614438647686
0.6830000000000014 0.0509817597822051
0.6840000000000014 0.0510917282365369
0.6850000000000014 0.0511913399718587
0.6860000000000014 0.0512805875493719
0.6870000000000014 0.0513594653564137
0.6880000000000014 0.0514279696152866
0.6890000000000014 0.0514860983918867
0.6900000000000014 0.0515338516041291
0.6910000000000014 0.0515712310301645
0.6920000000000014 0.0515982403163866
0.6930000000000014 0.0516148849852240
0.6940000000000014 0.0516211724427177
0.6950000000000014 0.0516171119858756
0.6960000000000014 0.0516027148098065
0.6970000000000014 0.0515779940146248
0.6980000000000014 0.0515429646121274
0.6990000000000014 0.0514976435322363
0.7000000000000014 0.0514420496292046
0.7010000000000014 0.0513762036875830
0.7020000000000014 0.0513001284279431
0.7030000000000014 0.0512138485123532
0.7040000000000014 0.0511173905496051
0.7050000000000014 0.0510107831001869
0.7060000000000014 0.0508940566809984
0.7070000000000014 0.0507672437698065
0.7080000000000014 0.0506303788094370
0.7090000000000014 0.0504834982116978
0.7100000000000014 0.0503266403610326
0.7110000000000014 0.0501598456178982
0.7120000000000014 0.0499831563218652
0.7130000000000014 0.0497966167944359
0.7140000000000014 0.0496002733415776
0.7150000000000014 0.0493941742559656
0.7160000000000014 0.0491783698189346
0.7170000000000014 0.0489529123021331
0.7180000000000014 0.0487178559688777
0.7190000000000014 0.0484732570752034
0.7200000000000014 0.0482191738706059
0.7210000000000014 0.0479556665984733
0.7220000000000014 0.0476827974962012
0.7230000000000014 0.0474006307949898
0.7240000000000014 0.0471092327193174
0.7250000000000014 0.0468086714860868
0.7260000000000014 0.0464990173034413
0.7270000000000014 0.0461803423692461
0.7280000000000014 0.0458527208692301
0.7290000000000014 0.0455162289747863
0.7300000000000014 0.0451709448404241
0.7310000000000014 0.0448169486008723
0.7320000000000014 0.0444543223678264
0.7330000000000014 0.0440831502263374
0.7340000000000014 0.0437035182308374
0.7350000000000014 0.0433155144007987
0.7360000000000014 0.0429192287160214
0.7370000000000014 0.0425147531115454
0.7380000000000014 0.0421021814721831
0.7390000000000014 0.0416816096266688
0.7400000000000014 0.0412531353414191
0.7410000000000014 0.0408168583139020
0.7420000000000014 0.0403728801656086
0.7430000000000014 0.0399213044346247
0.7440000000000014 0.0394622365677969
0.7450000000000014 0.0389957839124886
0.7460000000000014 0.0385220557079233
0.7470000000000014 0.0380411630761080
0.7480000000000014 0.0375532190123351
0.7490000000000014 0.0370583383752562
0.7500000000000014 0.0365566378765249
0.7510000000000014 0.0360482360700024
0.7520000000000014 0.0355332533405228
0.7530000000000014 0.0350118118922138
0.7540000000000014 0.0344840357363658
0.7550000000000014 0.0339500506788480
0.7560000000000014 0.0334099843070640
0.7570000000000014 0.0328639659764452
0.7580000000000015 0.0323121267964735
0.7590000000000015 0.0317545996162331
0.7600000000000015 0.0311915190094819
0.7610000000000015 0.0306230212592425
0.7620000000000015 0.0300492443419036
0.7630000000000015 0.0294703279108303
0.7640000000000015 0.0288864132794770
0.7650000000000015 0.0282976434039974
0.7660000000000015 0.0277041628653489
0.7670000000000015 0.0271061178508836
0.7680000000000015 0.0265036561354241
0.7690000000000015 0.0258969270618153
0.7700000000000015 0.0252860815209518
0.7710000000000015 0.0246712719312716
0.7720000000000015 0.0240526522177138
0.7730000000000015 0.0234303777901340
0.7740000000000015 0.0228046055211729
0.7750000000000015 0.0221754937235719
0.7760000000000015 0.0215432021269325
0.7770000000000015 0.0209078918539119
0.7780000000000015 0.0202697253958519
0.7790000000000015 0.0196288665878335
0.7800000000000015 0.0189854805831546
0.7810000000000015 0.0183397338272233
0.7820000000000015 0.0176917940308617
0.7830000000000015 0.0170418301430169
0.7840000000000015 0.0163900123228710
0.7850000000000015 0.0157365119113466
0.7860000000000015 0.0150815014020019
0.7870000000000015 0.0144251544113092
0.7880000000000015 0.0137676456483129
0.7890000000000015 0.0131091508836595
0.7900000000000015 0.0124498469179959
0.7910000000000015 0.0117899115497292
0.7920000000000015 0.0111295235421423
0.7930000000000015 0.0104688625898612
0.7940000000000015 0.0098081092846668
0.7950000000000015 0.0091474450806454
0.7960000000000015 0.0084870522586741
0.7970000000000015 0.0078271138902327
0.7980000000000015 0.0071678138005385
0.7990000000000015 0.0065093365309970
0.8000000000000015 0.0058518673009634
0.8010000000000015 0.0051955919688083
0.8020000000000015 0.0045406969922818
0.8030000000000015 0.0038873693881714
0.8040000000000015 0.0032357966912456
0.8050000000000015 0.0025861669124792
0.8060000000000015 0.0019386684965525
0.8070000000000015 0.0012934902786204
0.8080000000000015 0.0006508214403431
0.8090000000000015 0.0000108514651742
0.8100000000000015 0.0006262299071009
0.8110000000000015 0.0012602327265823
0.8120000000000015 0.0018909668802349
0.8130000000000015 0.0025182421396353
0.8140000000000015 0.0031418682094938
0.8150000000000015 0.0037616547769557
0.8160000000000015 0.0043774115616911
0.8170000000000015 0.0049889483667763
0.8180000000000015 0.0055960751303762
0.8190000000000015 0.0061986019782314
0.8200000000000015 0.0067963392769589
0.8210000000000015 0.0073890976881707
0.8220000000000015 0.0079766882234182
0.8230000000000015 0.0085589222999685
0.8240000000000015 0.0091356117974193
0.8250000000000015 0.0097065691151577
0.8260000000000015 0.0102716072306723
0.8270000000000015 0.0108305397587222
0.8280000000000015 0.0113831810113717
0.8290000000000015 0.0119293460588961
0.8300000000000015 0.0124688507915663
0.8310000000000015 0.0130015119823181
0.8320000000000015 0.0135271473503140
0.8330000000000015 0.0140455756254032
0.8340000000000015 0.0145566166134879
0.8350000000000015 0.0150600912628008
0.8360000000000015 0.0155558217311041
0.8370000000000015 0.0160436314538130
0.8380000000000015 0.0165233452130534
0.8390000000000015 0.0169947892076603
0.8400000000000015 0.0174577911241232
0.8410000000000015 0.0179121802084860
0.8420000000000015 0.0183577873392090
0.8430000000000015 0.0187944451009997
0.8440000000000015 0.0192219878596188
0.8450000000000015 0.0196402518376707
0.8460000000000015 0.0200490751913838
0.8470000000000015 0.0204482980883879
0.8480000000000015 0.0208377627864982
0.8490000000000015 0.0212173137135105
0.8500000000000015 0.0215867975480166
0.8510000000000015 0.0219460633012469
0.8520000000000015 0.0222949623999479
0.8530000000000015 0.0226333487703014
0.8540000000000015 0.0229610789228938
0.8550000000000015 0.0232780120387420
0.8560000000000015 0.0235840100563850
0.8570000000000015 0.0238789377600469
0.8580000000000015 0.0241626628688810
0.8590000000000015 0.0244350561273001
0.8600000000000015 0.0246959913964045
0.8610000000000015 0.0249453457465106
0.8620000000000015 0.0251829995507930
0.8630000000000015 0.0254088365800431
0.8640000000000015 0.0256227440985561
0.8650000000000015 0.0258246129611517
0.8660000000000015 0.0260143377113374
0.8670000000000015 0.0261918166806221
0.8680000000000015 0.0263569520889886
0.8690000000000015 0.0265096501465320
0.8700000000000015 0.0266498211562722
0.8710000000000016 0.0267773796181508
0.8720000000000016 0.0268922443342161
0.8730000000000016 0.0269943385150093
0.8740000000000016 0.0270835898871562
0.8750000000000016 0.0271599308021751
0.8760000000000016 0.0272232983465080
0.8770000000000016 0.0272736344527836
0.8780000000000016 0.0273108860123205
0.8790000000000016 0.0273350049888793
0.8800000000000016 0.0273459485336712
0.8810000000000016 0.0273436791016331
0.8820000000000016 0.0273281645689748
0.8830000000000016 0.0272993783520108
0.8840000000000016 0.0272572995272815
0.8850000000000016 0.0272019129529750
0.8860000000000016 0.0271332093916566
0.8870000000000016 0.0270511856343151
0.8880000000000016 0.0269558446257355
0.8890000000000016 0.0268471955912050
0.8900000000000016 0.0267252541645630
0.8910000000000016 0.0265900425176025
0.8920000000000016 0.0264415894908323
0.8930000000000016 0.0262799307256093
0.8940000000000016 0.0261051087976485
0.8950000000000016 0.0259171733519219
0.8960000000000016 0.0257161812389524
0.8970000000000016 0.0255021966525140
0.8980000000000016 0.0252752912687473
0.8990000000000016 0.0250355443866972
0.9000000000000016 0.0247830430702848
0.9010000000000016 0.0245178822917209
0.9020000000000016 0.0242401650763703
0.9030000000000016 0.0239500026490779
0.9040000000000016 0.0236475145819629
0.9050000000000016 0.0233328289436938
0.9060000000000016 0.0230060824502509
0.9070000000000016 0.0226674206171873
0.9080000000000016 0.0223169979133967
0.9090000000000016 0.0219549779163988
0.9100000000000016 0.0215815334691507
0.9110000000000016 0.0211968468383940
0.9120000000000016 0.0208011098745481
0.9130000000000016 0.0203945241731583
0.9140000000000016 0.0199773012379086
0.9150000000000016 0.0195496626452098
0.9160000000000016 0.0191118402103710
0.9170000000000016 0.0186640761553659
0.9180000000000016 0.0182066232782033
0.9190000000000016 0.0177397451239105
0.9200000000000016 0.0172637161571415
0.9210000000000016 0.0167788219364180
0.9220000000000016 0.0162853592900151
0.9230000000000016 0.0157836364934996
0.9240000000000016 0.0152739734489334
0.9250000000000016 0.0147567018657496
0.9260000000000016 0.0142321654433135
0.9270000000000016 0.0137007200551773
0.9280000000000016 0.0131627339350398
0.9290000000000016 0.0126185878644205
0.9300000000000016 0.0120686753620590
0.9310000000000016 0.0115134028750496
0.9320000000000016 0.0109531899717218
0.9330000000000016 0.0103884695362773
0.9340000000000016 0.0098196879651932
0.9350000000000016 0.0092473053654028
0.9360000000000016 0.0086717957542642
0.9370000000000016 0.0080936472613272
0.9380000000000016 0.0075133623319090
0.9390000000000016 0.0069314579324900
0.9400000000000016 0.0063484657579397
0.9410000000000016 0.0057649324405838
0.9420000000000016 0.0051814197611236
0.9430000000000016 0.0045985048614175
0.9440000000000016 0.0040167804591372
0.9450000000000016 0.0034368550643075
0.9460000000000016 0.0028593531977425
0.9470000000000016 0.0022849156113876
0.9480000000000016 0.0017141995105801
0.9490000000000016 0.0011478787782380
0.9500000000000016 0.0005866442009881
0.9510000000000016 0.0000312036972465
0.9520000000000016 0.0005177174527395
0.9530000000000016 0.0010593763748763
0.9540000000000016 0.0015930123672229
0.9550000000000016 0.0021178466639950
0.9560000000000016 0.0026330821975600
0.9570000000000016 0.0031379033584147
0.9580000000000016 0.0036314757531309
0.9590000000000016 0.0041129459602600
0.9600000000000016 0.0045814412841839
0.9610000000000016 0.0050360695069002
0.9620000000000016 0.0054759186377313
0.9630000000000016 0.0059000566609445
0.9640000000000016 0.0063075312812721
0.9650000000000016 0.0066973696673191
0.9660000000000016 0.0070685781928478
0.9670000000000016 0.0074201421759257
0.9680000000000016 0.0077510256159266
0.9690000000000016 0.0080601709283718
0.9700000000000016 0.0083464986775996
0.9710000000000016 0.0086089073072513
0.9720000000000016 0.0088462728685620
0.9730000000000016 0.0090574487464421
0.9740000000000016 0.0092412653833408
0.9750000000000016 0.0093965300008754
0.9760000000000016 0.0095220263192180
0.9770000000000016 0.0096165142742232
0.9780000000000016 0.0096787297322894
0.9790000000000016 0.0097073842029356
0.9800000000000016 0.0097011645490861
0.9810000000000016 0.0096587326950484
0.9820000000000016 0.0095787253321719
0.9830000000000017 0.0094597536221745
0.9840000000000017 0.0093004028981255
0.9850000000000017 0.0090992323630720
0.9860000000000017 0.0088547747862949
0.9870000000000017 0.0085655361971825
0.9880000000000017 0.0082299955767096
0.9890000000000017 0.0078466045465080
0.9900000000000017 0.0074137870555161
0.9910000000000017 0.0069299390641950
0.9920000000000017 0.0063934282262968
0.9930000000000017 0.0058025935681746
0.9940000000000017 0.0051557451656172
0.9950000000000017 0.0044511638181997
0.9960000000000017 0.0036871007211340
0.9970000000000017 0.0028617771346064
0.9980000000000017 0.0019733840505897
0.9990000000000017 0.0010200818571161
