-1.0000000000000000 1.0541030106408829
-0.9990000000000000 0.9863776707466309
-0.9980000000000000 0.9205384695507529
-0.9970000000000000 0.8565542948392144
-0.9960000000000000 0.7943943739582904
-0.9950000000000000 0.7340282712553423
-0.9940000000000000 0.6754258855330020
-0.9930000000000000 0.6185574475166769
-0.9920000000000000 0.5633935173353798
-0.9910000000000000 0.5099049820157823
-0.9900000000000000 0.4580630529894885
-0.9890000000000000 0.4078392636134556
-0.9880000000000000 0.3592054667035263
-0.9870000000000000 0.3121338320810251
-0.9860000000000000 0.2665968441323750
-0.9850000000000000 0.2225672993816670
-0.9840000000000000 0.1800183040761802
-0.9830000000000000 0.1389232717847530
-0.9820000000000000 0.0992559210090090
-0.9810000000000000 0.0609902728073472
-0.9800000000000000 0.0241006484316953
-0.9790000000000000 0.0114383330230714
-0.9780000000000000 0.0456517569570280
-0.9770000000000000 0.0785644155905296
-0.9760000000000000 0.1102008102769569
-0.9750000000000000 0.1405851538029610
-0.9740000000000000 0.1697413726762439
-0.9730000000000000 0.1976931094009051
-0.9720000000000000 0.2244637247404277
-0.9710000000000000 0.2500762999683176
-0.9700000000000000 0.2745536391064606
-0.9690000000000000 0.2979182711512416
-0.9680000000000000 0.3201924522874622
-0.9670000000000000 0.3413981680901003
-0.9660000000000000 0.3615571357139705
-0.9650000000000000 0.3806908060713109
-0.9640000000000000 0.3988203659973567
-0.9630000000000000 0.4159667404039311
-0.9620000000000000 0.4321505944211124
-0.9610000000000000 0.4473923355269988
-0.9600000000000000 0.4617121156656500
-0.9590000000000000 0.4751298333532035
-0.9580000000000000 0.4876651357722565
-0.9570000000000000 0.4993374208545164
-0.9560000000000000 0.5101658393517922
-0.9550000000000000 0.5201692968953592
-0.9540000000000000 0.5293664560437323
-0.9530000000000000 0.5377757383189056
-0.9520000000000000 0.5454153262310917
-0.9510000000000000 0.5523031652920142
-0.9500000000000000 0.5584569660167735
-0.9490000000000000 0.5638942059143601
-0.9480000000000000 0.5686321314668329
-0.9470000000000000 0.5726877600972162
-0.9460000000000000 0.5760778821261568
-0.9450000000000000 0.5788190627173816
-0.9440000000000000 0.5809276438119988
-0.9429999999999999 0.5824197460516853
-0.9419999999999999 0.5833112706908037
-0.9409999999999999 0.5836179014974862
-0.9399999999999999 0.5833551066437335
-0.9389999999999999 0.5825381405845667
-0.9379999999999999 0.5811820459262710
-0.9369999999999999 0.5793016552837851
-0.9359999999999999 0.5769115931272588
-0.9349999999999999 0.5740262776178371
-0.9339999999999999 0.5706599224327068
-0.9329999999999999 0.5668265385794385
-0.9319999999999999 0.5625399361996808
-0.9309999999999999 0.5578137263622327
-0.9299999999999999 0.5526613228455455
-0.9289999999999999 0.5470959439096892
-0.9279999999999999 0.5411306140578285
-0.9269999999999999 0.5347781657872430
-0.9259999999999999 0.5280512413299414
-0.9249999999999999 0.5209622943828969
-0.9239999999999999 0.5135235918279618
-0.9229999999999999 0.5057472154414830
-0.9219999999999999 0.4976450635936709
-0.9209999999999999 0.4892288529377604
-0.9199999999999999 0.4805101200889986
-0.9189999999999999 0.4715002232935012
-0.9179999999999999 0.4622103440870241
-0.9169999999999999 0.4526514889436798
-0.9159999999999999 0.4428344909146438
-0.9149999999999999 0.4327700112568883
-0.9139999999999999 0.4224685410519880
-0.9129999999999999 0.4119404028150282
-0.9119999999999999 0.4011957520936645
-0.9109999999999999 0.3902445790573617
-0.9099999999999999 0.3790967100768644
-0.9089999999999999 0.3677618092939282
-0.9079999999999999 0.3562493801813505
-0.9069999999999999 0.3445687670933504
-0.9059999999999999 0.3327291568063195
-0.9049999999999999 0.3207395800499995
-0.9039999999999999 0.3086089130291119
-0.9029999999999999 0.2963458789354865
-0.9019999999999999 0.2839590494507205
-0.9009999999999999 0.2714568462394132
-0.8999999999999999 0.2588475424330101
-0.8989999999999999 0.2461392641042928
-0.8979999999999999 0.2333399917325595
-0.8969999999999999 0.2204575616595268
-0.8959999999999999 0.2074996675359936
-0.8949999999999999 0.1944738617593078
-0.8939999999999999 0.1813875569016648
-0.8929999999999999 0.1682480271292862
-0.8919999999999999 0.1550624096125076
-0.8909999999999999 0.1418377059268162
-0.8899999999999999 0.1285807834448766
-0.8889999999999999 0.1152983767195801
-0.8879999999999999 0.1019970888581510
-0.8869999999999999 0.0886833928873588
-0.8859999999999999 0.0753636331098579
-0.8849999999999999 0.0620440264517000
-0.8839999999999999 0.0487306638010604
-0.8829999999999999 0.0354295113381991
-0.8819999999999999 0.0221464118567148
-0.8809999999999999 0.0088870860761063
-0.8799999999999999 0.0043428660543051
-0.8789999999999999 0.0175379640600656
-0.8779999999999999 0.0306928456548546
-0.8769999999999999 0.0438022654622831
-0.8759999999999999 0.0568610937461968
-0.8749999999999999 0.0698643151494457
-0.8739999999999999 0.0828070274410783
-0.8729999999999999 0.0956844402719410
-0.8719999999999999 0.1084918739386191
-0.8709999999999999 0.1212247581557205
-0.8699999999999999 0.1338786308364295
-0.8689999999999999 0.1464491368813255
-0.8679999999999999 0.1589320269754110
-0.8669999999999999 0.1713231563933268
-0.8659999999999999 0.1836184838127077
-0.8649999999999999 0.1958140701356589
-0.8639999999999999 0.2079060773182977
-0.8629999999999999 0.2198907672083507
-0.8619999999999999 0.2317645003907459
-0.8609999999999999 0.2435237350411869
-0.8599999999999999 0.2551650257876577
-0.8589999999999999 0.2666850225798378
-0.8579999999999999 0.2780804695663829
-0.8569999999999999 0.2893482039800410
-0.8559999999999999 0.3004851550305712
-0.8549999999999999 0.3114883428054245
-0.8539999999999999 0.3223548771781670
-0.8529999999999999 0.3330819567245876
-0.8519999999999999 0.3436668676464855
-0.8509999999999999 0.3541069827030782
-0.8499999999999999 0.3643997601500119
-0.8489999999999999 0.3745427426859347
-0.8479999999999999 0.3845335564066007
-0.8469999999999999 0.3943699097664685
-0.8459999999999999 0.4040495925477685
-0.8449999999999999 0.4135704748369941
-0.8439999999999999 0.4229305060087967
-0.8429999999999999 0.4321277137172394
-0.8419999999999999 0.4411602028943855
-0.8409999999999999 0.4500261547561847
-0.8399999999999999 0.4587238258156216
-0.8389999999999999 0.4672515469031013
-0.8379999999999999 0.4756077221940326
-0.8369999999999999 0.4837908282435804
-0.8359999999999999 0.4917994130285504
-0.8349999999999999 0.4996320949963801
-0.8339999999999999 0.5072875621211967
-0.8329999999999999 0.5147645709669162
-0.8319999999999999 0.5220619457573445
-0.8309999999999998 0.5291785774532596
-0.8299999999999998 0.5361134228364259
-0.8289999999999998 0.5428655036005291
-0.8279999999999998 0.5494339054489806
-0.8269999999999998 0.5558177771995747
-0.8259999999999998 0.5620163298959573
-0.8249999999999998 0.5680288359258790
-0.8239999999999998 0.5738546281462010
-0.8229999999999998 0.5794930990146233
-0.8219999999999998 0.5849436997280933
-0.8209999999999998 0.5902059393678875
-0.8199999999999998 0.5952793840513064
-0.8189999999999998 0.6001636560899744
-0.8179999999999998 0.6048584331546965
-0.8169999999999998 0.6093634474468614
-0.8159999999999998 0.6136784848763335
-0.8149999999999998 0.6178033842458288
-0.8139999999999998 0.6217380364417259
-0.8129999999999998 0.6254823836312950
-0.8119999999999998 0.6290364184663003
-0.8109999999999998 0.6324001832929591
-0.8099999999999998 0.6355737693682185
-0.8089999999999998 0.6385573160823249
-0.8079999999999998 0.6413510101876473
-0.8069999999999998 0.6439550850337403
-0.8059999999999998 0.6463698198085981
-0.8049999999999998 0.6485955387860819
-0.8039999999999998 0.6506326105794918
-0.8029999999999998 0.6524814474012437
-0.8019999999999998 0.6541425043286262
-0.8009999999999998 0.6556162785756172
-0.7999999999999998 0.6569033087707141
-0.7989999999999998 0.6580041742407605
-0.7979999999999998 0.6589194943007355
-0.7969999999999998 0.6596499275494765
-0.7959999999999998 0.6601961711713091
-0.7949999999999998 0.6605589602435491
-0.7939999999999998 0.6607390670498552
-0.7929999999999998 0.6607373003993968
-0.7919999999999998 0.6605545049518132
-0.7909999999999998 0.6601915605479320
-0.7899999999999998 0.6596493815462185
-0.7889999999999998 0.6589289161649305
-0.7879999999999998 0.6580311458299459
-0.7869999999999998 0.6569570845282360
-0.7859999999999998 0.6557077781669615
-0.7849999999999998 0.6542843039381492
-0.7839999999999998 0.6526877696889402
-0.7829999999999998 0.6509193132973649
-0.7819999999999998 0.6489801020536246
-0.7809999999999998 0.6468713320468514
-0.7799999999999998 0.6445942275573205
-0.7789999999999998 0.6421500404540760
-0.7779999999999998 0.6395400495979597
-0.7769999999999998 0.6367655602500001
-0.7759999999999998 0.6338279034851475
-0.7749999999999998 0.6307284356113091
-0.7739999999999998 0.6274685375936813
-0.7729999999999998 0.6240496144843272
-0.7719999999999998 0.6204730948569920
-0.7709999999999998 0.6167404302471180
-0.7699999999999998 0.6128530945970312
-0.7689999999999998 0.6088125837062824
-0.7679999999999998 0.6046204146871063
-0.7669999999999998 0.6002781254249734
-0.7659999999999998 0.5957872740442154
-0.7649999999999998 0.5911494383786854
-0.7639999999999998 0.5863662154474364
-0.7629999999999998 0.5814392209353868
-0.7619999999999998 0.5763700886789480
-0.7609999999999998 0.5711604701565847
-0.7599999999999998 0.5658120339842878
-0.7589999999999998 0.5603264654159282
-0.7579999999999998 0.5547054658484659
-0.7569999999999998 0.5489507523319894
-0.7559999999999998 0.5430640570845640
-0.7549999999999998 0.5370471270118551
-0.7539999999999998 0.5309017232315006
-0.7529999999999998 0.5246296206022192
-0.7519999999999998 0.5182326072576126
-0.7509999999999998 0.5117124841446450
-0.7499999999999998 0.5050710645667766
-0.7489999999999998 0.4983101737317165
-0.7479999999999998 0.4914316483037768
-0.7469999999999998 0.4844373359608036
-0.7459999999999998 0.4773290949556530
-0.7449999999999998 0.4701087936821926
-0.7439999999999998 0.4627783102457993
-0.7429999999999998 0.4553395320383367
-0.7419999999999998 0.4477943553175742
-0.7409999999999998 0.4401446847910326
-0.7399999999999998 0.4323924332042312
-0.7389999999999998 0.4245395209333062
-0.7379999999999998 0.4165878755819786
-0.7369999999999998 0.4085394315828512
-0.7359999999999998 0.4003961298030017
-0.7349999999999998 0.3921599171538552
-0.7339999999999998 0.3838327462053067
-0.7329999999999998 0.3754165748040755
-0.7319999999999998 0.3669133656962559
-0.7309999999999998 0.3583250861540549
-0.7299999999999998 0.3496537076066823
-0.7289999999999998 0.3409012052753707
-0.7279999999999998 0.3320695578125060
-0.7269999999999998 0.3231607469448408
-0.7259999999999998 0.3141767571207685
-0.7249999999999998 0.3051195751616316
-0.7239999999999998 0.2959911899170454
-0.7229999999999998 0.2867935919242126
-0.7219999999999998 0.2775287730711979
-0.7209999999999998 0.2681987262641530
-0.7199999999999998 0.2588054450984544
-0.7189999999999998 0.2493509235337411
-0.7179999999999997 0.2398371555728254
-0.7169999999999997 0.2302661349444500
-0.7159999999999997 0.2206398547898772
-0.7149999999999997 0.2109603073532782
-0.7139999999999997 0.2012294836759058
-0.7129999999999997 0.1914493732940246
-0.7119999999999997 0.1816219639405764
-0.7109999999999997 0.1717492412505599
-0.7099999999999997 0.1618331884701007
-0.7089999999999997 0.1518757861691890
-0.7079999999999997 0.1418790119580630
-0.7069999999999997 0.1318448402072139
-0.7059999999999997 0.1217752417709981
-0.7049999999999997 0.1116721837148181
-0.7039999999999997 0.1015376290458706
-0.7029999999999997 0.0913735364474204
-0.7019999999999997 0.0811818600165950
-0.7009999999999997 0.0709645490056632
-0.6999999999999997 0.0607235475667857
-0.6989999999999997 0.0504607945002128
-0.6979999999999997 0.0401782230059076
-0.6969999999999997 0.0298777604385723
-0.6959999999999997 0.0195613280660566
-0.6949999999999997 0.0092308408311275
-0.6939999999999997 0.0011117928834204
-0.6929999999999997 0.0114646714863407
-0.6919999999999997 0.0218259004062094
-0.6909999999999997 0.0321935923164255
-0.6899999999999997 0.0425658673569604
-0.6889999999999997 0.0529408533528676
-0.6879999999999997 0.0633166860295856
-0.6869999999999997 0.0736915092250458
-0.6859999999999997 0.0840634750986146
-0.6849999999999997 0.0944307443368792
-0.6839999999999997 0.1047914863563093
-0.6829999999999997 0.1151438795028098
-0.6819999999999997 0.1254861112481846
-0.6809999999999997 0.1358163783835305
-0.6799999999999997 0.1461328872095922
-0.6789999999999997 0.1564338537240833
-0.6779999999999997 0.1667175038060031
-0.6769999999999997 0.1769820733969682
-0.6759999999999997 0.1872258086795806
-0.6749999999999997 0.1974469662528447
-0.6739999999999997 0.2076438133046645
-0.6729999999999997 0.2178146277814304
-0.6719999999999997 0.2279576985547236
-0.6709999999999997 0.2380713255851526
-0.6699999999999997 0.2481538200833448
-0.6689999999999997 0.2582035046681095
-0.6679999999999997 0.2682187135217987
-0.6669999999999997 0.2781977925428735
-0.6659999999999997 0.2881390994957092
-0.6649999999999997 0.2980410041576484
-0.6639999999999997 0.3079018884633277
-0.6629999999999997 0.3177201466462893
-0.6619999999999997 0.3274941853779099
-0.6609999999999997 0.3372224239036510
-0.6599999999999997 0.3469032941766620
-0.6589999999999997 0.3565352409887466
-0.6579999999999997 0.3661167220987153
-0.6569999999999997 0.3756462083581463
-0.6559999999999997 0.3851221838345642
-0.6549999999999997 0.3945431459320632
-0.6539999999999997 0.4039076055093933
-0.6529999999999997 0.4132140869955212
-0.6519999999999997 0.4224611285026934
-0.6509999999999997 0.4316472819370140
-0.6499999999999997 0.4407711131065558
-0.6489999999999997 0.4498312018270297
-0.6479999999999997 0.4588261420250165
-0.6469999999999997 0.4677545418388003
-0.6459999999999997 0.4766150237167981
-0.6449999999999997 0.4854062245136247
-0.6439999999999997 0.4941267955837940
-0.6429999999999997 0.5027754028730893
-0.6419999999999997 0.5113507270076068
-0.6409999999999997 0.5198514633805025
-0.6399999999999997 0.5282763222364499
-0.6389999999999997 0.5366240287538333
-0.6379999999999997 0.5448933231246926
-0.6369999999999997 0.5530829606324328
-0.6359999999999997 0.5611917117273245
-0.6349999999999997 0.5692183620998021
-0.6339999999999997 0.5771617127515875
-0.6329999999999997 0.5850205800646477
-0.6319999999999997 0.5927937958680121
-0.6309999999999997 0.6004802075024557
-0.6299999999999997 0.6080786778830802
-0.6289999999999997 0.6155880855597926
-0.6279999999999997 0.6230073247757169
-0.6269999999999997 0.6303353055235348
-0.6259999999999997 0.6375709535997960
-0.6249999999999997 0.6447132106571930
-0.6239999999999997 0.6517610342548321
-0.6229999999999997 0.6587133979065096
-0.6219999999999997 0.6655692911270128
-0.6209999999999997 0.6723277194764613
-0.6199999999999997 0.6789877046027066
-0.6189999999999997 0.6855482842818048
-0.6179999999999997 0.6920085124565761
-0.6169999999999997 0.6983674592732765
-0.6159999999999997 0.7046242111163871
-0.6149999999999997 0.7107778706415429
-0.6139999999999997 0.7168275568066187
-0.6129999999999997 0.7227724049009819
-0.6119999999999997 0.7286115665729367
-0.6109999999999997 0.7343442098553661
-0.6099999999999997 0.7399695191895947
-0.6089999999999997 0.7454866954474866
-0.6079999999999997 0.7508949559517923
-0.6069999999999997 0.7561935344947606
-0.6059999999999997 0.7613816813550325
-0.6049999999999996 0.7664586633128324
-0.6039999999999996 0.7714237636634702
-0.6029999999999996 0.7762762822291726
-0.6019999999999996 0.7810155353692565
-0.6009999999999996 0.7856408559886598
-0.5999999999999996 0.7901515935448487
-0.5989999999999996 0.7945471140531106
-0.5979999999999996 0.7988268000902521
-0.5969999999999996 0.8029900507967171
-0.5959999999999996 0.8070362818771354
-0.5949999999999996 0.8109649255993246
-0.5939999999999996 0.8147754307917515
-0.5929999999999996 0.8184672628394738
-0.5919999999999996 0.8220399036785753
-0.5909999999999996 0.8254928517891083
-0.5899999999999996 0.8288256221865583
-0.5889999999999996 0.8320377464118475
-0.5879999999999996 0.8351287725198846
-0.5869999999999996 0.8380982650666879
-0.5859999999999996 0.8409458050950835
-0.5849999999999996 0.8436709901190005
-0.5839999999999996 0.8462734341063702
-0.5829999999999996 0.8487527674606585
-0.5819999999999996 0.8511086370010246
-0.5809999999999996 0.8533407059411363
-0.5799999999999996 0.8554486538666506
-0.5789999999999996 0.8574321767113731
-0.5779999999999996 0.8592909867321075
-0.5769999999999996 0.8610248124822164
-0.5759999999999996 0.8626333987838994
-0.5749999999999996 0.8641165066992091
-0.5739999999999996 0.8654739134998095
-0.5729999999999996 0.8667054126355009
-0.5719999999999996 0.8678108137015190
-0.5709999999999996 0.8687899424046188
-0.5699999999999996 0.8696426405279658
-0.5689999999999996 0.8703687658948402
-0.5679999999999996 0.8709681923311658
-0.5669999999999996 0.8714408096268874
-0.5659999999999996 0.8717865234961988
-0.5649999999999996 0.8720052555366381
-0.5639999999999996 0.8720969431870684
-0.5629999999999996 0.8720615396845482
-0.5619999999999996 0.8718990140201075
-0.5609999999999996 0.8716093508934519
-0.5599999999999996 0.8711925506665890
-0.5589999999999996 0.8706486293164049
-0.5579999999999996 0.8699776183862016
-0.5569999999999996 0.8691795649361962
-0.5559999999999996 0.8682545314930141
-0.5549999999999996 0.8672025959981693
-0.5539999999999996 0.8660238517555545
-0.5529999999999996 0.8647184073779550
-0.5519999999999996 0.8632863867325902
-0.5509999999999996 0.8617279288857065
-0.5499999999999996 0.8600431880462188
-0.5489999999999996 0.8582323335084284
-0.5479999999999996 0.8562955495938183
-0.5469999999999996 0.8542330355919423
-0.5459999999999996 0.8520450057004231
-0.5449999999999996 0.8497316889640583
-0.5439999999999996 0.8472933292130675
-0.5429999999999996 0.8447301850004676
-0.5419999999999996 0.8420425295386105
-0.5409999999999996 0.8392306506348787
-0.5399999999999996 0.8362948506265583
-0.5389999999999996 0.8332354463148994
-0.5379999999999996 0.8300527688983738
-0.5369999999999996 0.8267471639051442
-0.5359999999999996 0.8233189911247520
-0.5349999999999996 0.8197686245390394
-0.5339999999999996 0.8160964522523159
-0.5329999999999996 0.8123028764207754
-0.5319999999999996 0.8083883131811854
-0.5309999999999996 0.8043531925788459
-0.5299999999999996 0.8001979584948433
-0.5289999999999996 0.7959230685725949
-0.5279999999999996 0.7915289941437116
-0.5269999999999996 0.7870162201531719
-0.5259999999999996 0.7823852450838363
-0.5249999999999996 0.7776365808802921
-0.5239999999999996 0.7727707528720604
-0.5229999999999996 0.7677882996961609
-0.5219999999999996 0.7626897732190480
-0.5209999999999996 0.7574757384579356
-0.5199999999999996 0.7521467735015096
-0.5189999999999996 0.7467034694300491
-0.5179999999999996 0.7411464302349583
-0.5169999999999996 0.7354762727377255
-0.5159999999999996 0.7296936265083129
-0.5149999999999996 0.7237991337829937
-0.5139999999999996 0.7177934493816436
-0.5129999999999996 0.7116772406244899
-0.5119999999999996 0.7054511872483453
-0.5109999999999996 0.6991159813223140
-0.5099999999999996 0.6926723271630002
-0.5089999999999996 0.6861209412492102
-0.5079999999999996 0.6794625521361761
-0.5069999999999996 0.6726979003692923
-0.5059999999999996 0.6658277383973908
-0.5049999999999996 0.6588528304855525
-0.5039999999999996 0.6517739526274644
-0.5029999999999996 0.6445918924573451
-0.5019999999999996 0.6373074491614296
-0.5009999999999996 0.6299214333890349
-0.4999999999999996 0.6224346671632111
-0.4989999999999996 0.6148479837909838
-0.4979999999999996 0.6071622277732056
-0.4969999999999996 0.5993782547140145
-0.4959999999999996 0.5914969312299163
-0.4949999999999996 0.5835191348584949
-0.4939999999999996 0.5754457539667620
-0.4929999999999995 0.5672776876591503
-0.4919999999999995 0.5590158456851653
-0.4909999999999995 0.5506611483466974
-0.4899999999999995 0.5422145264050049
-0.4889999999999995 0.5336769209873793
-0.4879999999999995 0.5250492834934957
-0.4869999999999995 0.5163325755014581
-0.4859999999999995 0.5075277686735498
-0.4849999999999995 0.4986358446616937
-0.4839999999999995 0.4896577950126343
-0.4829999999999995 0.4805946210728408
-0.4819999999999995 0.4714473338931494
-0.4809999999999995 0.4622169541331449
-0.4799999999999995 0.4529045119652924
-0.4789999999999995 0.4435110469788254
-0.4779999999999995 0.4340376080833958
-0.4769999999999995 0.4244852534124964
-0.4759999999999995 0.4148550502266633
-0.4749999999999995 0.4051480748164586
-0.4739999999999995 0.3953654124052486
-0.4729999999999995 0.3855081570517795
-0.4719999999999995 0.3755774115525577
-0.4709999999999995 0.3655742873440456
-0.4699999999999995 0.3554999044046709
-0.4689999999999995 0.3453553911566649
-0.4679999999999995 0.3351418843677316
-0.4669999999999995 0.3248605290525535
-0.4659999999999995 0.3145124783741422
-0.4649999999999995 0.3040988935450381
-0.4639999999999995 0.2936209437283692
-0.4629999999999995 0.2830798059387665
-0.4619999999999995 0.2724766649431534
-0.4609999999999995 0.2618127131614030
-0.4599999999999995 0.2510891505668786
-0.4589999999999995 0.2403071845868570
-0.4579999999999995 0.2294680300028406
-0.4569999999999995 0.2185729088507669
-0.4559999999999995 0.2076230503211186
-0.4549999999999995 0.1966196906589367
-0.4539999999999995 0.1855640730637466
-0.4529999999999995 0.1744574475893987
-0.4519999999999995 0.1633010710438274
-0.4509999999999995 0.1520962068887390
-0.4499999999999995 0.1408441251392256
-0.4489999999999995 0.1295461022633116
-0.4479999999999995 0.1182034210814419
-0.4469999999999995 0.1068173706659100
-0.4459999999999995 0.0953892462402320
-0.4449999999999995 0.0839203490784722
-0.4439999999999995 0.0724119864045210
-0.4429999999999995 0.0608654712913317
-0.4419999999999995 0.0492821225601164
-0.4409999999999995 0.0376632646795106
-0.4399999999999995 0.0260102276647000
-0.4389999999999995 0.0143243469765250
-0.4379999999999995 0.0026069634205504
-0.4369999999999995 0.0091405769538776
-0.4359999999999995 0.0209169229546027
-0.4349999999999995 0.0327207183476459
-0.4339999999999995 0.0445506019582033
-0.4329999999999995 0.0564052077716642
-0.4319999999999995 0.0682831650346344
-0.4309999999999995 0.0801830983559714
-0.4299999999999995 0.0921036278078246
-0.4289999999999995 0.1040433690266810
-0.4279999999999995 0.1160009333144159
-0.4269999999999995 0.1279749277393455
-0.4259999999999995 0.1399639552372768
-0.4249999999999995 0.1519666147125639
-0.4239999999999995 0.1639815011391573
-0.4229999999999995 0.1760072056616572
-0.4219999999999995 0.1880423156963561
-0.4209999999999995 0.2000854150322905
-0.4199999999999995 0.2121350839322784
-0.4189999999999995 0.2241898992339608
-0.4179999999999995 0.2362484344508363
-0.4169999999999995 0.2483092598732995
-0.4159999999999995 0.2603709426696700
-0.4149999999999995 0.2724320469872235
-0.4139999999999995 0.2844911340532255
-0.4129999999999995 0.2965467622759610
-0.4119999999999995 0.3085974873457715
-0.4109999999999995 0.3206418623360886
-0.4099999999999995 0.3326784378044810
-0.4089999999999995 0.3447057618937055
-0.4079999999999995 0.3567223804327666
-0.4069999999999995 0.3687268370379893
-0.4059999999999995 0.3807176732141079
-0.4049999999999995 0.3926934284553677
-0.4039999999999995 0.4046526403466568
-0.4029999999999995 0.4165938446646485
-0.4019999999999995 0.4285155754789831
-0.4009999999999995 0.4404163652534752
-0.3999999999999995 0.4522947449473564
-0.3989999999999995 0.4641492441165609
-0.3979999999999995 0.4759783910150502
-0.3969999999999995 0.4877807126961935
-0.3959999999999995 0.4995547351141943
-0.3949999999999995 0.5112989832255862
-0.3939999999999995 0.5230119810907825
-0.3929999999999995 0.5346922519757081
-0.3919999999999995 0.5463383184535018
-0.3909999999999995 0.5579487025063035
-0.3899999999999995 0.5695219256271327
-0.3889999999999995 0.5810565089218660
-0.3879999999999995 0.5925509732113178
-0.3869999999999995 0.6040038391334356
-0.3859999999999995 0.6154136272456121
-0.3849999999999995 0.6267788581271331
-0.3839999999999995 0.6380980524817591
-0.3829999999999995 0.6493697312404521
-0.3819999999999995 0.6605924156642630
-0.3809999999999995 0.6717646274473844
-0.3799999999999994 0.6828848888203759
-0.3789999999999994 0.6939517226535798
-0.3779999999999994 0.7049636525607303
-0.3769999999999994 0.7159192030027761
-0.3759999999999994 0.7268168993919186
-0.3749999999999994 0.7376552681958829
-0.3739999999999994 0.7484328370424346
-0.3729999999999994 0.7591481348241517
-0.3719999999999994 0.7697996918034663
-0.3709999999999994 0.7803860397179923
-0.3699999999999994 0.7909057118861460
-0.3689999999999994 0.8013572433130829
-0.3679999999999994 0.8117391707969568
-0.3669999999999994 0.8220500330355253
-0.3659999999999994 0.8322883707331082
-0.3649999999999994 0.8424527267079217
-0.3639999999999994 0.8525416459998002
-0.3629999999999994 0.8625536759783297
-0.3619999999999994 0.8724873664514006
-0.3609999999999994 0.8823412697742056
-0.3599999999999994 0.8921139409586993
-0.3589999999999994 0.9018039377835343
-0.3579999999999994 0.9114098209045016
-0.3569999999999994 0.9209301539654853
-0.3559999999999994 0.9303635037099616
-0.3549999999999994 0.9397084400930562
-0.3539999999999994 0.9489635363941831
-0.3529999999999994 0.9581273693302934
-0.3519999999999994 0.9671985191697441
-0.3509999999999994 0.9761755698468231
-0.3499999999999994 0.9850571090769460
-0.3489999999999994 0.9938417284725534
-0.3479999999999994 1.0025280236597285
-0.3469999999999994 1.0111145943955682
-0.3459999999999994 1.0196000446863278
-0.3449999999999994 1.0279829829063660
-0.3439999999999994 1.0362620219179228
-0.3429999999999994 1.0444357791917547
-0.3419999999999994 1.0525028769286533
-0.3409999999999994 1.0604619421818831
-0.3399999999999994 1.0683116069805623
-0.3389999999999994 1.0760505084540215
-0.3379999999999994 1.0836772889571711
-0.3369999999999994 1.0911905961969051
-0.3359999999999994 1.0985890833595791
-0.3349999999999994 1.1058714092395938
-0.3339999999999994 1.1130362383691188
-0.3329999999999994 1.1200822411489921
-0.3319999999999994 1.1270080939808238
-0.3309999999999994 1.1338124794003537
-0.3299999999999994 1.1404940862120880
-0.3289999999999994 1.1470516096252583
-0.3279999999999994 1.1534837513911402
-0.3269999999999994 1.1597892199417690
-0.3259999999999994 1.1659667305300951
-0.3249999999999994 1.1720150053716241
-0.3239999999999994 1.1779327737875664
-0.3229999999999994 1.1837187723495641
-0.3219999999999994 1.1893717450260137
-0.3209999999999994 1.1948904433300453
-0.3199999999999994 1.2002736264691964
-0.3189999999999994 1.2055200614968249
-0.3179999999999994 1.2106285234653111
-0.3169999999999994 1.2155977955810935
-0.3159999999999994 1.2204266693615913
-0.3149999999999994 1.2251139447940489
-0.3139999999999994 1.2296584304963720
-0.3129999999999994 1.2340589438799929
-0.3119999999999994 1.2383143113148130
-0.3109999999999994 1.2424233682962893
-0.3099999999999994 1.2463849596147045
-0.3089999999999994 1.2501979395266811
-0.3079999999999994 1.2538611719289925
-0.3069999999999994 1.2573735305347298
-0.3059999999999994 1.2607338990518717
-0.3049999999999994 1.2639411713643283
-0.3039999999999994 1.2669942517155071
-0.3029999999999994 1.2698920548944610
-0.3019999999999994 1.2726335064246845
-0.3009999999999994 1.2752175427556112
-0.2999999999999994 1.2776431114568791
-0.2989999999999994 1.2799091714154218
-0.2979999999999994 1.2820146930354588
-0.2969999999999994 1.2839586584414289
-0.2959999999999994 1.2857400616839583
-0.2949999999999994 1.2873579089489027
-0.2939999999999994 1.2888112187695488
-0.2929999999999994 1.2900990222420334
-0.2919999999999994 1.2912203632440493
-0.2909999999999994 1.2921742986569060
-0.2899999999999994 1.2929598985910178
-0.2889999999999994 1.2935762466148870
-0.2879999999999994 1.2940224399876477
-0.2869999999999994 1.2942975898952556
-0.2859999999999994 1.2944008216903777
-0.2849999999999994 1.2943312751360720
-0.2839999999999994 1.2940881046533124
-0.2829999999999994 1.2936704795724492
-0.2819999999999994 1.2930775843886722
-0.2809999999999994 1.2923086190215420
-0.2799999999999994 1.2913627990786871
-0.2789999999999994 1.2902393561237171
-0.2779999999999994 1.2889375379484458
-0.2769999999999994 1.2874566088494894
-0.2759999999999994 1.2857958499093287
-0.2749999999999994 1.2839545592818942
-0.2739999999999994 1.2819320524827691
-0.2729999999999994 1.2797276626840741
-0.2719999999999994 1.2773407410141233
-0.2709999999999994 1.2747706568619068
-0.2699999999999994 1.2720167981865103
-0.2689999999999994 1.2690785718315158
-0.2679999999999993 1.2659554038444762
-0.2669999999999993 1.2626467398015482
-0.2659999999999993 1.2591520451373293
-0.2649999999999993 1.2554708054800197
-0.2639999999999993 1.2516025269919389
-0.2629999999999993 1.2475467367155062
-0.2619999999999993 1.2433029829247322
-0.2609999999999993 1.2388708354823199
-0.2599999999999993 1.2342498862024298
-0.2589999999999993 1.2294397492191818
-0.2579999999999993 1.2244400613609732
-0.2569999999999993 1.2192504825306723
-0.2559999999999993 1.2138706960917696
-0.2549999999999993 1.2083004092605205
-0.2539999999999993 1.2025393535041944
-0.2529999999999993 1.1965872849454406
-0.2519999999999993 1.1904439847728723
-0.2509999999999993 1.1841092596579001
-0.2499999999999993 1.1775829421778914
-0.2489999999999993 1.1708648912456976
-0.2479999999999993 1.1639549925456076
-0.2469999999999993 1.1568531589757731
-0.2459999999999993 1.1495593310971521
-0.2449999999999993 1.1420734775890211
-0.2439999999999993 1.1343955957110872
-0.2429999999999993 1.1265257117722374
-0.2419999999999993 1.1184638816059680
-0.2409999999999993 1.1102101910525097
-0.2399999999999993 1.1017647564476878
-0.2389999999999993 1.0931277251185221
-0.2379999999999993 1.0842992758855989
-0.2369999999999993 1.0752796195722181
-0.2359999999999993 1.0660689995203243
-0.2349999999999993 1.0566676921132170
-0.2339999999999993 1.0470760073050465
-0.2329999999999993 1.0372942891570816
-0.2319999999999993 1.0273229163807236
-0.2309999999999993 1.0171623028872561
-0.2299999999999993 1.0068128983443039
-0.2289999999999993 0.9962751887389394
-0.2279999999999993 0.9855496969474258
-0.2269999999999993 0.9746369833115303
-0.2259999999999993 0.9635376462213343
-0.2249999999999993 0.9522523227045041
-0.2239999999999993 0.9407816890219189
-0.2229999999999993 0.9291264612695702
-0.2219999999999993 0.9172873959866723
-0.2209999999999993 0.9052652907698238
-0.2199999999999993 0.8930609848931574
-0.2189999999999993 0.8806753599343153
-0.2179999999999993 0.8681093404061269
-0.2169999999999993 0.8553638943938537
-0.2159999999999993 0.8424400341978142
-0.2149999999999993 0.8293388169812310
-0.2139999999999993 0.8160613454231140
-0.2129999999999993 0.8026087683759857
-0.2119999999999993 0.7889822815282219
-0.2109999999999993 0.7751831280707870
-0.2099999999999993 0.7612125993681373
-0.2089999999999993 0.7470720356329998
-0.2079999999999993 0.7327628266048074
-0.2069999999999993 0.7182864122314347
-0.2059999999999993 0.7036442833539969
-0.2049999999999993 0.6888379823943360
-0.2039999999999993 0.6738691040448872
-0.2029999999999993 0.6587392959605460
-0.2019999999999993 0.6434502594521820
-0.2009999999999993 0.6280037501813589
-0.1999999999999993 0.6124015788559083
-0.1989999999999993 0.5966456119258554
-0.1979999999999993 0.5807377722792841
-0.1969999999999993 0.5646800399376311
-0.1959999999999993 0.5484744527499363
-0.1949999999999993 0.5321231070854915
-0.1939999999999993 0.5156281585243696
-0.1929999999999993 0.4989918225452405
-0.1919999999999993 0.4822163752098954
-0.1909999999999993 0.4653041538438387
-0.1899999999999993 0.4482575577123251
-0.1889999999999993 0.4310790486911413
-0.1879999999999993 0.4137711519314662
-0.1869999999999993 0.3963364565180467
-0.1859999999999993 0.3787776161199767
-0.1849999999999993 0.3610973496332570
-0.1839999999999993 0.3432984418143588
-0.1829999999999993 0.3253837439039380
-0.1819999999999993 0.3073561742398270
-0.1809999999999993 0.2892187188584230
-0.1799999999999993 0.2709744320835275
-0.1789999999999993 0.2526264371016893
-0.1779999999999993 0.2341779265230577
-0.1769999999999993 0.2156321629267257
-0.1759999999999993 0.1969924793895159
-0.1749999999999993 0.1782622799971127
-0.1739999999999993 0.1594450403364385
-0.1729999999999993 0.1405443079681179
-0.1719999999999993 0.1215637028778582
-0.1709999999999993 0.1025069179055089
-0.1699999999999993 0.0833777191505982
-0.1689999999999993 0.0641799463530188
-0.1679999999999993 0.0449175132475950
-0.1669999999999993 0.0255944078911567
-0.1659999999999993 0.0062146929607669
-0.1649999999999993 0.0132174939783161
-0.1639999999999993 0.0326979402363787
-0.1629999999999993 0.0522223577961567
-0.1619999999999993 0.0717863831444219
-0.1609999999999993 0.0913855771397629
-0.1599999999999993 0.1110154249181319
-0.1589999999999993 0.1306713358377567
-0.1579999999999993 0.1503486434650121
-0.1569999999999993 0.1700426056029283
-0.1559999999999993 0.1897484043639786
-0.1549999999999992 0.2094611462888740
-0.1539999999999992 0.2291758625130678
-0.1529999999999992 0.2488875089827256
-0.1519999999999992 0.2685909667219311
-0.1509999999999992 0.2882810421529087
-0.1499999999999992 0.3079524674710936
-0.1489999999999992 0.3275999010768240
-0.1479999999999992 0.3472179280655787
-0.1469999999999992 0.3668010607785224
-0.1459999999999992 0.3863437394152993
-0.1449999999999992 0.4058403327109059
-0.1439999999999992 0.4252851386785470
-0.1429999999999992 0.4446723854203452
-0.1419999999999992 0.4639962320078159
-0.1409999999999992 0.4832507694339667
-0.1399999999999992 0.5024300216389266
-0.1389999999999992 0.5215279466109775
-0.1379999999999992 0.5405384375648437
-0.1369999999999992 0.5594553241991034
-0.1359999999999992 0.5782723740345608
-0.1349999999999992 0.5969832938353887
-0.1339999999999992 0.6155817311148262
-0.1329999999999992 0.6340612757272055
-0.1319999999999992 0.6524154615480446
-0.1309999999999992 0.6706377682438815
-0.1299999999999992 0.6887216231334961
-0.1289999999999992 0.7066604031421777
-0.1279999999999992 0.7244474368505114
-0.1269999999999992 0.7420760066392682
-0.1259999999999992 0.7595393509317758
-0.1249999999999992 0.7768306665351750
-0.1239999999999992 0.7939431110818655
-0.1229999999999992 0.8108698055723527
-0.1219999999999992 0.8276038370206464
-0.1209999999999992 0.8441382612032906
-0.1199999999999992 0.8604661055129483
-0.1189999999999992 0.8765803719174396
-0.1179999999999992 0.8924740400249851
-0.1169999999999992 0.9081400702562856
-0.1159999999999992 0.9235714071240060
-0.1149999999999992 0.9387609826200269
-0.1139999999999992 0.9537017197107813
-0.1129999999999992 0.9683865359407933
-0.1119999999999992 0.9828083471444238
-0.1109999999999992 0.9969600712656961
-0.1099999999999992 1.0108346322858472
-0.1089999999999992 1.0244249642582077
-0.1079999999999992 1.0377240154497112
-0.1069999999999992 1.0507247525882746
-0.1059999999999992 1.0634201652150468
-0.1049999999999992 1.0758032701403439
-0.1039999999999992 1.0878671160019304
-0.1029999999999992 1.0996047879240698
-0.1019999999999992 1.1110094122755774
-0.1009999999999992 1.1220741615249334
-0.0999999999999992 1.1327922591902304
-0.0989999999999992 1.1431569848815872
-0.0979999999999992 1.1531616794333814
-0.0969999999999992 1.1627997501234608
-0.0959999999999992 1.1720646759762374
-0.0949999999999992 1.1809500131463571
-0.0939999999999992 1.1894494003793727
-0.0929999999999992 1.1975565645456281
-0.0919999999999992 1.2052653262433148
-0.0909999999999992 1.2125696054663924
-0.0899999999999992 1.2194634273328486
-0.0889999999999992 1.2259409278685236
-0.0879999999999992 1.2319963598414128
-0.0869999999999992 1.2376240986412279
-0.0859999999999992 1.2428186481986196
-0.0849999999999992 1.2475746469383209
-0.0839999999999992 1.2518868737601494
-0.0829999999999992 1.2557502540416112
-0.0819999999999992 1.2591598656555789
-0.0809999999999992 1.2621109449963057
-0.0799999999999992 1.2645988930067626
-0.0789999999999992 1.2666192812001116
-0.0779999999999992 1.2681678576678583
-0.0769999999999992 1.2692405530670510
-0.0759999999999992 1.2698334865786465
-0.0749999999999992 1.2699429718290007
-0.0739999999999992 1.2695655227662270
-0.0729999999999992 1.2686978594830025
-0.0719999999999992 1.2673369139772173
-0.0709999999999992 1.2654798358416999
-0.0699999999999992 1.2631239978741466
-0.0689999999999992 1.2602670015981854
-0.0679999999999992 1.2569066826864450
-0.0669999999999992 1.2530411162763628
-0.0659999999999992 1.2486686221693761
-0.0649999999999992 1.2437877699041078
-0.0639999999999992 1.2383973836940232
-0.0629999999999992 1.2324965472201075
-0.0619999999999992 1.2260846082689734
-0.0609999999999992 1.2191611832069176
-0.0599999999999992 1.2117261612803814
-0.0589999999999992 1.2037797087333604
-0.0579999999999992 1.1953222727323476
-0.0569999999999992 1.1863545850894903
-0.0559999999999992 1.1768776657747120
-0.0549999999999992 1.1668928262077336
-0.0539999999999992 1.1564016723210162
-0.0529999999999992 1.1454061073848676
-0.0519999999999992 1.1339083345861025
-0.0509999999999992 1.1219108593519229
-0.0499999999999992 1.1094164914108631
-0.0489999999999992 1.0964283465829505
-0.0479999999999992 1.0829498482915203
-0.0469999999999992 1.0689847287893857
-0.0459999999999992 1.0545370300924819
-0.0449999999999992 1.0396111046143677
-0.0439999999999992 1.0242116154954215
-0.0429999999999992 1.0083435366209199
-0.0419999999999991 0.9920121523226376
-0.0409999999999991 0.9752230567590415
-0.0399999999999991 0.9579821529696050
-0.0389999999999991 0.9402956515992746
-0.0379999999999991 0.9221700692895984
-0.0369999999999991 0.9036122267335567
-0.0359999999999991 0.8846292463916692
-0.0349999999999991 0.8652285498675067
-0.0339999999999991 0.8454178549412943
-0.0329999999999991 0.8252051722608713
-0.0319999999999991 0.8045988016898753
-0.0309999999999991 0.7836073283136079
-0.0299999999999991 0.7622396181036516
-0.0289999999999991 0.7405048132429224
-0.0279999999999991 0.7184123271134835
-0.0269999999999991 0.6959718389500459
-0.0259999999999991 0.6731932881627439
-0.0249999999999991 0.6500868683333726
-0.0239999999999991 0.6266630208899471
-0.0229999999999991 0.6029324284650286
-0.0219999999999991 0.5789060079439294
-0.0209999999999991 0.5545949032095008
-0.0199999999999991 0.5300104775908334
-0.0189999999999991 0.5051643060238014
-0.0179999999999991 0.4800681669319790
-0.0169999999999991 0.4547340338370238
-0.0159999999999991 0.4291740667082066
-0.0149999999999991 0.4034006030613011
-0.0139999999999991 0.3774261488175853
-0.0129999999999991 0.3512633689342209
-0.0119999999999991 0.3249250778177603
-0.0109999999999991 0.2984242295330077
-0.0099999999999991 0.2717739078199017
-0.0089999999999991 0.2449873159315013
-0.0079999999999991 0.2180777663065599
-0.0069999999999991 0.1910586700905267
-0.0059999999999991 0.1639435265191527
-0.0049999999999991 0.1367459121791867
-0.0039999999999991 0.1094794701609138
-0.0029999999999991 0.0821578991175352
-0.0019999999999991 0.0547949422465950
-0.0009999999999991 0.0274043762088314
0.0000000000000009 0.0000000000000249
0.0010000000000009 0.0274043762088813
0.0020000000000009 0.0547949422466449
0.0030000000000009 0.0821578991175850
0.0040000000000009 0.1094794701609635
0.0050000000000009 0.1367459121792363
0.0060000000000009 0.1639435265192020
0.0070000000000009 0.1910586700905759
0.0080000000000009 0.2180777663066091
0.0090000000000009 0.2449873159315502
0.0100000000000009 0.2717739078199505
0.0110000000000009 0.2984242295330563
0.0120000000000009 0.3249250778178084
0.0130000000000009 0.3512633689342689
0.0140000000000009 0.3774261488176330
0.0150000000000009 0.4034006030613482
0.0160000000000009 0.4291740667082535
0.0170000000000009 0.4547340338370700
0.0180000000000009 0.4800681669320246
0.0190000000000009 0.5051643060238467
0.0200000000000009 0.5300104775908785
0.0210000000000009 0.5545949032095456
0.0220000000000009 0.5789060079439741
0.0230000000000009 0.6029324284650723
0.0240000000000009 0.6266630208899898
0.0250000000000009 0.6500868683334152
0.0260000000000009 0.6731932881627856
0.0270000000000009 0.6959718389500874
0.0280000000000009 0.7184123271135242
0.0290000000000009 0.7405048132429622
0.0300000000000009 0.7622396181036911
0.0310000000000009 0.7836073283136473
0.0320000000000009 0.8045988016899132
0.0330000000000009 0.8252051722609088
0.0340000000000009 0.8454178549413318
0.0350000000000009 0.8652285498675427
0.0360000000000009 0.8846292463917048
0.0370000000000009 0.9036122267335913
0.0380000000000009 0.9221700692896325
0.0390000000000009 0.9402956515993081
0.0400000000000009 0.9579821529696371
0.0410000000000009 0.9752230567590726
0.0420000000000009 0.9920121523226691
0.0430000000000009 1.0083435366209499
0.0440000000000009 1.0242116154954501
0.0450000000000009 1.0396111046143957
0.0460000000000009 1.0545370300925083
0.0470000000000009 1.0689847287894128
0.0480000000000009 1.0829498482915461
0.0490000000000009 1.0964283465829761
0.0500000000000009 1.1094164914108868
0.0510000000000009 1.1219108593519465
0.0520000000000009 1.1339083345861249
0.0530000000000009 1.1454061073848889
0.0540000000000009 1.1564016723210371
0.0550000000000009 1.1668928262077531
0.0560000000000009 1.1768776657747311
0.0570000000000009 1.1863545850895090
0.0580000000000009 1.1953222727323645
0.0590000000000009 1.2037797087333757
0.0600000000000009 1.2117261612803962
0.0610000000000009 1.2191611832069318
0.0620000000000009 1.2260846082689860
0.0630000000000009 1.2324965472201193
0.0640000000000009 1.2383973836940354
0.0650000000000009 1.2437877699041182
0.0660000000000009 1.2486686221693857
0.0670000000000009 1.2530411162763704
0.0680000000000009 1.2569066826864526
0.0690000000000009 1.2602670015981916
0.0700000000000009 1.2631239978741531
0.0710000000000009 1.2654798358417050
0.0720000000000009 1.2673369139772210
0.0730000000000009 1.2686978594830061
0.0740000000000009 1.2695655227662295
0.0750000000000009 1.2699429718290018
0.0760000000000009 1.2698334865786474
0.0770000000000009 1.2692405530670512
0.0780000000000009 1.2681678576678572
0.0790000000000009 1.2666192812001094
0.0800000000000009 1.2645988930067604
0.0810000000000009 1.2621109449963024
0.0820000000000009 1.2591598656555749
0.0830000000000009 1.2557502540416061
0.0840000000000009 1.2518868737601438
0.0850000000000009 1.2475746469383138
0.0860000000000010 1.2428186481986114
0.0870000000000010 1.2376240986412181
0.0880000000000010 1.2319963598414034
0.0890000000000010 1.2259409278685127
0.0900000000000010 1.2194634273328382
0.0910000000000010 1.2125696054663802
0.0920000000000010 1.2052653262433022
0.0930000000000010 1.1975565645456150
0.0940000000000010 1.1894494003793590
0.0950000000000010 1.1809500131463426
0.0960000000000010 1.1720646759762223
0.0970000000000010 1.1627997501234448
0.0980000000000010 1.1531616794333654
0.0990000000000010 1.1431569848815704
0.1000000000000010 1.1327922591902122
0.1010000000000010 1.1220741615249157
0.1020000000000010 1.1110094122755592
0.1030000000000010 1.0996047879240498
0.1040000000000010 1.0878671160019109
0.1050000000000010 1.0758032701403222
0.1060000000000010 1.0634201652150241
0.1070000000000010 1.0507247525882524
0.1080000000000010 1.0377240154496885
0.1090000000000010 1.0244249642581851
0.1100000000000010 1.0108346322858250
0.1110000000000010 0.9969600712656721
0.1120000000000010 0.9828083471443994
0.1130000000000010 0.9683865359407680
0.1140000000000010 0.9537017197107560
0.1150000000000010 0.9387609826200003
0.1160000000000010 0.9235714071239798
0.1170000000000010 0.9081400702562581
0.1180000000000010 0.8924740400249571
0.1190000000000010 0.8765803719174121
0.1200000000000010 0.8604661055129208
0.1210000000000010 0.8441382612032631
0.1220000000000010 0.8276038370206171
0.1230000000000010 0.8108698055723225
0.1240000000000010 0.7939431110818371
0.1250000000000010 0.7768306665351452
0.1260000000000010 0.7595393509317452
0.1270000000000010 0.7420760066392389
0.1280000000000010 0.7244474368504812
0.1290000000000010 0.7066604031421466
0.1300000000000010 0.6887216231334663
0.1310000000000010 0.6706377682438491
0.1320000000000010 0.6524154615480136
0.1330000000000010 0.6340612757271735
0.1340000000000010 0.6155817311147938
0.1350000000000010 0.5969832938353572
0.1360000000000010 0.5782723740345292
0.1370000000000010 0.5594553241990705
0.1380000000000010 0.5405384375648108
0.1390000000000010 0.5215279466109455
0.1400000000000010 0.5024300216388937
0.1410000000000010 0.4832507694339334
0.1420000000000010 0.4639962320077835
0.1430000000000010 0.4446723854203114
0.1440000000000010 0.4252851386785133
0.1450000000000010 0.4058403327108731
0.1460000000000010 0.3863437394152660
0.1470000000000010 0.3668010607784882
0.1480000000000010 0.3472179280655450
0.1490000000000010 0.3275999010767898
0.1500000000000010 0.3079524674710576
0.1510000000000010 0.2882810421528763
0.1520000000000010 0.2685909667218964
0.1530000000000010 0.2488875089826919
0.1540000000000010 0.2291758625130336
0.1550000000000010 0.2094611462888403
0.1560000000000010 0.1897484043639452
0.1570000000000010 0.1700426056028927
0.1580000000000010 0.1503486434649788
0.1590000000000010 0.1306713358377212
0.1600000000000010 0.1110154249180968
0.1610000000000010 0.0913855771397287
0.1620000000000010 0.0717863831443881
0.1630000000000010 0.0522223577961234
0.1640000000000010 0.0326979402363441
0.1650000000000010 0.0132174939782819
0.1660000000000010 0.0062146929608007
0.1670000000000010 0.0255944078911905
0.1680000000000010 0.0449175132476287
0.1690000000000010 0.0641799463530521
0.1700000000000010 0.0833777191506315
0.1710000000000010 0.1025069179055431
0.1720000000000010 0.1215637028778911
0.1730000000000010 0.1405443079681516
0.1740000000000010 0.1594450403364713
0.1750000000000010 0.1782622799971452
0.1760000000000010 0.1969924793895492
0.1770000000000010 0.2156321629267590
0.1780000000000010 0.2341779265230901
0.1790000000000010 0.2526264371017217
0.1800000000000010 0.2709744320835603
0.1810000000000010 0.2892187188584558
0.1820000000000010 0.3073561742398585
0.1830000000000010 0.3253837439039686
0.1840000000000010 0.3432984418143903
0.1850000000000010 0.3610973496332877
0.1860000000000010 0.3787776161200069
0.1870000000000010 0.3963364565180778
0.1880000000000010 0.4137711519314964
0.1890000000000010 0.4310790486911720
0.1900000000000010 0.4482575577123553
0.1910000000000010 0.4653041538438689
0.1920000000000010 0.4822163752099251
0.1930000000000010 0.4989918225452699
0.1940000000000010 0.5156281585243980
0.1950000000000010 0.5321231070855204
0.1960000000000010 0.5484744527499652
0.1970000000000010 0.5646800399376595
0.1980000000000010 0.5807377722793121
0.1990000000000010 0.5966456119258843
0.2000000000000010 0.6124015788559372
0.2010000000000010 0.6280037501813864
0.2020000000000010 0.6434502594522091
0.2030000000000010 0.6587392959605731
0.2040000000000010 0.6738691040449125
0.2050000000000010 0.6888379823943622
0.2060000000000010 0.7036442833540226
0.2070000000000010 0.7182864122314601
0.2080000000000010 0.7327628266048323
0.2090000000000010 0.7470720356330265
0.2100000000000010 0.7612125993681613
0.2110000000000010 0.7751831280708119
0.2120000000000010 0.7889822815282468
0.2130000000000010 0.8026087683760110
0.2140000000000011 0.8160613454231389
0.2150000000000011 0.8293388169812537
0.2160000000000011 0.8424400341978382
0.2170000000000011 0.8553638943938768
0.2180000000000011 0.8681093404061486
0.2190000000000011 0.8806753599343358
0.2200000000000011 0.8930609848931796
0.2210000000000011 0.9052652907698464
0.2220000000000011 0.9172873959866936
0.2230000000000011 0.9291264612695920
0.2240000000000011 0.9407816890219398
0.2250000000000011 0.9522523227045254
0.2260000000000011 0.9635376462213547
0.2270000000000011 0.9746369833115494
0.2280000000000011 0.9855496969474458
0.2290000000000011 0.9962751887389589
0.2300000000000011 1.0068128983443230
0.2310000000000011 1.0171623028872756
0.2320000000000011 1.0273229163807414
0.2330000000000011 1.0372942891570998
0.2340000000000011 1.0470760073050647
0.2350000000000011 1.0566676921132339
0.2360000000000011 1.0660689995203421
0.2370000000000011 1.0752796195722349
0.2380000000000011 1.0842992758856145
0.2390000000000011 1.0931277251185385
0.2400000000000011 1.1017647564477038
0.2410000000000011 1.1102101910525257
0.2420000000000011 1.1184638816059831
0.2430000000000011 1.1265257117722518
0.2440000000000011 1.1343955957111016
0.2450000000000011 1.1420734775890353
0.2460000000000011 1.1495593310971663
0.2470000000000011 1.1568531589757864
0.2480000000000011 1.1639549925456221
0.2490000000000011 1.1708648912457107
0.2500000000000011 1.1775829421779038
0.2510000000000011 1.1841092596579126
0.2520000000000011 1.1904439847728845
0.2530000000000011 1.1965872849454524
0.2540000000000011 1.2025393535042046
0.2550000000000011 1.2083004092605316
0.2560000000000011 1.2138706960917796
0.2570000000000011 1.2192504825306834
0.2580000000000011 1.2244400613609832
0.2590000000000011 1.2294397492191915
0.2600000000000011 1.2342498862024394
0.2610000000000011 1.2388708354823283
0.2620000000000011 1.2433029829247404
0.2630000000000011 1.2475467367155137
0.2640000000000011 1.2516025269919473
0.2650000000000011 1.2554708054800279
0.2660000000000011 1.2591520451373370
0.2670000000000011 1.2626467398015553
0.2680000000000011 1.2659554038444842
0.2690000000000011 1.2690785718315223
0.2700000000000011 1.2720167981865163
0.2710000000000011 1.2747706568619124
0.2720000000000011 1.2773407410141289
0.2730000000000011 1.2797276626840803
0.2740000000000011 1.2819320524827749
0.2750000000000011 1.2839545592818995
0.2760000000000011 1.2857958499093334
0.2770000000000011 1.2874566088494936
0.2780000000000011 1.2889375379484498
0.2790000000000011 1.2902393561237209
0.2800000000000011 1.2913627990786902
0.2810000000000011 1.2923086190215449
0.2820000000000011 1.2930775843886748
0.2830000000000011 1.2936704795724523
0.2840000000000011 1.2940881046533146
0.2850000000000011 1.2943312751360743
0.2860000000000011 1.2944008216903797
0.2870000000000011 1.2942975898952567
0.2880000000000011 1.2940224399876483
0.2890000000000011 1.2935762466148870
0.2900000000000011 1.2929598985910182
0.2910000000000011 1.2921742986569058
0.2920000000000011 1.2912203632440495
0.2930000000000011 1.2900990222420334
0.2940000000000011 1.2888112187695473
0.2950000000000011 1.2873579089489018
0.2960000000000011 1.2857400616839569
0.2970000000000011 1.2839586584414278
0.2980000000000011 1.2820146930354566
0.2990000000000011 1.2799091714154203
0.3000000000000011 1.2776431114568765
0.3010000000000011 1.2752175427556085
0.3020000000000011 1.2726335064246814
0.3030000000000011 1.2698920548944572
0.3040000000000011 1.2669942517155035
0.3050000000000011 1.2639411713643254
0.3060000000000011 1.2607338990518677
0.3070000000000011 1.2573735305347258
0.3080000000000011 1.2538611719289889
0.3090000000000011 1.2501979395266762
0.3100000000000011 1.2463849596146994
0.3110000000000011 1.2424233682962842
0.3120000000000011 1.2383143113148076
0.3130000000000011 1.2340589438799878
0.3140000000000011 1.2296584304963667
0.3150000000000011 1.2251139447940431
0.3160000000000011 1.2204266693615853
0.3170000000000011 1.2155977955810875
0.3180000000000011 1.2106285234653040
0.3190000000000011 1.2055200614968182
0.3200000000000011 1.2002736264691893
0.3210000000000011 1.1948904433300385
0.3220000000000011 1.1893717450260060
0.3230000000000011 1.1837187723495561
0.3240000000000011 1.1779327737875587
0.3250000000000011 1.1720150053716161
0.3260000000000011 1.1659667305300871
0.3270000000000011 1.1597892199417601
0.3280000000000011 1.1534837513911314
0.3290000000000011 1.1470516096252497
0.3300000000000011 1.1404940862120787
0.3310000000000011 1.1338124794003437
0.3320000000000011 1.1270080939808136
0.3330000000000011 1.1200822411489821
0.3340000000000011 1.1130362383691086
0.3350000000000011 1.1058714092395832
0.3360000000000011 1.0985890833595684
0.3370000000000011 1.0911905961968948
0.3380000000000011 1.0836772889571602
0.3390000000000011 1.0760505084540104
0.3400000000000011 1.0683116069805505
0.3410000000000011 1.0604619421818717
0.3420000000000011 1.0525028769286422
0.3430000000000011 1.0444357791917427
0.3440000000000011 1.0362620219179111
0.3450000000000011 1.0279829829063531
0.3460000000000011 1.0196000446863154
0.3470000000000011 1.0111145943955557
0.3480000000000011 1.0025280236597156
0.3490000000000011 0.9938417284725407
0.3500000000000011 0.9850571090769327
0.3510000000000011 0.9761755698468106
0.3520000000000011 0.9671985191697303
0.3530000000000011 0.9581273693302801
0.3540000000000011 0.9489635363941700
0.3550000000000011 0.9397084400930422
0.3560000000000011 0.9303635037099480
0.3570000000000011 0.9209301539654713
0.3580000000000012 0.9114098209044874
0.3590000000000012 0.9018039377835201
0.3600000000000012 0.8921139409586851
0.3610000000000012 0.8823412697741919
0.3620000000000012 0.8724873664513861
0.3630000000000012 0.8625536759783151
0.3640000000000012 0.8525416459997852
0.3650000000000012 0.8424527267079065
0.3660000000000012 0.8322883707330937
0.3670000000000012 0.8220500330355098
0.3680000000000012 0.8117391707969410
0.3690000000000012 0.8013572433130672
0.3700000000000012 0.7909057118861302
0.3710000000000012 0.7803860397179766
0.3720000000000012 0.7697996918034505
0.3730000000000012 0.7591481348241352
0.3740000000000012 0.7484328370424183
0.3750000000000012 0.7376552681958666
0.3760000000000012 0.7268168993919019
0.3770000000000012 0.7159192030027598
0.3780000000000012 0.7049636525607138
0.3790000000000012 0.6939517226535634
0.3800000000000012 0.6828848888203597
0.3810000000000012 0.6717646274473678
0.3820000000000012 0.6605924156642462
0.3830000000000012 0.6493697312404346
0.3840000000000012 0.6380980524817416
0.3850000000000012 0.6267788581271163
0.3860000000000012 0.6154136272455949
0.3870000000000012 0.6040038391334185
0.3880000000000012 0.5925509732113009
0.3890000000000012 0.5810565089218488
0.3900000000000012 0.5695219256271152
0.3910000000000012 0.5579487025062866
0.3920000000000012 0.5463383184534845
0.3930000000000012 0.5346922519756910
0.3940000000000012 0.5230119810907646
0.3950000000000012 0.5112989832255687
0.3960000000000012 0.4995547351141767
0.3970000000000012 0.4877807126961752
0.3980000000000012 0.4759783910150328
0.3990000000000012 0.4641492441165433
0.4000000000000012 0.4522947449473387
0.4010000000000012 0.4404163652534572
0.4020000000000012 0.4285155754789650
0.4030000000000012 0.4165938446646305
0.4040000000000012 0.4046526403466388
0.4050000000000012 0.3926934284553497
0.4060000000000012 0.3807176732140890
0.4070000000000012 0.3687268370379712
0.4080000000000012 0.3567223804327482
0.4090000000000012 0.3447057618936872
0.4100000000000012 0.3326784378044629
0.4110000000000012 0.3206418623360703
0.4120000000000012 0.3085974873457534
0.4130000000000012 0.2965467622759430
0.4140000000000012 0.2844911340532070
0.4150000000000012 0.2724320469872052
0.4160000000000012 0.2603709426696511
0.4170000000000012 0.2483092598732811
0.4180000000000012 0.2362484344508181
0.4190000000000012 0.2241898992339421
0.4200000000000012 0.2121350839322602
0.4210000000000012 0.2000854150322727
0.4220000000000012 0.1880423156963381
0.4230000000000012 0.1760072056616384
0.4240000000000012 0.1639815011391393
0.4250000000000012 0.1519666147125457
0.4260000000000012 0.1399639552372585
0.4270000000000012 0.1279749277393271
0.4280000000000012 0.1160009333143984
0.4290000000000012 0.1040433690266628
0.4300000000000012 0.0921036278078063
0.4310000000000012 0.0801830983559531
0.4320000000000012 0.0682831650346162
0.4330000000000012 0.0564052077716458
0.4340000000000012 0.0445506019581854
0.4350000000000012 0.0327207183476277
0.4360000000000012 0.0209169229545852
0.4370000000000012 0.0091405769538597
0.4380000000000012 0.0026069634205681
0.4390000000000012 0.0143243469765429
0.4400000000000012 0.0260102276647178
0.4410000000000012 0.0376632646795279
0.4420000000000012 0.0492821225601339
0.4430000000000012 0.0608654712913491
0.4440000000000012 0.0724119864045389
0.4450000000000012 0.0839203490784898
0.4460000000000012 0.0953892462402494
0.4470000000000012 0.1068173706659274
0.4480000000000012 0.1182034210814589
0.4490000000000012 0.1295461022633287
0.4500000000000012 0.1408441251392427
0.4510000000000012 0.1520962068887560
0.4520000000000012 0.1633010710438441
0.4530000000000012 0.1744574475894150
0.4540000000000012 0.1855640730637635
0.4550000000000012 0.1966196906589535
0.4560000000000012 0.2076230503211355
0.4570000000000012 0.2185729088507834
0.4580000000000012 0.2294680300028569
0.4590000000000012 0.2403071845868734
0.4600000000000012 0.2510891505668951
0.4610000000000012 0.2618127131614191
0.4620000000000012 0.2724766649431695
0.4630000000000012 0.2830798059387821
0.4640000000000012 0.2936209437283849
0.4650000000000012 0.3040988935450541
0.4660000000000012 0.3145124783741579
0.4670000000000012 0.3248605290525692
0.4680000000000012 0.3351418843677471
0.4690000000000012 0.3453553911566805
0.4700000000000013 0.3554999044046860
0.4710000000000013 0.3655742873440610
0.4720000000000013 0.3755774115525730
0.4730000000000013 0.3855081570517943
0.4740000000000013 0.3953654124052632
0.4750000000000013 0.4051480748164732
0.4760000000000013 0.4148550502266780
0.4770000000000013 0.4244852534125107
0.4780000000000013 0.4340376080834100
0.4790000000000013 0.4435110469788396
0.4800000000000013 0.4529045119653069
0.4810000000000013 0.4622169541331590
0.4820000000000013 0.4714473338931633
0.4830000000000013 0.4805946210728546
0.4840000000000013 0.4896577950126482
0.4850000000000013 0.4986358446617068
0.4860000000000013 0.5075277686735629
0.4870000000000013 0.5163325755014710
0.4880000000000013 0.5250492834935088
0.4890000000000013 0.5336769209873924
0.4900000000000013 0.5422145264050178
0.4910000000000013 0.5506611483467101
0.4920000000000013 0.5590158456851775
0.4930000000000013 0.5672776876591625
0.4940000000000013 0.5754457539667742
0.4950000000000013 0.5835191348585071
0.4960000000000013 0.5914969312299285
0.4970000000000013 0.5993782547140265
0.4980000000000013 0.6071622277732174
0.4990000000000013 0.6148479837909953
0.5000000000000012 0.6224346671632219
0.5010000000000012 0.6299214333890462
0.5020000000000012 0.6373074491614397
0.5030000000000012 0.6445918924573555
0.5040000000000012 0.6517739526274744
0.5050000000000012 0.6588528304855625
0.5060000000000012 0.6658277383974014
0.5070000000000012 0.6726979003693020
0.5080000000000012 0.6794625521361850
0.5090000000000012 0.6861209412492197
0.5100000000000012 0.6926723271630091
0.5110000000000012 0.6991159813223232
0.5120000000000012 0.7054511872483538
0.5130000000000012 0.7116772406244983
0.5140000000000012 0.7177934493816518
0.5150000000000012 0.7237991337830025
0.5160000000000012 0.7296936265083210
0.5170000000000012 0.7354762727377337
0.5180000000000012 0.7411464302349663
0.5190000000000012 0.7467034694300563
0.5200000000000012 0.7521467735015168
0.5210000000000012 0.7574757384579427
0.5220000000000012 0.7626897732190553
0.5230000000000012 0.7677882996961676
0.5240000000000012 0.7727707528720673
0.5250000000000012 0.7776365808802983
0.5260000000000012 0.7823852450838427
0.5270000000000012 0.7870162201531785
0.5280000000000012 0.7915289941437171
0.5290000000000012 0.7959230685726009
0.5300000000000012 0.8001979584948486
0.5310000000000012 0.8043531925788516
0.5320000000000012 0.8083883131811903
0.5330000000000013 0.8123028764207809
0.5340000000000013 0.8160964522523206
0.5350000000000013 0.8197686245390444
0.5360000000000013 0.8233189911247569
0.5370000000000013 0.8267471639051487
0.5380000000000013 0.8300527688983779
0.5390000000000013 0.8332354463149032
0.5400000000000013 0.8362948506265617
0.5410000000000013 0.8392306506348827
0.5420000000000013 0.8420425295386141
0.5430000000000013 0.8447301850004707
0.5440000000000013 0.8472933292130707
0.5450000000000013 0.8497316889640614
0.5460000000000013 0.8520450057004256
0.5470000000000013 0.8542330355919451
0.5480000000000013 0.8562955495938203
0.5490000000000013 0.8582323335084305
0.5500000000000013 0.8600431880462208
0.5510000000000013 0.8617279288857081
0.5520000000000013 0.8632863867325917
0.5530000000000013 0.8647184073779559
0.5540000000000013 0.8660238517555557
0.5550000000000013 0.8672025959981704
0.5560000000000013 0.8682545314930152
0.5570000000000013 0.8691795649361969
0.5580000000000013 0.8699776183862016
0.5590000000000013 0.8706486293164051
0.5600000000000013 0.8711925506665890
0.5610000000000013 0.8716093508934524
0.5620000000000013 0.8718990140201075
0.5630000000000013 0.8720615396845472
0.5640000000000013 0.8720969431870682
0.5650000000000013 0.8720052555366371
0.5660000000000013 0.8717865234961977
0.5670000000000013 0.8714408096268862
0.5680000000000013 0.8709681923311643
0.5690000000000013 0.8703687658948384
0.5700000000000013 0.8696426405279643
0.5710000000000013 0.8687899424046163
0.5720000000000013 0.8678108137015166
0.5730000000000013 0.8667054126354987
0.5740000000000013 0.8654739134998068
0.5750000000000013 0.8641165066992063
0.5760000000000013 0.8626333987838963
0.5770000000000013 0.8610248124822129
0.5780000000000013 0.8592909867321041
0.5790000000000013 0.8574321767113695
0.5800000000000013 0.8554486538666468
0.5810000000000013 0.8533407059411322
0.5820000000000013 0.8511086370010204
0.5830000000000013 0.8487527674606540
0.5840000000000013 0.8462734341063655
0.5850000000000013 0.8436709901189956
0.5860000000000013 0.8409458050950788
0.5870000000000013 0.8380982650666828
0.5880000000000013 0.8351287725198790
0.5890000000000013 0.8320377464118421
0.5900000000000013 0.8288256221865529
0.5910000000000013 0.8254928517891023
0.5920000000000013 0.8220399036785691
0.5930000000000013 0.8184672628394675
0.5940000000000013 0.8147754307917449
0.5950000000000013 0.8109649255993183
0.5960000000000013 0.8070362818771288
0.5970000000000013 0.8029900507967102
0.5980000000000013 0.7988268000902448
0.5990000000000013 0.7945471140531035
0.6000000000000013 0.7901515935448410
0.6010000000000013 0.7856408559886523
0.6020000000000013 0.7810155353692484
0.6030000000000013 0.7762762822291647
0.6040000000000013 0.7714237636634620
0.6050000000000013 0.7664586633128236
0.6060000000000013 0.7613816813550238
0.6070000000000013 0.7561935344947516
0.6080000000000013 0.7508949559517832
0.6090000000000013 0.7454866954474775
0.6100000000000013 0.7399695191895854
0.6110000000000013 0.7343442098553568
0.6120000000000013 0.7286115665729274
0.6130000000000013 0.7227724049009723
0.6140000000000013 0.7168275568066087
0.6150000000000013 0.7107778706415329
0.6160000000000013 0.7046242111163765
0.6170000000000013 0.6983674592732663
0.6180000000000013 0.6920085124565658
0.6190000000000013 0.6855482842817942
0.6200000000000013 0.6789877046026962
0.6210000000000013 0.6723277194764502
0.6220000000000013 0.6655692911270015
0.6230000000000013 0.6587133979064983
0.6240000000000013 0.6517610342548208
0.6250000000000013 0.6447132106571815
0.6260000000000013 0.6375709535997844
0.6270000000000013 0.6303353055235232
0.6280000000000013 0.6230073247757051
0.6290000000000013 0.6155880855597811
0.6300000000000013 0.6080786778830680
0.6310000000000013 0.6004802075024436
0.6320000000000013 0.5927937958679994
0.6330000000000013 0.5850205800646353
0.6340000000000013 0.5771617127515747
0.6350000000000013 0.5692183620997893
0.6360000000000013 0.5611917117273120
0.6370000000000013 0.5530829606324201
0.6380000000000013 0.5448933231246795
0.6390000000000013 0.5366240287538202
0.6400000000000013 0.5282763222364364
0.6410000000000013 0.5198514633804890
0.6420000000000013 0.5113507270075932
0.6430000000000013 0.5027754028730758
0.6440000000000013 0.4941267955837804
0.6450000000000014 0.4854062245136106
0.6460000000000014 0.4766150237167841
0.6470000000000014 0.4677545418387862
0.6480000000000014 0.4588261420250023
0.6490000000000014 0.4498312018270154
0.6500000000000014 0.4407711131065415
0.6510000000000014 0.4316472819369994
0.6520000000000014 0.4224611285026789
0.6530000000000014 0.4132140869955063
0.6540000000000014 0.4039076055093784
0.6550000000000014 0.3945431459320486
0.6560000000000014 0.3851221838345492
0.6570000000000014 0.3756462083581318
0.6580000000000014 0.3661167220987001
0.6590000000000014 0.3565352409887311
0.6600000000000014 0.3469032941766468
0.6610000000000014 0.3372224239036360
0.6620000000000014 0.3274941853778946
0.6630000000000014 0.3177201466462737
0.6640000000000014 0.3079018884633123
0.6650000000000014 0.2980410041576331
0.6660000000000014 0.2881390994956937
0.6670000000000014 0.2781977925428580
0.6680000000000014 0.2682187135217829
0.6690000000000014 0.2582035046680943
0.6700000000000014 0.2481538200833289
0.6710000000000014 0.2380713255851368
0.6720000000000014 0.2279576985547080
0.6730000000000014 0.2178146277814145
0.6740000000000014 0.2076438133046488
0.6750000000000014 0.1974469662528289
0.6760000000000014 0.1872258086795647
0.6770000000000014 0.1769820733969522
0.6780000000000014 0.1667175038059873
0.6790000000000014 0.1564338537240677
0.6800000000000014 0.1461328872095766
0.6810000000000014 0.1358163783835144
0.6820000000000014 0.1254861112481681
0.6830000000000014 0.1151438795027940
0.6840000000000014 0.1047914863562935
0.6850000000000014 0.0944307443368629
0.6860000000000014 0.0840634750985987
0.6870000000000014 0.0736915092250300
0.6880000000000014 0.0633166860295691
0.6890000000000014 0.0529408533528518
0.6900000000000014 0.0425658673569444
0.6910000000000014 0.0321935923164096
0.6920000000000014 0.0218259004061933
0.6930000000000014 0.0114646714863248
0.6940000000000014 0.0011117928834046
0.6950000000000014 0.0092308408311436
0.6960000000000014 0.0195613280660723
0.6970000000000014 0.0298777604385880
0.6980000000000014 0.0401782230059234
0.6990000000000014 0.0504607945002283
0.7000000000000014 0.0607235475668014
0.7010000000000014 0.0709645490056787
0.7020000000000014 0.0811818600166107
0.7030000000000014 0.0913735364474360
0.7040000000000014 0.1015376290458860
0.7050000000000014 0.1116721837148332
0.7060000000000014 0.1217752417710135
0.7070000000000014 0.1318448402072293
0.7080000000000014 0.1418790119580778
0.7090000000000014 0.1518757861692040
0.7100000000000014 0.1618331884701154
0.7110000000000014 0.1717492412505746
0.7120000000000014 0.1816219639405911
0.7130000000000014 0.1914493732940394
0.7140000000000014 0.2012294836759206
0.7150000000000014 0.2109603073532929
0.7160000000000014 0.2206398547898920
0.7170000000000014 0.2302661349444643
0.7180000000000014 0.2398371555728396
0.7190000000000014 0.2493509235337554
0.7200000000000014 0.2588054450984687
0.7210000000000014 0.2681987262641672
0.7220000000000014 0.2775287730712118
0.7230000000000014 0.2867935919242265
0.7240000000000014 0.2959911899170591
0.7250000000000014 0.3051195751616449
0.7260000000000014 0.3141767571207820
0.7270000000000014 0.3231607469448544
0.7280000000000014 0.3320695578125195
0.7290000000000014 0.3409012052753837
0.7300000000000014 0.3496537076066946
0.7310000000000014 0.3583250861540676
0.7320000000000014 0.3669133656962685
0.7330000000000014 0.3754165748040879
0.7340000000000014 0.3838327462053193
0.7350000000000014 0.3921599171538673
0.7360000000000014 0.4003961298030136
0.7370000000000014 0.4085394315828630
0.7380000000000014 0.4165878755819901
0.7390000000000014 0.4245395209333176
0.7400000000000014 0.4323924332042427
0.7410000000000014 0.4401446847910439
0.7420000000000014 0.4477943553175852
0.7430000000000014 0.4553395320383475
0.7440000000000014 0.4627783102458100
0.7450000000000014 0.4701087936822027
0.7460000000000014 0.4773290949556637
0.7470000000000014 0.4844373359608138
0.7480000000000014 0.4914316483037867
0.7490000000000014 0.4983101737317260
0.7500000000000014 0.5050710645667864
0.7510000000000014 0.5117124841446543
0.7520000000000014 0.5182326072576212
0.7530000000000014 0.5246296206022278
0.7540000000000014 0.5309017232315093
0.7550000000000014 0.5370471270118631
0.7560000000000014 0.5430640570845725
0.7570000000000014 0.5489507523319972
0.7580000000000015 0.5547054658484736
0.7590000000000015 0.5603264654159362
0.7600000000000015 0.5658120339842951
0.7610000000000015 0.5711604701565919
0.7620000000000015 0.5763700886789549
0.7630000000000015 0.5814392209353938
0.7640000000000015 0.5863662154474433
0.7650000000000015 0.5911494383786917
0.7660000000000015 0.5957872740442216
0.7670000000000015 0.6002781254249794
0.7680000000000015 0.6046204146871116
0.7690000000000015 0.6088125837062882
0.7700000000000015 0.6128530945970361
0.7710000000000015 0.6167404302471229
0.7720000000000015 0.6204730948569966
0.7730000000000015 0.6240496144843310
0.7740000000000015 0.6274685375936853
0.7750000000000015 0.6307284356113130
0.7760000000000015 0.6338279034851511
0.7770000000000015 0.6367655602500036
0.7780000000000015 0.6395400495979624
0.7790000000000015 0.6421500404540788
0.7800000000000015 0.6445942275573232
0.7810000000000015 0.6468713320468544
0.7820000000000015 0.6489801020536261
0.7830000000000015 0.6509193132973667
0.7840000000000015 0.6526877696889418
0.7850000000000015 0.6542843039381505
0.7860000000000015 0.6557077781669626
0.7870000000000015 0.6569570845282369
0.7880000000000015 0.6580311458299463
0.7890000000000015 0.6589289161649303
0.7900000000000015 0.6596493815462184
0.7910000000000015 0.6601915605479316
0.7920000000000015 0.6605545049518122
0.7930000000000015 0.6607373003993954
0.7940000000000015 0.6607390670498534
0.7950000000000015 0.6605589602435473
0.7960000000000015 0.6601961711713075
0.7970000000000015 0.6596499275494743
0.7980000000000015 0.6589194943007328
0.7990000000000015 0.6580041742407574
0.8000000000000015 0.6569033087707108
0.8010000000000015 0.6556162785756136
0.8020000000000015 0.6541425043286222
0.8030000000000015 0.6524814474012399
0.8040000000000015 0.6506326105794878
0.8050000000000015 0.6485955387860773
0.8060000000000015 0.6463698198085930
0.8070000000000015 0.6439550850337354
0.8080000000000015 0.6413510101876421
0.8090000000000015 0.6385573160823188
0.8100000000000015 0.6355737693682126
0.8110000000000015 0.6324001832929524
0.8120000000000015 0.6290364184662933
0.8130000000000015 0.6254823836312881
0.8140000000000015 0.6217380364417191
0.8150000000000015 0.6178033842458212
0.8160000000000015 0.6136784848763255
0.8170000000000015 0.6093634474468532
0.8180000000000015 0.6048584331546883
0.8190000000000015 0.6001636560899651
0.8200000000000015 0.5952793840512972
0.8210000000000015 0.5902059393678778
0.8220000000000015 0.5849436997280834
0.8230000000000015 0.5794930990146129
0.8240000000000015 0.5738546281461910
0.8250000000000015 0.5680288359258676
0.8260000000000015 0.5620163298959463
0.8270000000000015 0.5558177771995634
0.8280000000000015 0.5494339054489690
0.8290000000000015 0.5428655036005168
0.8300000000000015 0.5361134228364139
0.8310000000000015 0.5291785774532464
0.8320000000000015 0.5220619457573323
0.8330000000000015 0.5147645709669033
0.8340000000000015 0.5072875621211841
0.8350000000000015 0.4996320949963666
0.8360000000000015 0.4917994130285370
0.8370000000000015 0.4837908282435662
0.8380000000000015 0.4756077221940182
0.8390000000000015 0.4672515469030863
0.8400000000000015 0.4587238258156063
0.8410000000000015 0.4500261547561697
0.8420000000000015 0.4411602028943701
0.8430000000000015 0.4321277137172234
0.8440000000000015 0.4229305060087805
0.8450000000000015 0.4135704748369776
0.8460000000000015 0.4040495925477521
0.8470000000000015 0.3943699097664519
0.8480000000000015 0.3845335564065840
0.8490000000000015 0.3745427426859177
0.8500000000000015 0.3643997601499946
0.8510000000000015 0.3541069827030603
0.8520000000000015 0.3436668676464675
0.8530000000000015 0.3330819567245694
0.8540000000000015 0.3223548771781483
0.8550000000000015 0.3114883428054068
0.8560000000000015 0.3004851550305523
0.8570000000000015 0.2893482039800224
0.8580000000000015 0.2780804695663642
0.8590000000000015 0.2666850225798188
0.8600000000000015 0.2551650257876383
0.8610000000000015 0.2435237350411676
0.8620000000000015 0.2317645003907264
0.8630000000000015 0.2198907672083315
0.8640000000000015 0.2079060773182778
0.8650000000000015 0.1958140701356384
0.8660000000000015 0.1836184838126875
0.8670000000000015 0.1713231563933063
0.8680000000000015 0.1589320269753909
0.8690000000000015 0.1464491368813047
0.8700000000000015 0.1338786308364085
0.8710000000000016 0.1212247581557000
0.8720000000000016 0.1084918739385983
0.8730000000000016 0.0956844402719198
0.8740000000000016 0.0828070274410576
0.8750000000000016 0.0698643151494241
0.8760000000000016 0.0568610937461751
0.8770000000000016 0.0438022654622617
0.8780000000000016 0.0306928456548325
0.8790000000000016 0.0175379640600437
0.8800000000000016 0.0043428660542830
0.8810000000000016 0.0088870860761279
0.8820000000000016 0.0221464118567364
0.8830000000000016 0.0354295113382208
0.8840000000000016 0.0487306638010820
0.8850000000000016 0.0620440264517223
0.8860000000000016 0.0753636331098792
0.8870000000000016 0.0886833928873809
0.8880000000000016 0.1019970888581729
0.8890000000000016 0.1152983767196013
0.8900000000000016 0.1285807834448978
0.8910000000000016 0.1418377059268374
0.8920000000000016 0.1550624096125286
0.8930000000000016 0.1682480271293070
0.8940000000000016 0.1813875569016860
0.8950000000000016 0.1944738617593292
0.8960000000000016 0.2074996675360146
0.8970000000000016 0.2204575616595478
0.8980000000000016 0.2333399917325803
0.8990000000000016 0.2461392641043136
0.9000000000000016 0.2588475424330300
0.9010000000000016 0.2714568462394333
0.9020000000000016 0.2839590494507400
0.9030000000000016 0.2963458789355057
0.9040000000000016 0.3086089130291308
0.9050000000000016 0.3207395800500183
0.9060000000000016 0.3327291568063383
0.9070000000000016 0.3445687670933692
0.9080000000000016 0.3562493801813692
0.9090000000000016 0.3677618092939463
0.9100000000000016 0.3790967100768824
0.9110000000000016 0.3902445790573790
0.9120000000000016 0.4011957520936814
0.9130000000000016 0.4119404028150451
0.9140000000000016 0.4224685410520043
0.9150000000000016 0.4327700112569045
0.9160000000000016 0.4428344909146599
0.9170000000000016 0.4526514889436950
0.9180000000000016 0.4622103440870393
0.9190000000000016 0.4715002232935152
0.9200000000000016 0.4805101200890123
0.9210000000000016 0.4892288529377736
0.9220000000000016 0.4976450635936838
0.9230000000000016 0.5057472154414953
0.9240000000000016 0.5135235918279737
0.9250000000000016 0.5209622943829080
0.9260000000000016 0.5280512413299514
0.9270000000000016 0.5347781657872526
0.9280000000000016 0.5411306140578376
0.9290000000000016 0.5470959439096976
0.9300000000000016 0.5526613228455530
0.9310000000000016 0.5578137263622398
0.9320000000000016 0.5625399361996876
0.9330000000000016 0.5668265385794442
0.9340000000000016 0.5706599224327118
0.9350000000000016 0.5740262776178415
0.9360000000000016 0.5769115931272620
0.9370000000000016 0.5793016552837872
0.9380000000000016 0.5811820459262731
0.9390000000000016 0.5825381405845673
0.9400000000000016 0.5833551066437340
0.9410000000000016 0.5836179014974857
0.9420000000000016 0.5833112706908021
0.9430000000000016 0.5824197460516826
0.9440000000000016 0.5809276438119950
0.9450000000000016 0.5788190627173765
0.9460000000000016 0.5760778821261513
0.9470000000000016 0.5726877600972091
0.9480000000000016 0.5686321314668247
0.9490000000000016 0.5638942059143508
0.9500000000000016 0.5584569660167633
0.9510000000000016 0.5523031652920027
0.9520000000000016 0.5454153262310794
0.9530000000000016 0.5377757383188912
0.9540000000000016 0.5293664560437171
0.9550000000000016 0.5201692968953427
0.9560000000000016 0.5101658393517740
0.9570000000000016 0.4993374208544956
0.9580000000000016 0.4876651357722360
0.9590000000000016 0.4751298333531818
0.9600000000000016 0.4617121156656266
0.9610000000000016 0.4473923355269739
0.9620000000000016 0.4321505944210854
0.9630000000000016 0.4159667404039040
0.9640000000000016 0.3988203659973259
0.9650000000000016 0.3806908060712781
0.9660000000000016 0.3615571357139370
0.9670000000000016 0.3413981680900646
0.9680000000000016 0.3201924522874258
0.9690000000000016 0.2979182711512028
0.9700000000000016 0.2745536391064196
0.9710000000000016 0.2500762999682751
0.9720000000000016 0.2244637247403831
0.9730000000000016 0.1976931094008596
0.9740000000000016 0.1697413726761953
0.9750000000000016 0.1405851538029113
0.9760000000000016 0.1102008102769050
0.9770000000000016 0.0785644155904746
0.9780000000000016 0.0456517569569712
0.9790000000000016 0.0114383330230114
0.9800000000000016 0.0241006484317575
0.9810000000000016 0.0609902728074124
0.9820000000000016 0.0992559210090750
0.9830000000000017 0.1389232717848196
0.9840000000000017 0.1800183040762498
0.9850000000000017 0.2225672993817416
0.9860000000000017 0.2665968441324491
0.9870000000000017 0.3121338320811027
0.9880000000000017 0.3592054667036066
0.9890000000000017 0.4078392636135368
0.9900000000000017 0.4580630529895754
0.9910000000000017 0.5099049820158692
0.9920000000000017 0.5633935173354707
0.9930000000000017 0.6185574475167700
0.9940000000000017 0.6754258855330960
0.9950000000000017 0.7340282712554422
0.9960000000000017 0.7943943739583897
0.9970000000000017 0.8565542948393178
0.9980000000000017 0.9205384695508608
0.9990000000000017 0.9863776707467431
