-1.0000000000000000 0.0000000028895412
-0.9990000000000000 0.0000000027753634
-0.9980000000000000 0.0000000026638431
-0.9970000000000000 0.0000000025549380
-0.9960000000000000 0.0000000024486063
-0.9950000000000000 0.0000000023448062
-0.9940000000000000 0.0000000022434974
-0.9930000000000000 0.0000000021446389
-0.9920000000000000 0.0000000020481908
-0.9910000000000000 0.0000000019541141
-0.9900000000000000 0.0000000018623690
-0.9890000000000000 0.0000000017729177
-0.9880000000000000 0.0000000016857218
-0.9870000000000000 0.0000000016007435
-0.9860000000000000 0.0000000015179459
-0.9850000000000000 0.0000000014372918
-0.9840000000000000 0.0000000013587456
-0.9830000000000000 0.0000000012822708
-0.9820000000000000 0.0000000012078321
-0.9810000000000000 0.0000000011353947
-0.9800000000000000 0.0000000010649243
-0.9790000000000000 0.0000000009963861
-0.9780000000000000 0.0000000009297467
-0.9770000000000000 0.0000000008649729
-0.9760000000000000 0.0000000008020316
-0.9750000000000000 0.0000000007408907
-0.9740000000000000 0.0000000006815174
-0.9730000000000000 0.0000000006238805
-0.9720000000000000 0.0000000005679490
-0.9710000000000000 0.0000000005136914
-0.9700000000000000 0.0000000004610777
-0.9690000000000000 0.0000000004100776
-0.9680000000000000 0.0000000003606613
-0.9670000000000000 0.0000000003127996
-0.9660000000000000 0.0000000002664633
-0.9650000000000000 0.0000000002216237
-0.9640000000000000 0.0000000001782534
-0.9630000000000000 0.0000000001363236
-0.9620000000000000 0.0000000000958073
-0.9610000000000000 0.0000000000566771
-0.9600000000000000 0.0000000000189062
-0.9590000000000000 0.0000000000175312
-0.9580000000000000 0.0000000000526622
-0.9570000000000000 0.0000000000865118
-0.9560000000000000 0.0000000001191056
-0.9550000000000000 0.0000000001504687
-0.9540000000000000 0.0000000001806260
-0.9530000000000000 0.0000000002096013
-0.9520000000000000 0.0000000002374194
-0.9510000000000000 0.0000000002641036
-0.9500000000000000 0.0000000002896776
-0.9490000000000000 0.0000000003141640
-0.9480000000000000 0.0000000003375863
-0.9470000000000000 0.0000000003599659
-0.9460000000000000 0.0000000003813263
-0.9450000000000000 0.0000000004016883
-0.9440000000000000 0.0000000004210740
-0.9429999999999999 0.0000000004395041
-0.9419999999999999 0.0000000004570001
-0.9409999999999999 0.0000000004735824
-0.9399999999999999 0.0000000004892715
-0.9389999999999999 0.0000000005040870
-0.9379999999999999 0.0000000005180492
-0.9369999999999999 0.0000000005311775
-0.9359999999999999 0.0000000005434909
-0.9349999999999999 0.0000000005550085
-0.9339999999999999 0.0000000005657491
-0.9329999999999999 0.0000000005757308
-0.9319999999999999 0.0000000005849720
-0.9309999999999999 0.0000000005934901
-0.9299999999999999 0.0000000006013032
-0.9289999999999999 0.0000000006084283
-0.9279999999999999 0.0000000006148827
-0.9269999999999999 0.0000000006206831
-0.9259999999999999 0.0000000006258459
-0.9249999999999999 0.0000000006303875
-0.9239999999999999 0.0000000006343244
-0.9229999999999999 0.0000000006376717
-0.9219999999999999 0.0000000006404454
-0.9209999999999999 0.0000000006426607
-0.9199999999999999 0.0000000006443326
-0.9189999999999999 0.0000000006454762
-0.9179999999999999 0.0000000006461061
-0.9169999999999999 0.0000000006462366
-0.9159999999999999 0.0000000006458818
-0.9149999999999999 0.0000000006450557
-0.9139999999999999 0.0000000006437723
-0.9129999999999999 0.0000000006420445
-0.9119999999999999 0.0000000006398859
-0.9109999999999999 0.0000000006373096
-0.9099999999999999 0.0000000006343288
-0.9089999999999999 0.0000000006309553
-0.9079999999999999 0.0000000006272023
-0.9069999999999999 0.0000000006230814
-0.9059999999999999 0.0000000006186053
-0.9049999999999999 0.0000000006137850
-0.9039999999999999 0.0000000006086329
-0.9029999999999999 0.0000000006031600
-0.9019999999999999 0.0000000005973778
-0.9009999999999999 0.0000000005912969
-0.8999999999999999 0.0000000005849284
-0.8989999999999999 0.0000000005782832
-0.8979999999999999 0.0000000005713712
-0.8969999999999999 0.0000000005642031
-0.8959999999999999 0.0000000005567888
-0.8949999999999999 0.0000000005491384
-0.8939999999999999 0.0000000005412615
-0.8929999999999999 0.0000000005331677
-0.8919999999999999 0.0000000005248664
-0.8909999999999999 0.0000000005163667
-0.8899999999999999 0.0000000005076779
-0.8889999999999999 0.0000000004988084
-0.8879999999999999 0.0000000004897676
-0.8869999999999999 0.0000000004805637
-0.8859999999999999 0.0000000004712050
-0.8849999999999999 0.0000000004616996
-0.8839999999999999 0.0000000004520558
-0.8829999999999999 0.0000000004422814
-0.8819999999999999 0.0000000004323844
-0.8809999999999999 0.0000000004223722
-0.8799999999999999 0.0000000004122523
-0.8789999999999999 0.0000000004020317
-0.8779999999999999 0.0000000003917182
-0.8769999999999999 0.0000000003813184
-0.8759999999999999 0.0000000003708389
-0.8749999999999999 0.0000000003602869
-0.8739999999999999 0.0000000003496688
-0.8729999999999999 0.0000000003389909
-0.8719999999999999 0.0000000003282600
-0.8709999999999999 0.0000000003174817
-0.8699999999999999 0.0000000003066624
-0.8689999999999999 0.0000000002958077
-0.8679999999999999 0.0000000002849236
-0.8669999999999999 0.0000000002740158
-0.8659999999999999 0.0000000002630897
-0.8649999999999999 0.0000000002521507
-0.8639999999999999 0.0000000002412041
-0.8629999999999999 0.0000000002302550
-0.8619999999999999 0.0000000002193085
-0.8609999999999999 0.0000000002083694
-0.8599999999999999 0.0000000001974427
-0.8589999999999999 0.0000000001865330
-0.8579999999999999 0.0000000001756449
-0.8569999999999999 0.0000000001647826
-0.8559999999999999 0.0000000001539507
-0.8549999999999999 0.0000000001431534
-0.8539999999999999 0.0000000001323948
-0.8529999999999999 0.0000000001216789
-0.8519999999999999 0.0000000001110096
-0.8509999999999999 0.0000000001003906
-0.8499999999999999 0.0000000000898259
-0.8489999999999999 0.0000000000793190
-0.8479999999999999 0.0000000000688734
-0.8469999999999999 0.0000000000584922
-0.8459999999999999 0.0000000000481792
-0.8449999999999999 0.0000000000379372
-0.8439999999999999 0.0000000000277696
-0.8429999999999999 0.0000000000176793
-0.8419999999999999 0.0000000000076693
-0.8409999999999999 0.0000000000022574
-0.8399999999999999 0.0000000000120984
-0.8389999999999999 0.0000000000218507
-0.8379999999999999 0.0000000000315118
-0.8369999999999999 0.0000000000410794
-0.8359999999999999 0.0000000000505509
-0.8349999999999999 0.0000000000599241
-0.8339999999999999 0.0000000000691964
-0.8329999999999999 0.0000000000783659
-0.8319999999999999 0.0000000000874306
-0.8309999999999998 0.0000000000963883
-0.8299999999999998 0.0000000001052369
-0.8289999999999998 0.0000000001139751
-0.8279999999999998 0.0000000001226006
-0.8269999999999998 0.0000000001311116
-0.8259999999999998 0.0000000001395069
-0.8249999999999998 0.0000000001477846
-0.8239999999999998 0.0000000001559433
-0.8229999999999998 0.0000000001639816
-0.8219999999999998 0.0000000001718981
-0.8209999999999998 0.0000000001796914
-0.8199999999999998 0.0000000001873601
-0.8189999999999998 0.0000000001949034
-0.8179999999999998 0.0000000002023202
-0.8169999999999998 0.0000000002096091
-0.8159999999999998 0.0000000002167694
-0.8149999999999998 0.0000000002238000
-0.8139999999999998 0.0000000002306999
-0.8129999999999998 0.0000000002374686
-0.8119999999999998 0.0000000002441052
-0.8109999999999998 0.0000000002506090
-0.8099999999999998 0.0000000002569791
-0.8089999999999998 0.0000000002632156
-0.8079999999999998 0.0000000002693172
-0.8069999999999998 0.0000000002752839
-0.8059999999999998 0.0000000002811149
-0.8049999999999998 0.0000000002868101
-0.8039999999999998 0.0000000002923690
-0.8029999999999998 0.0000000002977915
-0.8019999999999998 0.0000000003030771
-0.8009999999999998 0.0000000003082258
-0.7999999999999998 0.0000000003132372
-0.7989999999999998 0.0000000003181114
-0.7979999999999998 0.0000000003228485
-0.7969999999999998 0.0000000003274483
-0.7959999999999998 0.0000000003319106
-0.7949999999999998 0.0000000003362358
-0.7939999999999998 0.0000000003404240
-0.7929999999999998 0.0000000003444749
-0.7919999999999998 0.0000000003483892
-0.7909999999999998 0.0000000003521670
-0.7899999999999998 0.0000000003558084
-0.7889999999999998 0.0000000003593138
-0.7879999999999998 0.0000000003626835
-0.7869999999999998 0.0000000003659180
-0.7859999999999998 0.0000000003690174
-0.7849999999999998 0.0000000003719824
-0.7839999999999998 0.0000000003748133
-0.7829999999999998 0.0000000003775108
-0.7819999999999998 0.0000000003800754
-0.7809999999999998 0.0000000003825074
-0.7799999999999998 0.0000000003848077
-0.7789999999999998 0.0000000003869770
-0.7779999999999998 0.0000000003890155
-0.7769999999999998 0.0000000003909242
-0.7759999999999998 0.0000000003927036
-0.7749999999999998 0.0000000003943547
-0.7739999999999998 0.0000000003958781
-0.7729999999999998 0.0000000003972745
-0.7719999999999998 0.0000000003985451
-0.7709999999999998 0.0000000003996903
-0.7699999999999998 0.0000000004007110
-0.7689999999999998 0.0000000004016084
-0.7679999999999998 0.0000000004023832
-0.7669999999999998 0.0000000004030360
-0.7659999999999998 0.0000000004035683
-0.7649999999999998 0.0000000004039807
-0.7639999999999998 0.0000000004042744
-0.7629999999999998 0.0000000004044503
-0.7619999999999998 0.0000000004045094
-0.7609999999999998 0.0000000004044527
-0.7599999999999998 0.0000000004042814
-0.7589999999999998 0.0000000004039967
-0.7579999999999998 0.0000000004035990
-0.7569999999999998 0.0000000004030902
-0.7559999999999998 0.0000000004024711
-0.7549999999999998 0.0000000004017429
-0.7539999999999998 0.0000000004009066
-0.7529999999999998 0.0000000003999635
-0.7519999999999998 0.0000000003989149
-0.7509999999999998 0.0000000003977617
-0.7499999999999998 0.0000000003965052
-0.7489999999999998 0.0000000003951468
-0.7479999999999998 0.0000000003936874
-0.7469999999999998 0.0000000003921287
-0.7459999999999998 0.0000000003904714
-0.7449999999999998 0.0000000003887172
-0.7439999999999998 0.0000000003868672
-0.7429999999999998 0.0000000003849226
-0.7419999999999998 0.0000000003828848
-0.7409999999999998 0.0000000003807552
-0.7399999999999998 0.0000000003785348
-0.7389999999999998 0.0000000003762251
-0.7379999999999998 0.0000000003738275
-0.7369999999999998 0.0000000003713432
-0.7359999999999998 0.0000000003687736
-0.7349999999999998 0.0000000003661199
-0.7339999999999998 0.0000000003633834
-0.7329999999999998 0.0000000003605657
-0.7319999999999998 0.0000000003576682
-0.7309999999999998 0.0000000003546918
-0.7299999999999998 0.0000000003516385
-0.7289999999999998 0.0000000003485090
-0.7279999999999998 0.0000000003453051
-0.7269999999999998 0.0000000003420280
-0.7259999999999998 0.0000000003386793
-0.7249999999999998 0.0000000003352600
-0.7239999999999998 0.0000000003317717
-0.7229999999999998 0.0000000003282158
-0.7219999999999998 0.0000000003245937
-0.7209999999999998 0.0000000003209066
-0.7199999999999998 0.0000000003171560
-0.7189999999999998 0.0000000003133435
-0.7179999999999997 0.0000000003094699
-0.7169999999999997 0.0000000003055370
-0.7159999999999997 0.0000000003015463
-0.7149999999999997 0.0000000002974990
-0.7139999999999997 0.0000000002933963
-0.7129999999999997 0.0000000002892400
-0.7119999999999997 0.0000000002850309
-0.7109999999999997 0.0000000002807710
-0.7099999999999997 0.0000000002764613
-0.7089999999999997 0.0000000002721031
-0.7079999999999997 0.0000000002676982
-0.7069999999999997 0.0000000002632475
-0.7059999999999997 0.0000000002587524
-0.7049999999999997 0.0000000002542145
-0.7039999999999997 0.0000000002496352
-0.7029999999999997 0.0000000002450155
-0.7019999999999997 0.0000000002403568
-0.7009999999999997 0.0000000002356609
-0.6999999999999997 0.0000000002309286
-0.6989999999999997 0.0000000002261615
-0.6979999999999997 0.0000000002213609
-0.6969999999999997 0.0000000002165280
-0.6959999999999997 0.0000000002116642
-0.6949999999999997 0.0000000002067710
-0.6939999999999997 0.0000000002018492
-0.6929999999999997 0.0000000001969007
-0.6919999999999997 0.0000000001919264
-0.6909999999999997 0.0000000001869276
-0.6899999999999997 0.0000000001819058
-0.6889999999999997 0.0000000001768620
-0.6879999999999997 0.0000000001717978
-0.6869999999999997 0.0000000001667141
-0.6859999999999997 0.0000000001616124
-0.6849999999999997 0.0000000001564937
-0.6839999999999997 0.0000000001513595
-0.6829999999999997 0.0000000001462108
-0.6819999999999997 0.0000000001410491
-0.6809999999999997 0.0000000001358752
-0.6799999999999997 0.0000000001306906
-0.6789999999999997 0.0000000001254965
-0.6779999999999997 0.0000000001202940
-0.6769999999999997 0.0000000001150845
-0.6759999999999997 0.0000000001098686
-0.6749999999999997 0.0000000001046480
-0.6739999999999997 0.0000000000994236
-0.6729999999999997 0.0000000000941967
-0.6719999999999997 0.0000000000889683
-0.6709999999999997 0.0000000000837395
-0.6699999999999997 0.0000000000785114
-0.6689999999999997 0.0000000000732854
-0.6679999999999997 0.0000000000680622
-0.6669999999999997 0.0000000000628431
-0.6659999999999997 0.0000000000576292
-0.6649999999999997 0.0000000000524214
-0.6639999999999997 0.0000000000472210
-0.6629999999999997 0.0000000000420286
-0.6619999999999997 0.0000000000368460
-0.6609999999999997 0.0000000000316732
-0.6599999999999997 0.0000000000265121
-0.6589999999999997 0.0000000000213632
-0.6579999999999997 0.0000000000162278
-0.6569999999999997 0.0000000000111066
-0.6559999999999997 0.0000000000060008
-0.6549999999999997 0.0000000000009112
-0.6539999999999997 0.0000000000041613
-0.6529999999999997 0.0000000000092155
-0.6519999999999997 0.0000000000142505
-0.6509999999999997 0.0000000000192658
-0.6499999999999997 0.0000000000242600
-0.6489999999999997 0.0000000000292326
-0.6479999999999997 0.0000000000341825
-0.6469999999999997 0.0000000000391089
-0.6459999999999997 0.0000000000440108
-0.6449999999999997 0.0000000000488874
-0.6439999999999997 0.0000000000537380
-0.6429999999999997 0.0000000000585618
-0.6419999999999997 0.0000000000633577
-0.6409999999999997 0.0000000000681252
-0.6399999999999997 0.0000000000728633
-0.6389999999999997 0.0000000000775713
-0.6379999999999997 0.0000000000822485
-0.6369999999999997 0.0000000000868943
-0.6359999999999997 0.0000000000915075
-0.6349999999999997 0.0000000000960877
-0.6339999999999997 0.0000000001006339
-0.6329999999999997 0.0000000001051458
-0.6319999999999997 0.0000000001096224
-0.6309999999999997 0.0000000001140630
-0.6299999999999997 0.0000000001184672
-0.6289999999999997 0.0000000001228341
-0.6279999999999997 0.0000000001271631
-0.6269999999999997 0.0000000001314533
-0.6259999999999997 0.0000000001357048
-0.6249999999999997 0.0000000001399162
-0.6239999999999997 0.0000000001440875
-0.6229999999999997 0.0000000001482175
-0.6219999999999997 0.0000000001523062
-0.6209999999999997 0.0000000001563526
-0.6199999999999997 0.0000000001603565
-0.6189999999999997 0.0000000001643171
-0.6179999999999997 0.0000000001682340
-0.6169999999999997 0.0000000001721064
-0.6159999999999997 0.0000000001759343
-0.6149999999999997 0.0000000001797167
-0.6139999999999997 0.0000000001834535
-0.6129999999999997 0.0000000001871440
-0.6119999999999997 0.0000000001907875
-0.6109999999999997 0.0000000001943841
-0.6099999999999997 0.0000000001979329
-0.6089999999999997 0.0000000002014339
-0.6079999999999997 0.0000000002048863
-0.6069999999999997 0.0000000002082898
-0.6059999999999997 0.0000000002116440
-0.6049999999999996 0.0000000002149488
-0.6039999999999996 0.0000000002182033
-0.6029999999999996 0.0000000002214077
-0.6019999999999996 0.0000000002245611
-0.6009999999999996 0.0000000002276636
-0.5999999999999996 0.0000000002307147
-0.5989999999999996 0.0000000002337138
-0.5979999999999996 0.0000000002366610
-0.5969999999999996 0.0000000002395560
-0.5959999999999996 0.0000000002423984
-0.5949999999999996 0.0000000002451881
-0.5939999999999996 0.0000000002479243
-0.5929999999999996 0.0000000002506073
-0.5919999999999996 0.0000000002532364
-0.5909999999999996 0.0000000002558120
-0.5899999999999996 0.0000000002583334
-0.5889999999999996 0.0000000002608005
-0.5879999999999996 0.0000000002632131
-0.5869999999999996 0.0000000002655711
-0.5859999999999996 0.0000000002678741
-0.5849999999999996 0.0000000002701223
-0.5839999999999996 0.0000000002723151
-0.5829999999999996 0.0000000002744528
-0.5819999999999996 0.0000000002765348
-0.5809999999999996 0.0000000002785614
-0.5799999999999996 0.0000000002805324
-0.5789999999999996 0.0000000002824474
-0.5779999999999996 0.0000000002843065
-0.5769999999999996 0.0000000002861098
-0.5759999999999996 0.0000000002878568
-0.5749999999999996 0.0000000002895481
-0.5739999999999996 0.0000000002911829
-0.5729999999999996 0.0000000002927616
-0.5719999999999996 0.0000000002942840
-0.5709999999999996 0.0000000002957501
-0.5699999999999996 0.0000000002971601
-0.5689999999999996 0.0000000002985137
-0.5679999999999996 0.0000000002998107
-0.5669999999999996 0.0000000003010517
-0.5659999999999996 0.0000000003022363
-0.5649999999999996 0.0000000003033650
-0.5639999999999996 0.0000000003044373
-0.5629999999999996 0.0000000003054533
-0.5619999999999996 0.0000000003064133
-0.5609999999999996 0.0000000003073173
-0.5599999999999996 0.0000000003081654
-0.5589999999999996 0.0000000003089575
-0.5579999999999996 0.0000000003096939
-0.5569999999999996 0.0000000003103746
-0.5559999999999996 0.0000000003109998
-0.5549999999999996 0.0000000003115694
-0.5539999999999996 0.0000000003120838
-0.5529999999999996 0.0000000003125430
-0.5519999999999996 0.0000000003129470
-0.5509999999999996 0.0000000003132963
-0.5499999999999996 0.0000000003135906
-0.5489999999999996 0.0000000003138304
-0.5479999999999996 0.0000000003140159
-0.5469999999999996 0.0000000003141474
-0.5459999999999996 0.0000000003142244
-0.5449999999999996 0.0000000003142477
-0.5439999999999996 0.0000000003142174
-0.5429999999999996 0.0000000003141338
-0.5419999999999996 0.0000000003139968
-0.5409999999999996 0.0000000003138070
-0.5399999999999996 0.0000000003135643
-0.5389999999999996 0.0000000003132692
-0.5379999999999996 0.0000000003129217
-0.5369999999999996 0.0000000003125223
-0.5359999999999996 0.0000000003120711
-0.5349999999999996 0.0000000003115683
-0.5339999999999996 0.0000000003110145
-0.5329999999999996 0.0000000003104100
-0.5319999999999996 0.0000000003097544
-0.5309999999999996 0.0000000003090488
-0.5299999999999996 0.0000000003082931
-0.5289999999999996 0.0000000003074875
-0.5279999999999996 0.0000000003066324
-0.5269999999999996 0.0000000003057286
-0.5259999999999996 0.0000000003047756
-0.5249999999999996 0.0000000003037742
-0.5239999999999996 0.0000000003027247
-0.5229999999999996 0.0000000003016279
-0.5219999999999996 0.0000000003004833
-0.5209999999999996 0.0000000002992916
-0.5199999999999996 0.0000000002980534
-0.5189999999999996 0.0000000002967685
-0.5179999999999996 0.0000000002954380
-0.5169999999999996 0.0000000002940617
-0.5159999999999996 0.0000000002926400
-0.5149999999999996 0.0000000002911738
-0.5139999999999996 0.0000000002896632
-0.5129999999999996 0.0000000002881082
-0.5119999999999996 0.0000000002865098
-0.5109999999999996 0.0000000002848680
-0.5099999999999996 0.0000000002831835
-0.5089999999999996 0.0000000002814564
-0.5079999999999996 0.0000000002796875
-0.5069999999999996 0.0000000002778768
-0.5059999999999996 0.0000000002760251
-0.5049999999999996 0.0000000002741327
-0.5039999999999996 0.0000000002721999
-0.5029999999999996 0.0000000002702274
-0.5019999999999996 0.0000000002682152
-0.5009999999999996 0.0000000002661642
-0.4999999999999996 0.0000000002640747
-0.4989999999999996 0.0000000002619470
-0.4979999999999996 0.0000000002597819
-0.4969999999999996 0.0000000002575793
-0.4959999999999996 0.0000000002553404
-0.4949999999999996 0.0000000002530652
-0.4939999999999996 0.0000000002507541
-0.4929999999999995 0.0000000002484080
-0.4919999999999995 0.0000000002460268
-0.4909999999999995 0.0000000002436115
-0.4899999999999995 0.0000000002411622
-0.4889999999999995 0.0000000002386796
-0.4879999999999995 0.0000000002361642
-0.4869999999999995 0.0000000002336165
-0.4859999999999995 0.0000000002310367
-0.4849999999999995 0.0000000002284256
-0.4839999999999995 0.0000000002257837
-0.4829999999999995 0.0000000002231114
-0.4819999999999995 0.0000000002204092
-0.4809999999999995 0.0000000002176777
-0.4799999999999995 0.0000000002149171
-0.4789999999999995 0.0000000002121284
-0.4779999999999995 0.0000000002093117
-0.4769999999999995 0.0000000002064677
-0.4759999999999995 0.0000000002035969
-0.4749999999999995 0.0000000002006998
-0.4739999999999995 0.0000000001977769
-0.4729999999999995 0.0000000001948287
-0.4719999999999995 0.0000000001918559
-0.4709999999999995 0.0000000001888588
-0.4699999999999995 0.0000000001858380
-0.4689999999999995 0.0000000001827941
-0.4679999999999995 0.0000000001797273
-0.4669999999999995 0.0000000001766385
-0.4659999999999995 0.0000000001735283
-0.4649999999999995 0.0000000001703967
-0.4639999999999995 0.0000000001672449
-0.4629999999999995 0.0000000001640729
-0.4619999999999995 0.0000000001608813
-0.4609999999999995 0.0000000001576709
-0.4599999999999995 0.0000000001544420
-0.4589999999999995 0.0000000001511954
-0.4579999999999995 0.0000000001479314
-0.4569999999999995 0.0000000001446506
-0.4559999999999995 0.0000000001413534
-0.4549999999999995 0.0000000001380406
-0.4539999999999995 0.0000000001347125
-0.4529999999999995 0.0000000001313696
-0.4519999999999995 0.0000000001280126
-0.4509999999999995 0.0000000001246422
-0.4499999999999995 0.0000000001212584
-0.4489999999999995 0.0000000001178622
-0.4479999999999995 0.0000000001144542
-0.4469999999999995 0.0000000001110344
-0.4459999999999995 0.0000000001076038
-0.4449999999999995 0.0000000001041627
-0.4439999999999995 0.0000000001007117
-0.4429999999999995 0.0000000000972514
-0.4419999999999995 0.0000000000937823
-0.4409999999999995 0.0000000000903049
-0.4399999999999995 0.0000000000868196
-0.4389999999999995 0.0000000000833271
-0.4379999999999995 0.0000000000798278
-0.4369999999999995 0.0000000000763225
-0.4359999999999995 0.0000000000728114
-0.4349999999999995 0.0000000000692953
-0.4339999999999995 0.0000000000657743
-0.4329999999999995 0.0000000000622494
-0.4319999999999995 0.0000000000587208
-0.4309999999999995 0.0000000000551891
-0.4299999999999995 0.0000000000516548
-0.4289999999999995 0.0000000000481184
-0.4279999999999995 0.0000000000445807
-0.4269999999999995 0.0000000000410418
-0.4259999999999995 0.0000000000375026
-0.4249999999999995 0.0000000000339632
-0.4239999999999995 0.0000000000304242
-0.4229999999999995 0.0000000000268864
-0.4219999999999995 0.0000000000233500
-0.4209999999999995 0.0000000000198156
-0.4199999999999995 0.0000000000162836
-0.4189999999999995 0.0000000000127549
-0.4179999999999995 0.0000000000092295
-0.4169999999999995 0.0000000000057080
-0.4159999999999995 0.0000000000021908
-0.4149999999999995 0.0000000000013211
-0.4139999999999995 0.0000000000048277
-0.4129999999999995 0.0000000000083283
-0.4119999999999995 0.0000000000118228
-0.4109999999999995 0.0000000000153102
-0.4099999999999995 0.0000000000187901
-0.4089999999999995 0.0000000000222625
-0.4079999999999995 0.0000000000257265
-0.4069999999999995 0.0000000000291818
-0.4059999999999995 0.0000000000326278
-0.4049999999999995 0.0000000000360642
-0.4039999999999995 0.0000000000394903
-0.4029999999999995 0.0000000000429060
-0.4019999999999995 0.0000000000463106
-0.4009999999999995 0.0000000000497038
-0.3999999999999995 0.0000000000530850
-0.3989999999999995 0.0000000000564540
-0.3979999999999995 0.0000000000598098
-0.3969999999999995 0.0000000000631526
-0.3959999999999995 0.0000000000664817
-0.3949999999999995 0.0000000000697966
-0.3939999999999995 0.0000000000730971
-0.3929999999999995 0.0000000000763827
-0.3919999999999995 0.0000000000796527
-0.3909999999999995 0.0000000000829070
-0.3899999999999995 0.0000000000861453
-0.3889999999999995 0.0000000000893668
-0.3879999999999995 0.0000000000925712
-0.3869999999999995 0.0000000000957582
-0.3859999999999995 0.0000000000989275
-0.3849999999999995 0.0000000001020783
-0.3839999999999995 0.0000000001052108
-0.3829999999999995 0.0000000001083242
-0.3819999999999995 0.0000000001114183
-0.3809999999999995 0.0000000001144925
-0.3799999999999994 0.0000000001175465
-0.3789999999999994 0.0000000001205801
-0.3779999999999994 0.0000000001235929
-0.3769999999999994 0.0000000001265842
-0.3759999999999994 0.0000000001295541
-0.3749999999999994 0.0000000001325020
-0.3739999999999994 0.0000000001354276
-0.3729999999999994 0.0000000001383306
-0.3719999999999994 0.0000000001412104
-0.3709999999999994 0.0000000001440668
-0.3699999999999994 0.0000000001468996
-0.3689999999999994 0.0000000001497084
-0.3679999999999994 0.0000000001524927
-0.3669999999999994 0.0000000001552525
-0.3659999999999994 0.0000000001579873
-0.3649999999999994 0.0000000001606967
-0.3639999999999994 0.0000000001633805
-0.3629999999999994 0.0000000001660383
-0.3619999999999994 0.0000000001686700
-0.3609999999999994 0.0000000001712750
-0.3599999999999994 0.0000000001738532
-0.3589999999999994 0.0000000001764042
-0.3579999999999994 0.0000000001789279
-0.3569999999999994 0.0000000001814239
-0.3559999999999994 0.0000000001838919
-0.3549999999999994 0.0000000001863315
-0.3539999999999994 0.0000000001887428
-0.3529999999999994 0.0000000001911252
-0.3519999999999994 0.0000000001934786
-0.3509999999999994 0.0000000001958026
-0.3499999999999994 0.0000000001980972
-0.3489999999999994 0.0000000002003619
-0.3479999999999994 0.0000000002025965
-0.3469999999999994 0.0000000002048010
-0.3459999999999994 0.0000000002069748
-0.3449999999999994 0.0000000002091179
-0.3439999999999994 0.0000000002112300
-0.3429999999999994 0.0000000002133111
-0.3419999999999994 0.0000000002153605
-0.3409999999999994 0.0000000002173783
-0.3399999999999994 0.0000000002193645
-0.3389999999999994 0.0000000002213187
-0.3379999999999994 0.0000000002232406
-0.3369999999999994 0.0000000002251300
-0.3359999999999994 0.0000000002269869
-0.3349999999999994 0.0000000002288110
-0.3339999999999994 0.0000000002306020
-0.3329999999999994 0.0000000002323599
-0.3319999999999994 0.0000000002340845
-0.3309999999999994 0.0000000002357757
-0.3299999999999994 0.0000000002374333
-0.3289999999999994 0.0000000002390569
-0.3279999999999994 0.0000000002406468
-0.3269999999999994 0.0000000002422026
-0.3259999999999994 0.0000000002437240
-0.3249999999999994 0.0000000002452112
-0.3239999999999994 0.0000000002466638
-0.3229999999999994 0.0000000002480818
-0.3219999999999994 0.0000000002494651
-0.3209999999999994 0.0000000002508136
-0.3199999999999994 0.0000000002521269
-0.3189999999999994 0.0000000002534052
-0.3179999999999994 0.0000000002546482
-0.3169999999999994 0.0000000002558561
-0.3159999999999994 0.0000000002570285
-0.3149999999999994 0.0000000002581656
-0.3139999999999994 0.0000000002592669
-0.3129999999999994 0.0000000002603328
-0.3119999999999994 0.0000000002613627
-0.3109999999999994 0.0000000002623569
-0.3099999999999994 0.0000000002633153
-0.3089999999999994 0.0000000002642377
-0.3079999999999994 0.0000000002651243
-0.3069999999999994 0.0000000002659747
-0.3059999999999994 0.0000000002667891
-0.3049999999999994 0.0000000002675673
-0.3039999999999994 0.0000000002683093
-0.3029999999999994 0.0000000002690151
-0.3019999999999994 0.0000000002696847
-0.3009999999999994 0.0000000002703180
-0.2999999999999994 0.0000000002709152
-0.2989999999999994 0.0000000002714758
-0.2979999999999994 0.0000000002720004
-0.2969999999999994 0.0000000002724883
-0.2959999999999994 0.0000000002729401
-0.2949999999999994 0.0000000002733556
-0.2939999999999994 0.0000000002737348
-0.2929999999999994 0.0000000002740776
-0.2919999999999994 0.0000000002743842
-0.2909999999999994 0.0000000002746544
-0.2899999999999994 0.0000000002748887
-0.2889999999999994 0.0000000002750862
-0.2879999999999994 0.0000000002752478
-0.2869999999999994 0.0000000002753732
-0.2859999999999994 0.0000000002754627
-0.2849999999999994 0.0000000002755157
-0.2839999999999994 0.0000000002755329
-0.2829999999999994 0.0000000002755142
-0.2819999999999994 0.0000000002754597
-0.2809999999999994 0.0000000002753689
-0.2799999999999994 0.0000000002752426
-0.2789999999999994 0.0000000002750807
-0.2779999999999994 0.0000000002748830
-0.2769999999999994 0.0000000002746499
-0.2759999999999994 0.0000000002743810
-0.2749999999999994 0.0000000002740770
-0.2739999999999994 0.0000000002737375
-0.2729999999999994 0.0000000002733629
-0.2719999999999994 0.0000000002729532
-0.2709999999999994 0.0000000002725082
-0.2699999999999994 0.0000000002720288
-0.2689999999999994 0.0000000002715143
-0.2679999999999993 0.0000000002709651
-0.2669999999999993 0.0000000002703815
-0.2659999999999993 0.0000000002697633
-0.2649999999999993 0.0000000002691108
-0.2639999999999993 0.0000000002684243
-0.2629999999999993 0.0000000002677037
-0.2619999999999993 0.0000000002669492
-0.2609999999999993 0.0000000002661610
-0.2599999999999993 0.0000000002653390
-0.2589999999999993 0.0000000002644838
-0.2579999999999993 0.0000000002635951
-0.2569999999999993 0.0000000002626734
-0.2559999999999993 0.0000000002617185
-0.2549999999999993 0.0000000002607309
-0.2539999999999993 0.0000000002597108
-0.2529999999999993 0.0000000002586579
-0.2519999999999993 0.0000000002575729
-0.2509999999999993 0.0000000002564555
-0.2499999999999993 0.0000000002553064
-0.2489999999999993 0.0000000002541255
-0.2479999999999993 0.0000000002529131
-0.2469999999999993 0.0000000002516691
-0.2459999999999993 0.0000000002503941
-0.2449999999999993 0.0000000002490883
-0.2439999999999993 0.0000000002477514
-0.2429999999999993 0.0000000002463840
-0.2419999999999993 0.0000000002449863
-0.2409999999999993 0.0000000002435582
-0.2399999999999993 0.0000000002421003
-0.2389999999999993 0.0000000002406128
-0.2379999999999993 0.0000000002390956
-0.2369999999999993 0.0000000002375493
-0.2359999999999993 0.0000000002359739
-0.2349999999999993 0.0000000002343699
-0.2339999999999993 0.0000000002327371
-0.2329999999999993 0.0000000002310758
-0.2319999999999993 0.0000000002293866
-0.2309999999999993 0.0000000002276694
-0.2299999999999993 0.0000000002259248
-0.2289999999999993 0.0000000002241528
-0.2279999999999993 0.0000000002223537
-0.2269999999999993 0.0000000002205277
-0.2259999999999993 0.0000000002186750
-0.2249999999999993 0.0000000002167961
-0.2239999999999993 0.0000000002148911
-0.2229999999999993 0.0000000002129602
-0.2219999999999993 0.0000000002110039
-0.2209999999999993 0.0000000002090222
-0.2199999999999993 0.0000000002070155
-0.2189999999999993 0.0000000002049843
-0.2179999999999993 0.0000000002029283
-0.2169999999999993 0.0000000002008483
-0.2159999999999993 0.0000000001987444
-0.2149999999999993 0.0000000001966169
-0.2139999999999993 0.0000000001944661
-0.2129999999999993 0.0000000001922924
-0.2119999999999993 0.0000000001900959
-0.2109999999999993 0.0000000001878769
-0.2099999999999993 0.0000000001856357
-0.2089999999999993 0.0000000001833730
-0.2079999999999993 0.0000000001810885
-0.2069999999999993 0.0000000001787827
-0.2059999999999993 0.0000000001764561
-0.2049999999999993 0.0000000001741089
-0.2039999999999993 0.0000000001717413
-0.2029999999999993 0.0000000001693536
-0.2019999999999993 0.0000000001669463
-0.2009999999999993 0.0000000001645198
-0.1999999999999993 0.0000000001620742
-0.1989999999999993 0.0000000001596097
-0.1979999999999993 0.0000000001571266
-0.1969999999999993 0.0000000001546259
-0.1959999999999993 0.0000000001521070
-0.1949999999999993 0.0000000001495709
-0.1939999999999993 0.0000000001470174
-0.1929999999999993 0.0000000001444475
-0.1919999999999993 0.0000000001418607
-0.1909999999999993 0.0000000001392579
-0.1899999999999993 0.0000000001366394
-0.1889999999999993 0.0000000001340054
-0.1879999999999993 0.0000000001313563
-0.1869999999999993 0.0000000001286922
-0.1859999999999993 0.0000000001260139
-0.1849999999999993 0.0000000001233212
-0.1839999999999993 0.0000000001206151
-0.1829999999999993 0.0000000001178951
-0.1819999999999993 0.0000000001151622
-0.1809999999999993 0.0000000001124165
-0.1799999999999993 0.0000000001096585
-0.1789999999999993 0.0000000001068883
-0.1779999999999993 0.0000000001041064
-0.1769999999999993 0.0000000001013131
-0.1759999999999993 0.0000000000985088
-0.1749999999999993 0.0000000000956938
-0.1739999999999993 0.0000000000928683
-0.1729999999999993 0.0000000000900331
-0.1719999999999993 0.0000000000871881
-0.1709999999999993 0.0000000000843340
-0.1699999999999993 0.0000000000814707
-0.1689999999999993 0.0000000000785989
-0.1679999999999993 0.0000000000757191
-0.1669999999999993 0.0000000000728313
-0.1659999999999993 0.0000000000699359
-0.1649999999999993 0.0000000000670335
-0.1639999999999993 0.0000000000641240
-0.1629999999999993 0.0000000000612084
-0.1619999999999993 0.0000000000582863
-0.1609999999999993 0.0000000000553589
-0.1599999999999993 0.0000000000524260
-0.1589999999999993 0.0000000000494879
-0.1579999999999993 0.0000000000465451
-0.1569999999999993 0.0000000000435983
-0.1559999999999993 0.0000000000406473
-0.1549999999999992 0.0000000000376928
-0.1539999999999992 0.0000000000347350
-0.1529999999999992 0.0000000000317744
-0.1519999999999992 0.0000000000288112
-0.1509999999999992 0.0000000000258459
-0.1499999999999992 0.0000000000228788
-0.1489999999999992 0.0000000000199102
-0.1479999999999992 0.0000000000169406
-0.1469999999999992 0.0000000000139700
-0.1459999999999992 0.0000000000109992
-0.1449999999999992 0.0000000000080284
-0.1439999999999992 0.0000000000050578
-0.1429999999999992 0.0000000000020880
-0.1419999999999992 0.0000000000008810
-0.1409999999999992 0.0000000000038484
-0.1399999999999992 0.0000000000068140
-0.1389999999999992 0.0000000000097776
-0.1379999999999992 0.0000000000127388
-0.1369999999999992 0.0000000000156971
-0.1359999999999992 0.0000000000186524
-0.1349999999999992 0.0000000000216042
-0.1339999999999992 0.0000000000245518
-0.1329999999999992 0.0000000000274957
-0.1319999999999992 0.0000000000304348
-0.1309999999999992 0.0000000000333689
-0.1299999999999992 0.0000000000362980
-0.1289999999999992 0.0000000000392213
-0.1279999999999992 0.0000000000421388
-0.1269999999999992 0.0000000000450501
-0.1259999999999992 0.0000000000479545
-0.1249999999999992 0.0000000000508521
-0.1239999999999992 0.0000000000537427
-0.1229999999999992 0.0000000000566254
-0.1219999999999992 0.0000000000595001
-0.1209999999999992 0.0000000000623666
-0.1199999999999992 0.0000000000652244
-0.1189999999999992 0.0000000000680731
-0.1179999999999992 0.0000000000709127
-0.1169999999999992 0.0000000000737425
-0.1159999999999992 0.0000000000765623
-0.1149999999999992 0.0000000000793718
-0.1139999999999992 0.0000000000821707
-0.1129999999999992 0.0000000000849589
-0.1119999999999992 0.0000000000877357
-0.1109999999999992 0.0000000000905009
-0.1099999999999992 0.0000000000932540
-0.1089999999999992 0.0000000000959950
-0.1079999999999992 0.0000000000987234
-0.1069999999999992 0.0000000001014391
-0.1059999999999992 0.0000000001041414
-0.1049999999999992 0.0000000001068301
-0.1039999999999992 0.0000000001095052
-0.1029999999999992 0.0000000001121663
-0.1019999999999992 0.0000000001148126
-0.1009999999999992 0.0000000001174444
-0.0999999999999992 0.0000000001200611
-0.0989999999999992 0.0000000001226623
-0.0979999999999992 0.0000000001252481
-0.0969999999999992 0.0000000001278180
-0.0959999999999992 0.0000000001303715
-0.0949999999999992 0.0000000001329085
-0.0939999999999992 0.0000000001354286
-0.0929999999999992 0.0000000001379318
-0.0919999999999992 0.0000000001404175
-0.0909999999999992 0.0000000001428854
-0.0899999999999992 0.0000000001453354
-0.0889999999999992 0.0000000001477672
-0.0879999999999992 0.0000000001501806
-0.0869999999999992 0.0000000001525748
-0.0859999999999992 0.0000000001549505
-0.0849999999999992 0.0000000001573065
-0.0839999999999992 0.0000000001596430
-0.0829999999999992 0.0000000001619593
-0.0819999999999992 0.0000000001642559
-0.0809999999999992 0.0000000001665318
-0.0799999999999992 0.0000000001687871
-0.0789999999999992 0.0000000001710215
-0.0779999999999992 0.0000000001732346
-0.0769999999999992 0.0000000001754265
-0.0759999999999992 0.0000000001775965
-0.0749999999999992 0.0000000001797447
-0.0739999999999992 0.0000000001818705
-0.0729999999999992 0.0000000001839742
-0.0719999999999992 0.0000000001860551
-0.0709999999999992 0.0000000001881130
-0.0699999999999992 0.0000000001901478
-0.0689999999999992 0.0000000001921594
-0.0679999999999992 0.0000000001941474
-0.0669999999999992 0.0000000001961112
-0.0659999999999992 0.0000000001980516
-0.0649999999999992 0.0000000001999673
-0.0639999999999992 0.0000000002018586
-0.0629999999999992 0.0000000002037253
-0.0619999999999992 0.0000000002055670
-0.0609999999999992 0.0000000002073836
-0.0599999999999992 0.0000000002091748
-0.0589999999999992 0.0000000002109406
-0.0579999999999992 0.0000000002126807
-0.0569999999999992 0.0000000002143949
-0.0559999999999992 0.0000000002160830
-0.0549999999999992 0.0000000002177448
-0.0539999999999992 0.0000000002193800
-0.0529999999999992 0.0000000002209886
-0.0519999999999992 0.0000000002225703
-0.0509999999999992 0.0000000002241251
-0.0499999999999992 0.0000000002256526
-0.0489999999999992 0.0000000002271526
-0.0479999999999992 0.0000000002286251
-0.0469999999999992 0.0000000002300700
-0.0459999999999992 0.0000000002314871
-0.0449999999999992 0.0000000002328761
-0.0439999999999992 0.0000000002342367
-0.0429999999999992 0.0000000002355691
-0.0419999999999991 0.0000000002368730
-0.0409999999999991 0.0000000002381483
-0.0399999999999991 0.0000000002393947
-0.0389999999999991 0.0000000002406122
-0.0379999999999991 0.0000000002418008
-0.0369999999999991 0.0000000002429601
-0.0359999999999991 0.0000000002440899
-0.0349999999999991 0.0000000002451904
-0.0339999999999991 0.0000000002462612
-0.0329999999999991 0.0000000002473024
-0.0319999999999991 0.0000000002483137
-0.0309999999999991 0.0000000002492951
-0.0299999999999991 0.0000000002502466
-0.0289999999999991 0.0000000002511680
-0.0279999999999991 0.0000000002520589
-0.0269999999999991 0.0000000002529195
-0.0259999999999991 0.0000000002537497
-0.0249999999999991 0.0000000002545494
-0.0239999999999991 0.0000000002553184
-0.0229999999999991 0.0000000002560567
-0.0219999999999991 0.0000000002567642
-0.0209999999999991 0.0000000002574408
-0.0199999999999991 0.0000000002580864
-0.0189999999999991 0.0000000002587011
-0.0179999999999991 0.0000000002592846
-0.0169999999999991 0.0000000002598369
-0.0159999999999991 0.0000000002603582
-0.0149999999999991 0.0000000002608479
-0.0139999999999991 0.0000000002613064
-0.0129999999999991 0.0000000002617336
-0.0119999999999991 0.0000000002621293
-0.0109999999999991 0.0000000002624935
-0.0099999999999991 0.0000000002628261
-0.0089999999999991 0.0000000002631273
-0.0079999999999991 0.0000000002633967
-0.0069999999999991 0.0000000002636348
-0.0059999999999991 0.0000000002638409
-0.0049999999999991 0.0000000002640155
-0.0039999999999991 0.0000000002641583
-0.0029999999999991 0.0000000002642694
-0.0019999999999991 0.0000000002643488
-0.0009999999999991 0.0000000002643966
0.0000000000000009 0.0000000002644125
0.0010000000000009 0.0000000002643969
0.0020000000000009 0.0000000002643493
0.0030000000000009 0.0000000002642701
0.0040000000000009 0.0000000002641591
0.0050000000000009 0.0000000002640163
0.0060000000000009 0.0000000002638421
0.0070000000000009 0.0000000002636360
0.0080000000000009 0.0000000002633983
0.0090000000000009 0.0000000002631290
0.0100000000000009 0.0000000002628281
0.0110000000000009 0.0000000002624956
0.0120000000000009 0.0000000002621315
0.0130000000000009 0.0000000002617360
0.0140000000000009 0.0000000002613091
0.0150000000000009 0.0000000002608509
0.0160000000000009 0.0000000002603611
0.0170000000000009 0.0000000002598403
0.0180000000000009 0.0000000002592879
0.0190000000000009 0.0000000002587047
0.0200000000000009 0.0000000002580901
0.0210000000000009 0.0000000002574448
0.0220000000000009 0.0000000002567684
0.0230000000000009 0.0000000002560610
0.0240000000000009 0.0000000002553229
0.0250000000000009 0.0000000002545539
0.0260000000000009 0.0000000002537545
0.0270000000000009 0.0000000002529246
0.0280000000000009 0.0000000002520641
0.0290000000000009 0.0000000002511733
0.0300000000000009 0.0000000002502523
0.0310000000000009 0.0000000002493009
0.0320000000000009 0.0000000002483198
0.0330000000000009 0.0000000002473086
0.0340000000000009 0.0000000002462676
0.0350000000000009 0.0000000002451969
0.0360000000000009 0.0000000002440965
0.0370000000000009 0.0000000002429668
0.0380000000000009 0.0000000002418076
0.0390000000000009 0.0000000002406193
0.0400000000000009 0.0000000002394021
0.0410000000000009 0.0000000002381557
0.0420000000000009 0.0000000002368807
0.0430000000000009 0.0000000002355770
0.0440000000000009 0.0000000002342447
0.0450000000000009 0.0000000002328840
0.0460000000000009 0.0000000002314953
0.0470000000000009 0.0000000002300785
0.0480000000000009 0.0000000002286340
0.0490000000000009 0.0000000002271614
0.0500000000000009 0.0000000002256615
0.0510000000000009 0.0000000002241343
0.0520000000000009 0.0000000002225796
0.0530000000000009 0.0000000002209981
0.0540000000000009 0.0000000002193896
0.0550000000000009 0.0000000002177545
0.0560000000000009 0.0000000002160929
0.0570000000000009 0.0000000002144052
0.0580000000000009 0.0000000002126911
0.0590000000000009 0.0000000002109510
0.0600000000000009 0.0000000002091856
0.0610000000000009 0.0000000002073943
0.0620000000000009 0.0000000002055779
0.0630000000000009 0.0000000002037364
0.0640000000000009 0.0000000002018697
0.0650000000000009 0.0000000001999786
0.0660000000000009 0.0000000001980630
0.0670000000000009 0.0000000001961230
0.0680000000000009 0.0000000001941591
0.0690000000000009 0.0000000001921714
0.0700000000000009 0.0000000001901601
0.0710000000000009 0.0000000001881254
0.0720000000000009 0.0000000001860676
0.0730000000000009 0.0000000001839868
0.0740000000000009 0.0000000001818833
0.0750000000000009 0.0000000001797575
0.0760000000000009 0.0000000001776095
0.0770000000000009 0.0000000001754397
0.0780000000000009 0.0000000001732481
0.0790000000000009 0.0000000001710349
0.0800000000000009 0.0000000001688006
0.0810000000000009 0.0000000001665454
0.0820000000000009 0.0000000001642696
0.0830000000000009 0.0000000001619734
0.0840000000000009 0.0000000001596571
0.0850000000000009 0.0000000001573207
0.0860000000000010 0.0000000001549647
0.0870000000000010 0.0000000001525896
0.0880000000000010 0.0000000001501951
0.0890000000000010 0.0000000001477820
0.0900000000000010 0.0000000001453503
0.0910000000000010 0.0000000001429005
0.0920000000000010 0.0000000001404326
0.0930000000000010 0.0000000001379470
0.0940000000000010 0.0000000001354440
0.0950000000000010 0.0000000001329238
0.0960000000000010 0.0000000001303869
0.0970000000000010 0.0000000001278335
0.0980000000000010 0.0000000001252639
0.0990000000000010 0.0000000001226783
0.1000000000000010 0.0000000001200769
0.1010000000000010 0.0000000001174604
0.1020000000000010 0.0000000001148286
0.1030000000000010 0.0000000001121824
0.1040000000000010 0.0000000001095215
0.1050000000000010 0.0000000001068465
0.1060000000000010 0.0000000001041578
0.1070000000000010 0.0000000001014556
0.1080000000000010 0.0000000000987401
0.1090000000000010 0.0000000000960120
0.1100000000000010 0.0000000000932708
0.1110000000000010 0.0000000000905178
0.1120000000000010 0.0000000000877528
0.1130000000000010 0.0000000000849761
0.1140000000000010 0.0000000000821881
0.1150000000000010 0.0000000000793893
0.1160000000000010 0.0000000000765799
0.1170000000000010 0.0000000000737599
0.1180000000000010 0.0000000000709303
0.1190000000000010 0.0000000000680906
0.1200000000000010 0.0000000000652420
0.1210000000000010 0.0000000000623844
0.1220000000000010 0.0000000000595179
0.1230000000000010 0.0000000000566434
0.1240000000000010 0.0000000000537606
0.1250000000000010 0.0000000000508703
0.1260000000000010 0.0000000000479728
0.1270000000000010 0.0000000000450683
0.1280000000000010 0.0000000000421571
0.1290000000000010 0.0000000000392396
0.1300000000000010 0.0000000000363164
0.1310000000000010 0.0000000000333872
0.1320000000000010 0.0000000000304533
0.1330000000000010 0.0000000000275142
0.1340000000000010 0.0000000000245705
0.1350000000000010 0.0000000000216226
0.1360000000000010 0.0000000000186710
0.1370000000000010 0.0000000000157159
0.1380000000000010 0.0000000000127576
0.1390000000000010 0.0000000000097965
0.1400000000000010 0.0000000000068330
0.1410000000000010 0.0000000000038674
0.1420000000000010 0.0000000000008997
0.1430000000000010 0.0000000000020690
0.1440000000000010 0.0000000000050387
0.1450000000000010 0.0000000000080093
0.1460000000000010 0.0000000000109802
0.1470000000000010 0.0000000000139510
0.1480000000000010 0.0000000000169214
0.1490000000000010 0.0000000000198910
0.1500000000000010 0.0000000000228596
0.1510000000000010 0.0000000000258268
0.1520000000000010 0.0000000000287921
0.1530000000000010 0.0000000000317552
0.1540000000000010 0.0000000000347159
0.1550000000000010 0.0000000000376736
0.1560000000000010 0.0000000000406281
0.1570000000000010 0.0000000000435789
0.1580000000000010 0.0000000000465260
0.1590000000000010 0.0000000000494687
0.1600000000000010 0.0000000000524066
0.1610000000000010 0.0000000000553396
0.1620000000000010 0.0000000000582674
0.1630000000000010 0.0000000000611892
0.1640000000000010 0.0000000000641048
0.1650000000000010 0.0000000000670142
0.1660000000000010 0.0000000000699167
0.1670000000000010 0.0000000000728120
0.1680000000000010 0.0000000000756998
0.1690000000000010 0.0000000000785799
0.1700000000000010 0.0000000000814516
0.1710000000000010 0.0000000000843149
0.1720000000000010 0.0000000000871689
0.1730000000000010 0.0000000000900141
0.1740000000000010 0.0000000000928494
0.1750000000000010 0.0000000000956748
0.1760000000000010 0.0000000000984898
0.1770000000000010 0.0000000001012941
0.1780000000000010 0.0000000001040874
0.1790000000000010 0.0000000001068693
0.1800000000000010 0.0000000001096396
0.1810000000000010 0.0000000001123976
0.1820000000000010 0.0000000001151435
0.1830000000000010 0.0000000001178764
0.1840000000000010 0.0000000001205962
0.1850000000000010 0.0000000001233026
0.1860000000000010 0.0000000001259953
0.1870000000000010 0.0000000001286737
0.1880000000000010 0.0000000001313378
0.1890000000000010 0.0000000001339870
0.1900000000000010 0.0000000001366213
0.1910000000000010 0.0000000001392397
0.1920000000000010 0.0000000001418425
0.1930000000000010 0.0000000001444291
0.1940000000000010 0.0000000001469993
0.1950000000000010 0.0000000001495529
0.1960000000000010 0.0000000001520890
0.1970000000000010 0.0000000001546080
0.1980000000000010 0.0000000001571090
0.1990000000000010 0.0000000001595920
0.2000000000000010 0.0000000001620566
0.2010000000000010 0.0000000001645023
0.2020000000000010 0.0000000001669291
0.2030000000000010 0.0000000001693362
0.2040000000000010 0.0000000001717237
0.2050000000000010 0.0000000001740917
0.2060000000000010 0.0000000001764390
0.2070000000000010 0.0000000001787657
0.2080000000000010 0.0000000001810716
0.2090000000000010 0.0000000001833560
0.2100000000000010 0.0000000001856190
0.2110000000000010 0.0000000001878602
0.2120000000000010 0.0000000001900793
0.2130000000000010 0.0000000001922760
0.2140000000000011 0.0000000001944497
0.2150000000000011 0.0000000001966007
0.2160000000000011 0.0000000001987283
0.2170000000000011 0.0000000002008322
0.2180000000000011 0.0000000002029125
0.2190000000000011 0.0000000002049683
0.2200000000000011 0.0000000002069998
0.2210000000000011 0.0000000002090065
0.2220000000000011 0.0000000002109883
0.2230000000000011 0.0000000002129449
0.2240000000000011 0.0000000002148757
0.2250000000000011 0.0000000002167809
0.2260000000000011 0.0000000002186600
0.2270000000000011 0.0000000002205127
0.2280000000000011 0.0000000002223388
0.2290000000000011 0.0000000002241382
0.2300000000000011 0.0000000002259104
0.2310000000000011 0.0000000002276552
0.2320000000000011 0.0000000002293724
0.2330000000000011 0.0000000002310617
0.2340000000000011 0.0000000002327230
0.2350000000000011 0.0000000002343558
0.2360000000000011 0.0000000002359601
0.2370000000000011 0.0000000002375358
0.2380000000000011 0.0000000002390822
0.2390000000000011 0.0000000002405994
0.2400000000000011 0.0000000002420872
0.2410000000000011 0.0000000002435453
0.2420000000000011 0.0000000002449733
0.2430000000000011 0.0000000002463713
0.2440000000000011 0.0000000002477388
0.2450000000000011 0.0000000002490756
0.2460000000000011 0.0000000002503819
0.2470000000000011 0.0000000002516570
0.2480000000000011 0.0000000002529009
0.2490000000000011 0.0000000002541136
0.2500000000000011 0.0000000002552948
0.2510000000000011 0.0000000002564441
0.2520000000000011 0.0000000002575614
0.2530000000000011 0.0000000002586468
0.2540000000000011 0.0000000002596996
0.2550000000000011 0.0000000002607201
0.2560000000000011 0.0000000002617078
0.2570000000000011 0.0000000002626627
0.2580000000000011 0.0000000002635846
0.2590000000000011 0.0000000002644736
0.2600000000000011 0.0000000002653290
0.2610000000000011 0.0000000002661511
0.2620000000000011 0.0000000002669395
0.2630000000000011 0.0000000002676943
0.2640000000000011 0.0000000002684151
0.2650000000000011 0.0000000002691017
0.2660000000000011 0.0000000002697542
0.2670000000000011 0.0000000002703726
0.2680000000000011 0.0000000002709565
0.2690000000000011 0.0000000002715056
0.2700000000000011 0.0000000002720204
0.2710000000000011 0.0000000002725002
0.2720000000000011 0.0000000002729452
0.2730000000000011 0.0000000002733551
0.2740000000000011 0.0000000002737298
0.2750000000000011 0.0000000002740695
0.2760000000000011 0.0000000002743737
0.2770000000000011 0.0000000002746428
0.2780000000000011 0.0000000002748762
0.2790000000000011 0.0000000002750740
0.2800000000000011 0.0000000002752364
0.2810000000000011 0.0000000002753627
0.2820000000000011 0.0000000002754534
0.2830000000000011 0.0000000002755084
0.2840000000000011 0.0000000002755275
0.2850000000000011 0.0000000002755104
0.2860000000000011 0.0000000002754572
0.2870000000000011 0.0000000002753683
0.2880000000000011 0.0000000002752431
0.2890000000000011 0.0000000002750816
0.2900000000000011 0.0000000002748841
0.2910000000000011 0.0000000002746501
0.2920000000000011 0.0000000002743801
0.2930000000000011 0.0000000002740738
0.2940000000000011 0.0000000002737313
0.2950000000000011 0.0000000002733522
0.2960000000000011 0.0000000002729370
0.2970000000000011 0.0000000002724854
0.2980000000000011 0.0000000002719974
0.2990000000000011 0.0000000002714732
0.3000000000000011 0.0000000002709128
0.3010000000000011 0.0000000002703159
0.3020000000000011 0.0000000002696826
0.3030000000000011 0.0000000002690133
0.3040000000000011 0.0000000002683077
0.3050000000000011 0.0000000002675657
0.3060000000000011 0.0000000002667878
0.3070000000000011 0.0000000002659737
0.3080000000000011 0.0000000002651234
0.3090000000000011 0.0000000002642372
0.3100000000000011 0.0000000002633150
0.3110000000000011 0.0000000002623568
0.3120000000000011 0.0000000002613627
0.3130000000000011 0.0000000002603329
0.3140000000000011 0.0000000002592674
0.3150000000000011 0.0000000002581663
0.3160000000000011 0.0000000002570295
0.3170000000000011 0.0000000002558572
0.3180000000000011 0.0000000002546496
0.3190000000000011 0.0000000002534066
0.3200000000000011 0.0000000002521287
0.3210000000000011 0.0000000002508154
0.3220000000000011 0.0000000002494672
0.3230000000000011 0.0000000002480841
0.3240000000000011 0.0000000002466664
0.3250000000000011 0.0000000002452138
0.3260000000000011 0.0000000002437269
0.3270000000000011 0.0000000002422058
0.3280000000000011 0.0000000002406501
0.3290000000000011 0.0000000002390605
0.3300000000000011 0.0000000002374371
0.3310000000000011 0.0000000002357797
0.3320000000000011 0.0000000002340889
0.3330000000000011 0.0000000002323645
0.3340000000000011 0.0000000002306065
0.3350000000000011 0.0000000002288157
0.3360000000000011 0.0000000002269919
0.3370000000000011 0.0000000002251354
0.3380000000000011 0.0000000002232461
0.3390000000000011 0.0000000002213245
0.3400000000000011 0.0000000002193705
0.3410000000000011 0.0000000002173847
0.3420000000000011 0.0000000002153668
0.3430000000000011 0.0000000002133175
0.3440000000000011 0.0000000002112368
0.3450000000000011 0.0000000002091247
0.3460000000000011 0.0000000002069820
0.3470000000000011 0.0000000002048083
0.3480000000000011 0.0000000002026042
0.3490000000000011 0.0000000002003696
0.3500000000000011 0.0000000001981051
0.3510000000000011 0.0000000001958107
0.3520000000000011 0.0000000001934869
0.3530000000000011 0.0000000001911338
0.3540000000000011 0.0000000001887515
0.3550000000000011 0.0000000001863406
0.3560000000000011 0.0000000001839010
0.3570000000000011 0.0000000001814332
0.3580000000000012 0.0000000001789376
0.3590000000000012 0.0000000001764140
0.3600000000000012 0.0000000001738630
0.3610000000000012 0.0000000001712850
0.3620000000000012 0.0000000001686803
0.3630000000000012 0.0000000001660488
0.3640000000000012 0.0000000001633913
0.3650000000000012 0.0000000001607076
0.3660000000000012 0.0000000001579985
0.3670000000000012 0.0000000001552639
0.3680000000000012 0.0000000001525041
0.3690000000000012 0.0000000001497200
0.3700000000000012 0.0000000001469113
0.3710000000000012 0.0000000001440789
0.3720000000000012 0.0000000001412226
0.3730000000000012 0.0000000001383429
0.3740000000000012 0.0000000001354401
0.3750000000000012 0.0000000001325147
0.3760000000000012 0.0000000001295671
0.3770000000000012 0.0000000001265973
0.3780000000000012 0.0000000001236061
0.3790000000000012 0.0000000001205936
0.3800000000000012 0.0000000001175603
0.3810000000000012 0.0000000001145063
0.3820000000000012 0.0000000001114323
0.3830000000000012 0.0000000001083384
0.3840000000000012 0.0000000001052251
0.3850000000000012 0.0000000001020929
0.3860000000000012 0.0000000000989420
0.3870000000000012 0.0000000000957731
0.3880000000000012 0.0000000000925863
0.3890000000000012 0.0000000000893818
0.3900000000000012 0.0000000000861605
0.3910000000000012 0.0000000000829226
0.3920000000000012 0.0000000000796684
0.3930000000000012 0.0000000000763984
0.3940000000000012 0.0000000000731131
0.3950000000000012 0.0000000000698128
0.3960000000000012 0.0000000000664979
0.3970000000000012 0.0000000000631690
0.3980000000000012 0.0000000000598264
0.3990000000000012 0.0000000000564706
0.4000000000000012 0.0000000000531019
0.4010000000000012 0.0000000000497209
0.4020000000000012 0.0000000000463278
0.4030000000000012 0.0000000000429232
0.4040000000000012 0.0000000000395078
0.4050000000000012 0.0000000000360817
0.4060000000000012 0.0000000000326454
0.4070000000000012 0.0000000000291995
0.4080000000000012 0.0000000000257444
0.4090000000000012 0.0000000000222805
0.4100000000000012 0.0000000000188083
0.4110000000000012 0.0000000000153283
0.4120000000000012 0.0000000000118412
0.4130000000000012 0.0000000000083470
0.4140000000000012 0.0000000000048462
0.4150000000000012 0.0000000000013399
0.4160000000000012 0.0000000000021720
0.4170000000000012 0.0000000000056888
0.4180000000000012 0.0000000000092102
0.4190000000000012 0.0000000000127355
0.4200000000000012 0.0000000000162643
0.4210000000000012 0.0000000000197961
0.4220000000000012 0.0000000000233303
0.4230000000000012 0.0000000000268668
0.4240000000000012 0.0000000000304046
0.4250000000000012 0.0000000000339432
0.4260000000000012 0.0000000000374826
0.4270000000000012 0.0000000000410217
0.4280000000000012 0.0000000000445606
0.4290000000000012 0.0000000000480984
0.4300000000000012 0.0000000000516345
0.4310000000000012 0.0000000000551686
0.4320000000000012 0.0000000000587002
0.4330000000000012 0.0000000000622288
0.4340000000000012 0.0000000000657536
0.4350000000000012 0.0000000000692745
0.4360000000000012 0.0000000000727907
0.4370000000000012 0.0000000000763016
0.4380000000000012 0.0000000000798069
0.4390000000000012 0.0000000000833060
0.4400000000000012 0.0000000000867985
0.4410000000000012 0.0000000000902837
0.4420000000000012 0.0000000000937610
0.4430000000000012 0.0000000000972301
0.4440000000000012 0.0000000001006905
0.4450000000000012 0.0000000001041413
0.4460000000000012 0.0000000001075825
0.4470000000000012 0.0000000001110129
0.4480000000000012 0.0000000001144326
0.4490000000000012 0.0000000001178406
0.4500000000000012 0.0000000001212369
0.4510000000000012 0.0000000001246203
0.4520000000000012 0.0000000001279912
0.4530000000000012 0.0000000001313478
0.4540000000000012 0.0000000001346906
0.4550000000000012 0.0000000001380188
0.4560000000000012 0.0000000001413316
0.4570000000000012 0.0000000001446288
0.4580000000000012 0.0000000001479097
0.4590000000000012 0.0000000001511736
0.4600000000000012 0.0000000001544204
0.4610000000000012 0.0000000001576490
0.4620000000000012 0.0000000001608595
0.4630000000000012 0.0000000001640509
0.4640000000000012 0.0000000001672229
0.4650000000000012 0.0000000001703748
0.4660000000000012 0.0000000001735064
0.4670000000000012 0.0000000001766167
0.4680000000000012 0.0000000001797055
0.4690000000000012 0.0000000001827721
0.4700000000000013 0.0000000001858163
0.4710000000000013 0.0000000001888369
0.4720000000000013 0.0000000001918341
0.4730000000000013 0.0000000001948071
0.4740000000000013 0.0000000001977553
0.4750000000000013 0.0000000002006781
0.4760000000000013 0.0000000002035752
0.4770000000000013 0.0000000002064462
0.4780000000000013 0.0000000002092900
0.4790000000000013 0.0000000002121067
0.4800000000000013 0.0000000002148954
0.4810000000000013 0.0000000002176560
0.4820000000000013 0.0000000002203877
0.4830000000000013 0.0000000002230899
0.4840000000000013 0.0000000002257623
0.4850000000000013 0.0000000002284043
0.4860000000000013 0.0000000002310153
0.4870000000000013 0.0000000002335951
0.4880000000000013 0.0000000002361430
0.4890000000000013 0.0000000002386585
0.4900000000000013 0.0000000002411412
0.4910000000000013 0.0000000002435905
0.4920000000000013 0.0000000002460060
0.4930000000000013 0.0000000002483870
0.4940000000000013 0.0000000002507334
0.4950000000000013 0.0000000002530444
0.4960000000000013 0.0000000002553199
0.4970000000000013 0.0000000002575590
0.4980000000000013 0.0000000002597614
0.4990000000000013 0.0000000002619268
0.5000000000000012 0.0000000002640544
0.5010000000000012 0.0000000002661441
0.5020000000000012 0.0000000002681950
0.5030000000000012 0.0000000002702072
0.5040000000000012 0.0000000002721801
0.5050000000000012 0.0000000002741130
0.5060000000000012 0.0000000002760054
0.5070000000000012 0.0000000002778573
0.5080000000000012 0.0000000002796681
0.5090000000000012 0.0000000002814372
0.5100000000000012 0.0000000002831643
0.5110000000000012 0.0000000002848490
0.5120000000000012 0.0000000002864909
0.5130000000000012 0.0000000002880896
0.5140000000000012 0.0000000002896443
0.5150000000000012 0.0000000002911553
0.5160000000000012 0.0000000002926218
0.5170000000000012 0.0000000002940433
0.5180000000000012 0.0000000002954198
0.5190000000000012 0.0000000002967505
0.5200000000000012 0.0000000002980356
0.5210000000000012 0.0000000002992739
0.5220000000000012 0.0000000003004658
0.5230000000000012 0.0000000003016104
0.5240000000000012 0.0000000003027079
0.5250000000000012 0.0000000003037574
0.5260000000000012 0.0000000003047587
0.5270000000000012 0.0000000003057117
0.5280000000000012 0.0000000003066160
0.5290000000000012 0.0000000003074708
0.5300000000000012 0.0000000003082766
0.5310000000000012 0.0000000003090327
0.5320000000000012 0.0000000003097386
0.5330000000000013 0.0000000003103940
0.5340000000000013 0.0000000003109990
0.5350000000000013 0.0000000003115533
0.5360000000000013 0.0000000003120559
0.5370000000000013 0.0000000003125074
0.5380000000000013 0.0000000003129068
0.5390000000000013 0.0000000003132545
0.5400000000000013 0.0000000003135499
0.5410000000000013 0.0000000003137927
0.5420000000000013 0.0000000003139827
0.5430000000000013 0.0000000003141198
0.5440000000000013 0.0000000003142038
0.5450000000000013 0.0000000003142343
0.5460000000000013 0.0000000003142112
0.5470000000000013 0.0000000003141343
0.5480000000000013 0.0000000003140032
0.5490000000000013 0.0000000003138180
0.5500000000000013 0.0000000003135784
0.5510000000000013 0.0000000003132841
0.5520000000000013 0.0000000003129351
0.5530000000000013 0.0000000003125312
0.5540000000000013 0.0000000003120723
0.5550000000000013 0.0000000003115581
0.5560000000000013 0.0000000003109887
0.5570000000000013 0.0000000003103637
0.5580000000000013 0.0000000003096833
0.5590000000000013 0.0000000003089472
0.5600000000000013 0.0000000003081553
0.5610000000000013 0.0000000003073075
0.5620000000000013 0.0000000003064037
0.5630000000000013 0.0000000003054440
0.5640000000000013 0.0000000003044281
0.5650000000000013 0.0000000003033561
0.5660000000000013 0.0000000003022278
0.5670000000000013 0.0000000003010434
0.5680000000000013 0.0000000002998026
0.5690000000000013 0.0000000002985058
0.5700000000000013 0.0000000002971524
0.5710000000000013 0.0000000002957428
0.5720000000000013 0.0000000002942768
0.5730000000000013 0.0000000002927547
0.5740000000000013 0.0000000002911764
0.5750000000000013 0.0000000002895417
0.5760000000000013 0.0000000002878509
0.5770000000000013 0.0000000002861040
0.5780000000000013 0.0000000002843010
0.5790000000000013 0.0000000002824422
0.5800000000000013 0.0000000002805273
0.5810000000000013 0.0000000002785567
0.5820000000000013 0.0000000002765304
0.5830000000000013 0.0000000002744486
0.5840000000000013 0.0000000002723112
0.5850000000000013 0.0000000002701186
0.5860000000000013 0.0000000002678707
0.5870000000000013 0.0000000002655679
0.5880000000000013 0.0000000002632102
0.5890000000000013 0.0000000002607982
0.5900000000000013 0.0000000002583311
0.5910000000000013 0.0000000002558100
0.5920000000000013 0.0000000002532348
0.5930000000000013 0.0000000002506059
0.5940000000000013 0.0000000002479231
0.5950000000000013 0.0000000002451871
0.5960000000000013 0.0000000002423979
0.5970000000000013 0.0000000002395558
0.5980000000000013 0.0000000002366612
0.5990000000000013 0.0000000002337143
0.6000000000000013 0.0000000002307152
0.6010000000000013 0.0000000002276644
0.6020000000000013 0.0000000002245624
0.6030000000000013 0.0000000002214092
0.6040000000000013 0.0000000002182051
0.6050000000000013 0.0000000002149508
0.6060000000000013 0.0000000002116466
0.6070000000000013 0.0000000002082925
0.6080000000000013 0.0000000002048892
0.6090000000000013 0.0000000002014371
0.6100000000000013 0.0000000001979364
0.6110000000000013 0.0000000001943880
0.6120000000000013 0.0000000001907917
0.6130000000000013 0.0000000001871481
0.6140000000000013 0.0000000001834580
0.6150000000000013 0.0000000001797217
0.6160000000000013 0.0000000001759395
0.6170000000000013 0.0000000001721120
0.6180000000000013 0.0000000001682396
0.6190000000000013 0.0000000001643231
0.6200000000000013 0.0000000001603629
0.6210000000000013 0.0000000001563595
0.6220000000000013 0.0000000001523132
0.6230000000000013 0.0000000001482250
0.6240000000000013 0.0000000001440951
0.6250000000000013 0.0000000001399242
0.6260000000000013 0.0000000001357129
0.6270000000000013 0.0000000001314621
0.6280000000000013 0.0000000001271718
0.6290000000000013 0.0000000001228430
0.6300000000000013 0.0000000001184767
0.6310000000000013 0.0000000001140725
0.6320000000000013 0.0000000001096323
0.6330000000000013 0.0000000001051560
0.6340000000000013 0.0000000001006445
0.6350000000000013 0.0000000000960984
0.6360000000000013 0.0000000000915186
0.6370000000000013 0.0000000000869055
0.6380000000000013 0.0000000000822602
0.6390000000000013 0.0000000000775833
0.6400000000000013 0.0000000000728754
0.6410000000000013 0.0000000000681377
0.6420000000000013 0.0000000000633704
0.6430000000000013 0.0000000000585748
0.6440000000000013 0.0000000000537514
0.6450000000000014 0.0000000000489009
0.6460000000000014 0.0000000000440246
0.6470000000000014 0.0000000000391229
0.6480000000000014 0.0000000000341969
0.6490000000000014 0.0000000000292473
0.6500000000000014 0.0000000000242750
0.6510000000000014 0.0000000000192809
0.6520000000000014 0.0000000000142659
0.6530000000000014 0.0000000000092311
0.6540000000000014 0.0000000000041771
0.6550000000000014 0.0000000000008951
0.6560000000000014 0.0000000000059843
0.6570000000000014 0.0000000000110900
0.6580000000000014 0.0000000000162108
0.6590000000000014 0.0000000000213461
0.6600000000000014 0.0000000000264946
0.6610000000000014 0.0000000000316558
0.6620000000000014 0.0000000000368280
0.6630000000000014 0.0000000000420106
0.6640000000000014 0.0000000000472026
0.6650000000000014 0.0000000000524029
0.6660000000000014 0.0000000000576104
0.6670000000000014 0.0000000000628241
0.6680000000000014 0.0000000000680431
0.6690000000000014 0.0000000000732658
0.6700000000000014 0.0000000000784918
0.6710000000000014 0.0000000000837196
0.6720000000000014 0.0000000000889480
0.6730000000000014 0.0000000000941762
0.6740000000000014 0.0000000000994030
0.6750000000000014 0.0000000001046272
0.6760000000000014 0.0000000001098476
0.6770000000000014 0.0000000001150632
0.6780000000000014 0.0000000001202728
0.6790000000000014 0.0000000001254750
0.6800000000000014 0.0000000001306690
0.6810000000000014 0.0000000001358533
0.6820000000000014 0.0000000001410269
0.6830000000000014 0.0000000001461886
0.6840000000000014 0.0000000001513371
0.6850000000000014 0.0000000001564711
0.6860000000000014 0.0000000001615895
0.6870000000000014 0.0000000001666912
0.6880000000000014 0.0000000001717747
0.6890000000000014 0.0000000001768389
0.6900000000000014 0.0000000001818824
0.6910000000000014 0.0000000001869042
0.6920000000000014 0.0000000001919027
0.6930000000000014 0.0000000001968770
0.6940000000000014 0.0000000002018254
0.6950000000000014 0.0000000002067467
0.6960000000000014 0.0000000002116400
0.6970000000000014 0.0000000002165036
0.6980000000000014 0.0000000002213365
0.6990000000000014 0.0000000002261368
0.7000000000000014 0.0000000002309039
0.7010000000000014 0.0000000002356360
0.7020000000000014 0.0000000002403319
0.7030000000000014 0.0000000002449904
0.7040000000000014 0.0000000002496100
0.7050000000000014 0.0000000002541892
0.7060000000000014 0.0000000002587270
0.7070000000000014 0.0000000002632219
0.7080000000000014 0.0000000002676724
0.7090000000000014 0.0000000002720777
0.7100000000000014 0.0000000002764357
0.7110000000000014 0.0000000002807454
0.7120000000000014 0.0000000002850052
0.7130000000000014 0.0000000002892141
0.7140000000000014 0.0000000002933704
0.7150000000000014 0.0000000002974729
0.7160000000000014 0.0000000003015203
0.7170000000000014 0.0000000003055111
0.7180000000000014 0.0000000003094437
0.7190000000000014 0.0000000003133174
0.7200000000000014 0.0000000003171299
0.7210000000000014 0.0000000003208804
0.7220000000000014 0.0000000003245675
0.7230000000000014 0.0000000003281896
0.7240000000000014 0.0000000003317456
0.7250000000000014 0.0000000003352340
0.7260000000000014 0.0000000003386531
0.7270000000000014 0.0000000003420020
0.7280000000000014 0.0000000003452789
0.7290000000000014 0.0000000003484829
0.7300000000000014 0.0000000003516124
0.7310000000000014 0.0000000003546660
0.7320000000000014 0.0000000003576422
0.7330000000000014 0.0000000003605398
0.7340000000000014 0.0000000003633576
0.7350000000000014 0.0000000003660940
0.7360000000000014 0.0000000003687477
0.7370000000000014 0.0000000003713174
0.7380000000000014 0.0000000003738019
0.7390000000000014 0.0000000003761997
0.7400000000000014 0.0000000003785093
0.7410000000000014 0.0000000003807299
0.7420000000000014 0.0000000003828596
0.7430000000000014 0.0000000003848974
0.7440000000000014 0.0000000003868420
0.7450000000000014 0.0000000003886923
0.7460000000000014 0.0000000003904467
0.7470000000000014 0.0000000003921040
0.7480000000000014 0.0000000003936630
0.7490000000000014 0.0000000003951224
0.7500000000000014 0.0000000003964811
0.7510000000000014 0.0000000003977375
0.7520000000000014 0.0000000003988909
0.7530000000000014 0.0000000003999399
0.7540000000000014 0.0000000004008831
0.7550000000000014 0.0000000004017195
0.7560000000000014 0.0000000004024479
0.7570000000000014 0.0000000004030672
0.7580000000000015 0.0000000004035763
0.7590000000000015 0.0000000004039740
0.7600000000000015 0.0000000004042590
0.7610000000000015 0.0000000004044306
0.7620000000000015 0.0000000004044873
0.7630000000000015 0.0000000004044286
0.7640000000000015 0.0000000004042530
0.7650000000000015 0.0000000004039593
0.7660000000000015 0.0000000004035473
0.7670000000000015 0.0000000004030153
0.7680000000000015 0.0000000004023625
0.7690000000000015 0.0000000004015881
0.7700000000000015 0.0000000004006911
0.7710000000000015 0.0000000003996704
0.7720000000000015 0.0000000003985257
0.7730000000000015 0.0000000003972557
0.7740000000000015 0.0000000003958591
0.7750000000000015 0.0000000003943362
0.7760000000000015 0.0000000003926854
0.7770000000000015 0.0000000003909061
0.7780000000000015 0.0000000003889978
0.7790000000000015 0.0000000003869596
0.7800000000000015 0.0000000003847910
0.7810000000000015 0.0000000003824909
0.7820000000000015 0.0000000003800591
0.7830000000000015 0.0000000003774949
0.7840000000000015 0.0000000003747977
0.7850000000000015 0.0000000003719670
0.7860000000000015 0.0000000003690025
0.7870000000000015 0.0000000003659034
0.7880000000000015 0.0000000003626693
0.7890000000000015 0.0000000003593000
0.7900000000000015 0.0000000003557949
0.7910000000000015 0.0000000003521540
0.7920000000000015 0.0000000003483767
0.7930000000000015 0.0000000003444629
0.7940000000000015 0.0000000003404121
0.7950000000000015 0.0000000003362245
0.7960000000000015 0.0000000003318997
0.7970000000000015 0.0000000003274379
0.7980000000000015 0.0000000003228384
0.7990000000000015 0.0000000003181020
0.8000000000000015 0.0000000003132281
0.8010000000000015 0.0000000003082170
0.8020000000000015 0.0000000003030689
0.8030000000000015 0.0000000002977836
0.8040000000000015 0.0000000002923617
0.8050000000000015 0.0000000002868032
0.8060000000000015 0.0000000002811085
0.8070000000000015 0.0000000002752778
0.8080000000000015 0.0000000002693117
0.8090000000000015 0.0000000002632105
0.8100000000000015 0.0000000002569747
0.8110000000000015 0.0000000002506050
0.8120000000000015 0.0000000002441016
0.8130000000000015 0.0000000002374656
0.8140000000000015 0.0000000002306974
0.8150000000000015 0.0000000002237978
0.8160000000000015 0.0000000002167679
0.8170000000000015 0.0000000002096082
0.8180000000000015 0.0000000002023197
0.8190000000000015 0.0000000001949035
0.8200000000000015 0.0000000001873607
0.8210000000000015 0.0000000001796922
0.8220000000000015 0.0000000001718994
0.8230000000000015 0.0000000001639837
0.8240000000000015 0.0000000001559459
0.8250000000000015 0.0000000001477879
0.8260000000000015 0.0000000001395105
0.8270000000000015 0.0000000001311159
0.8280000000000015 0.0000000001226054
0.8290000000000015 0.0000000001139804
0.8300000000000015 0.0000000001052430
0.8310000000000015 0.0000000000963948
0.8320000000000015 0.0000000000874379
0.8330000000000015 0.0000000000783736
0.8340000000000015 0.0000000000692048
0.8350000000000015 0.0000000000599328
0.8360000000000015 0.0000000000505603
0.8370000000000015 0.0000000000410895
0.8380000000000015 0.0000000000315223
0.8390000000000015 0.0000000000218617
0.8400000000000015 0.0000000000121101
0.8410000000000015 0.0000000000022696
0.8420000000000015 0.0000000000076568
0.8430000000000015 0.0000000000176661
0.8440000000000015 0.0000000000277556
0.8450000000000015 0.0000000000379226
0.8460000000000015 0.0000000000481640
0.8470000000000015 0.0000000000584766
0.8480000000000015 0.0000000000688571
0.8490000000000015 0.0000000000793021
0.8500000000000015 0.0000000000898086
0.8510000000000015 0.0000000001003728
0.8520000000000015 0.0000000001109911
0.8530000000000015 0.0000000001216598
0.8540000000000015 0.0000000001323751
0.8550000000000015 0.0000000001431333
0.8560000000000015 0.0000000001539300
0.8570000000000015 0.0000000001647613
0.8580000000000015 0.0000000001756231
0.8590000000000015 0.0000000001865107
0.8600000000000015 0.0000000001974197
0.8610000000000015 0.0000000002083460
0.8620000000000015 0.0000000002192844
0.8630000000000015 0.0000000002302304
0.8640000000000015 0.0000000002411791
0.8650000000000015 0.0000000002521249
0.8660000000000015 0.0000000002630636
0.8670000000000015 0.0000000002739891
0.8680000000000015 0.0000000002848966
0.8690000000000015 0.0000000002957802
0.8700000000000015 0.0000000003066342
0.8710000000000016 0.0000000003174532
0.8720000000000016 0.0000000003282310
0.8730000000000016 0.0000000003389614
0.8740000000000016 0.0000000003496388
0.8750000000000016 0.0000000003602564
0.8760000000000016 0.0000000003708078
0.8770000000000016 0.0000000003812868
0.8780000000000016 0.0000000003916861
0.8790000000000016 0.0000000004019995
0.8800000000000016 0.0000000004122196
0.8810000000000016 0.0000000004223391
0.8820000000000016 0.0000000004323507
0.8830000000000016 0.0000000004422476
0.8840000000000016 0.0000000004520214
0.8850000000000016 0.0000000004616646
0.8860000000000016 0.0000000004711698
0.8870000000000016 0.0000000004805283
0.8880000000000016 0.0000000004897318
0.8890000000000016 0.0000000004987725
0.8900000000000016 0.0000000005076415
0.8910000000000016 0.0000000005163300
0.8920000000000016 0.0000000005248294
0.8930000000000016 0.0000000005331307
0.8940000000000016 0.0000000005412241
0.8950000000000016 0.0000000005491007
0.8960000000000016 0.0000000005567510
0.8970000000000016 0.0000000005641649
0.8980000000000016 0.0000000005713329
0.8990000000000016 0.0000000005782443
0.9000000000000016 0.0000000005848899
0.9010000000000016 0.0000000005912580
0.9020000000000016 0.0000000005973386
0.9030000000000016 0.0000000006031209
0.9040000000000016 0.0000000006085937
0.9050000000000016 0.0000000006137457
0.9060000000000016 0.0000000006185656
0.9070000000000016 0.0000000006230421
0.9080000000000016 0.0000000006271628
0.9090000000000016 0.0000000006309159
0.9100000000000016 0.0000000006342893
0.9110000000000016 0.0000000006372703
0.9120000000000016 0.0000000006398465
0.9130000000000016 0.0000000006420052
0.9140000000000016 0.0000000006437330
0.9150000000000016 0.0000000006450168
0.9160000000000016 0.0000000006458430
0.9170000000000016 0.0000000006461979
0.9180000000000016 0.0000000006460676
0.9190000000000016 0.0000000006454380
0.9200000000000016 0.0000000006442948
0.9210000000000016 0.0000000006426230
0.9220000000000016 0.0000000006404079
0.9230000000000016 0.0000000006376346
0.9240000000000016 0.0000000006342877
0.9250000000000016 0.0000000006303513
0.9260000000000016 0.0000000006258103
0.9270000000000016 0.0000000006206478
0.9280000000000016 0.0000000006148482
0.9290000000000016 0.0000000006083942
0.9300000000000016 0.0000000006012698
0.9310000000000016 0.0000000005934573
0.9320000000000016 0.0000000005849397
0.9330000000000016 0.0000000005756993
0.9340000000000016 0.0000000005657183
0.9350000000000016 0.0000000005549783
0.9360000000000016 0.0000000005434615
0.9370000000000016 0.0000000005311488
0.9380000000000016 0.0000000005180214
0.9390000000000016 0.0000000005040599
0.9400000000000016 0.0000000004892453
0.9410000000000016 0.0000000004735572
0.9420000000000016 0.0000000004569759
0.9430000000000016 0.0000000004394812
0.9440000000000016 0.0000000004210519
0.9450000000000016 0.0000000004016677
0.9460000000000016 0.0000000003813068
0.9470000000000016 0.0000000003599476
0.9480000000000016 0.0000000003375691
0.9490000000000016 0.0000000003141484
0.9500000000000016 0.0000000002896632
0.9510000000000016 0.0000000002640909
0.9520000000000016 0.0000000002374080
0.9530000000000016 0.0000000002095916
0.9540000000000016 0.0000000001806173
0.9550000000000016 0.0000000001504621
0.9560000000000016 0.0000000001191005
0.9570000000000016 0.0000000000865085
0.9580000000000016 0.0000000000526607
0.9590000000000016 0.0000000000175315
0.9600000000000016 0.0000000000189043
0.9610000000000016 0.0000000000566730
0.9620000000000016 0.0000000000958014
0.9630000000000016 0.0000000001363155
0.9640000000000016 0.0000000001782431
0.9650000000000016 0.0000000002216116
0.9660000000000016 0.0000000002664486
0.9670000000000016 0.0000000003127826
0.9680000000000016 0.0000000003606418
0.9690000000000016 0.0000000004100558
0.9700000000000016 0.0000000004610535
0.9710000000000016 0.0000000005136647
0.9720000000000016 0.0000000005679195
0.9730000000000016 0.0000000006238486
0.9740000000000016 0.0000000006814825
0.9750000000000016 0.0000000007408528
0.9760000000000016 0.0000000008019910
0.9770000000000016 0.0000000008649292
0.9780000000000016 0.0000000009297001
0.9790000000000016 0.0000000009963362
0.9800000000000016 0.0000000010648712
0.9810000000000016 0.0000000011353387
0.9820000000000016 0.0000000012077727
0.9830000000000017 0.0000000012822077
0.9840000000000017 0.0000000013586791
0.9850000000000017 0.0000000014372217
0.9860000000000017 0.0000000015178719
0.9870000000000017 0.0000000016006658
0.9880000000000017 0.0000000016856402
0.9890000000000017 0.0000000017728322
0.9900000000000017 0.0000000018622797
0.9910000000000017 0.0000000019540204
0.9920000000000017 0.0000000020480931
0.9930000000000017 0.0000000021445368
0.9940000000000017 0.0000000022433909
0.9950000000000017 0.0000000023446954
0.9960000000000017 0.0000000024484906
0.9970000000000017 0.0000000025548178
0.9980000000000017 0.0000000026637181
0.9990000000000017 0.0000000027752335
