-1.0000000000000000 0.0000030689344123
-0.9990000000000000 0.0000000037534197
-0.9980000000000000 0.0000000016219138
-0.9970000000000000 0.0000000009802261
-0.9960000000000000 0.0000000021430676
-0.9950000000000000 0.0000000010548959
-0.9940000000000000 0.0000000019305034
-0.9930000000000000 0.0000000010070151
-0.9920000000000000 0.0000000016586951
-0.9910000000000000 0.0000000014242119
-0.9900000000000000 0.0000000011155956
-0.9890000000000000 0.0000000007624131
-0.9880000000000000 0.0000000006180160
-0.9870000000000000 0.0000000007582623
-0.9860000000000000 0.0000000001371918
-0.9850000000000000 0.0000000009265025
-0.9840000000000000 0.0000000008369976
-0.9830000000000000 0.0000000002343763
-0.9820000000000000 0.0000000002892272
-0.9810000000000000 0.0000000007583539
-0.9800000000000000 0.0000000001967675
-0.9790000000000000 0.0000000000507422
-0.9780000000000000 0.0000000000848661
-0.9770000000000000 0.0000000000659903
-0.9760000000000000 0.0000000002082192
-0.9750000000000000 0.0000000000696966
-0.9740000000000000 0.0000000002213149
-0.9730000000000000 0.0000000003247379
-0.9720000000000000 0.0000000000367718
-0.9710000000000000 0.0000000002663074
-0.9700000000000000 0.0000000003586549
-0.9690000000000000 0.0000000003471624
-0.9680000000000000 0.0000000002154821
-0.9670000000000000 0.0000000000541359
-0.9660000000000000 0.0000000000238772
-0.9650000000000000 0.0000000000732072
-0.9640000000000000 0.0000000000279212
-0.9630000000000000 0.0000000001171500
-0.9620000000000000 0.0000000001804801
-0.9610000000000000 0.0000000001312335
-0.9600000000000000 0.0000000000653115
-0.9590000000000000 0.0000000000902861
-0.9580000000000000 0.0000000002139698
-0.9570000000000000 0.0000000002949706
-0.9560000000000000 0.0000000002738137
-0.9550000000000000 0.0000000001526239
-0.9540000000000000 0.0000000001338952
-0.9530000000000000 0.0000000002890693
-0.9520000000000000 0.0000000003108849
-0.9510000000000000 0.0000000002162969
-0.9500000000000000 0.0000000001686555
-0.9490000000000000 0.0000000001747156
-0.9480000000000000 0.0000000003092504
-0.9470000000000000 0.0000000003490689
-0.9460000000000000 0.0000000001527614
-0.9450000000000000 0.0000000001599044
-0.9440000000000000 0.0000000004118719
-0.9429999999999999 0.0000000003913569
-0.9419999999999999 0.0000000000231488
-0.9409999999999999 0.0000000002462496
-0.9399999999999999 0.0000000001010796
-0.9389999999999999 0.0000000002181821
-0.9379999999999999 0.0000000002247952
-0.9369999999999999 0.0000000000409833
-0.9359999999999999 0.0000000001962308
-0.9349999999999999 0.0000000003433261
-0.9339999999999999 0.0000000000069845
-0.9329999999999999 0.0000000003806070
-0.9319999999999999 0.0000000003301813
-0.9309999999999999 0.0000000001153532
-0.9299999999999999 0.0000000002378826
-0.9289999999999999 0.0000000003388283
-0.9279999999999999 0.0000000000145747
-0.9269999999999999 0.0000000003690512
-0.9259999999999999 0.0000000003560844
-0.9249999999999999 0.0000000002139064
-0.9239999999999999 0.0000000001630188
-0.9229999999999999 0.0000000001152158
-0.9219999999999999 0.0000000003583449
-0.9209999999999999 0.0000000001328507
-0.9199999999999999 0.0000000001573981
-0.9189999999999999 0.0000000000433225
-0.9179999999999999 0.0000000001890169
-0.9169999999999999 0.0000000001603191
-0.9159999999999999 0.0000000002080875
-0.9149999999999999 0.0000000001267382
-0.9139999999999999 0.0000000001101144
-0.9129999999999999 0.0000000001702661
-0.9119999999999999 0.0000000001350885
-0.9109999999999999 0.0000000001998944
-0.9099999999999999 0.0000000001360064
-0.9089999999999999 0.0000000001386251
-0.9079999999999999 0.0000000000509303
-0.9069999999999999 0.0000000000965162
-0.9059999999999999 0.0000000002188147
-0.9049999999999999 0.0000000000482026
-0.9039999999999999 0.0000000001897449
-0.9029999999999999 0.0000000000658550
-0.9019999999999999 0.0000000001195166
-0.9009999999999999 0.0000000001586220
-0.8999999999999999 0.0000000001489300
-0.8989999999999999 0.0000000001584601
-0.8979999999999999 0.0000000001255726
-0.8969999999999999 0.0000000000798828
-0.8959999999999999 0.0000000000330526
-0.8949999999999999 0.0000000000111926
-0.8939999999999999 0.0000000001781205
-0.8929999999999999 0.0000000000267649
-0.8919999999999999 0.0000000001234671
-0.8909999999999999 0.0000000000530710
-0.8899999999999999 0.0000000001007520
-0.8889999999999999 0.0000000000408952
-0.8879999999999999 0.0000000002537238
-0.8869999999999999 0.0000000000185932
-0.8859999999999999 0.0000000002514555
-0.8849999999999999 0.0000000000129184
-0.8839999999999999 0.0000000001915137
-0.8829999999999999 0.0000000001069518
-0.8819999999999999 0.0000000000879001
-0.8809999999999999 0.0000000001694126
-0.8799999999999999 0.0000000000352934
-0.8789999999999999 0.0000000001010858
-0.8779999999999999 0.0000000000947602
-0.8769999999999999 0.0000000000009797
-0.8759999999999999 0.0000000001222484
-0.8749999999999999 0.0000000000693410
-0.8739999999999999 0.0000000001035269
-0.8729999999999999 0.0000000000532016
-0.8719999999999999 0.0000000000045186
-0.8709999999999999 0.0000000000975851
-0.8699999999999999 0.0000000000818525
-0.8689999999999999 0.0000000002630487
-0.8679999999999999 0.0000000001199874
-0.8669999999999999 0.0000000003212129
-0.8659999999999999 0.0000000001275537
-0.8649999999999999 0.0000000002511226
-0.8639999999999999 0.0000000001018564
-0.8629999999999999 0.0000000000603685
-0.8619999999999999 0.0000000001019667
-0.8609999999999999 0.0000000001473914
-0.8599999999999999 0.0000000001567828
-0.8589999999999999 0.0000000002351614
-0.8579999999999999 0.0000000001883317
-0.8569999999999999 0.0000000002020177
-0.8559999999999999 0.0000000001602246
-0.8549999999999999 0.0000000000887257
-0.8539999999999999 0.0000000000323835
-0.8529999999999999 0.0000000000165570
-0.8519999999999999 0.0000000001445389
-0.8509999999999999 0.0000000000869379
-0.8499999999999999 0.0000000001982863
-0.8489999999999999 0.0000000001708472
-0.8479999999999999 0.0000000001393474
-0.8469999999999999 0.0000000001613090
-0.8459999999999999 0.0000000000829141
-0.8449999999999999 0.0000000000734354
-0.8439999999999999 0.0000000000978064
-0.8429999999999999 0.0000000000346742
-0.8419999999999999 0.0000000002047706
-0.8409999999999999 0.0000000000702073
-0.8399999999999999 0.0000000003229278
-0.8389999999999999 0.0000000000174472
-0.8379999999999999 0.0000000003594146
-0.8369999999999999 0.0000000000534238
-0.8359999999999999 0.0000000003035497
-0.8349999999999999 0.0000000000853084
-0.8339999999999999 0.0000000001775481
-0.8329999999999999 0.0000000000138490
-0.8319999999999999 0.0000000000888196
-0.8309999999999998 0.0000000001286494
-0.8299999999999998 0.0000000001480761
-0.8289999999999998 0.0000000001535465
-0.8279999999999998 0.0000000002231840
-0.8269999999999998 0.0000000000487524
-0.8259999999999998 0.0000000001707345
-0.8249999999999998 0.0000000000072459
-0.8239999999999998 0.0000000000953899
-0.8229999999999998 0.0000000000086122
-0.8219999999999998 0.0000000000629032
-0.8209999999999998 0.0000000000133350
-0.8199999999999998 0.0000000000453657
-0.8189999999999998 0.0000000000035085
-0.8179999999999998 0.0000000000795759
-0.8169999999999998 0.0000000000425177
-0.8159999999999998 0.0000000001068541
-0.8149999999999998 0.0000000001291852
-0.8139999999999998 0.0000000000480156
-0.8129999999999998 0.0000000001405525
-0.8119999999999998 0.0000000000019915
-0.8109999999999998 0.0000000001045539
-0.8099999999999998 0.0000000000103324
-0.8089999999999998 0.0000000000923470
-0.8079999999999998 0.0000000000151684
-0.8069999999999998 0.0000000000732876
-0.8059999999999998 0.0000000000332294
-0.8049999999999998 0.0000000000616566
-0.8039999999999998 0.0000000000590160
-0.8029999999999998 0.0000000000712957
-0.8019999999999998 0.0000000000607919
-0.8009999999999998 0.0000000000645942
-0.7999999999999998 0.0000000000657655
-0.7989999999999998 0.0000000000373077
-0.7979999999999998 0.0000000001300439
-0.7969999999999998 0.0000000000947407
-0.7959999999999998 0.0000000001458851
-0.7949999999999998 0.0000000002033802
-0.7939999999999998 0.0000000000224700
-0.7929999999999998 0.0000000001797428
-0.7919999999999998 0.0000000000697941
-0.7909999999999998 0.0000000000806789
-0.7899999999999998 0.0000000000598599
-0.7889999999999998 0.0000000000305315
-0.7879999999999998 0.0000000000356263
-0.7869999999999998 0.0000000000117881
-0.7859999999999998 0.0000000000245023
-0.7849999999999998 0.0000000000105345
-0.7839999999999998 0.0000000000026663
-0.7829999999999998 0.0000000000102124
-0.7819999999999998 0.0000000000288000
-0.7809999999999998 0.0000000000234295
-0.7799999999999998 0.0000000000072053
-0.7789999999999998 0.0000000000273315
-0.7779999999999998 0.0000000000185949
-0.7769999999999998 0.0000000000028313
-0.7759999999999998 0.0000000000150968
-0.7749999999999998 0.0000000000082876
-0.7739999999999998 0.0000000000111001
-0.7729999999999998 0.0000000000198612
-0.7719999999999998 0.0000000000024246
-0.7709999999999998 0.0000000000228263
-0.7699999999999998 0.0000000000243864
-0.7689999999999998 0.0000000000005954
-0.7679999999999998 0.0000000000255370
-0.7669999999999998 0.0000000000243461
-0.7659999999999998 0.0000000000079788
-0.7649999999999998 0.0000000000418436
-0.7639999999999998 0.0000000000236917
-0.7629999999999998 0.0000000000526001
-0.7619999999999998 0.0000000000944611
-0.7609999999999998 0.0000000000130179
-0.7599999999999998 0.0000000001193780
-0.7589999999999998 0.0000000001279137
-0.7579999999999998 0.0000000000133095
-0.7569999999999998 0.0000000001199002
-0.7559999999999998 0.0000000000613203
-0.7549999999999998 0.0000000000484379
-0.7539999999999998 0.0000000000429611
-0.7529999999999998 0.0000000000356576
-0.7519999999999998 0.0000000000334379
-0.7509999999999998 0.0000000000426288
-0.7499999999999998 0.0000000000473508
-0.7489999999999998 0.0000000000368454
-0.7479999999999998 0.0000000000646825
-0.7469999999999998 0.0000000000158410
-0.7459999999999998 0.0000000000693129
-0.7449999999999998 0.0000000000081379
-0.7439999999999998 0.0000000000548563
-0.7429999999999998 0.0000000000061445
-0.7419999999999998 0.0000000000620555
-0.7409999999999998 0.0000000000041440
-0.7399999999999998 0.0000000001159068
-0.7389999999999998 0.0000000001010365
-0.7379999999999998 0.0000000000671921
-0.7369999999999998 0.0000000001773018
-0.7359999999999998 0.0000000000865161
-0.7349999999999998 0.0000000000807970
-0.7339999999999998 0.0000000001180361
-0.7329999999999998 0.0000000000146007
-0.7319999999999998 0.0000000000633747
-0.7309999999999998 0.0000000000214097
-0.7299999999999998 0.0000000000523527
-0.7289999999999998 0.0000000000374492
-0.7279999999999998 0.0000000000464740
-0.7269999999999998 0.0000000000747366
-0.7259999999999998 0.0000000000068335
-0.7249999999999998 0.0000000001022502
-0.7239999999999998 0.0000000000827370
-0.7229999999999998 0.0000000000449590
-0.7219999999999998 0.0000000001344280
-0.7209999999999998 0.0000000000784678
-0.7199999999999998 0.0000000000515298
-0.7189999999999998 0.0000000000977860
-0.7179999999999997 0.0000000000269320
-0.7169999999999997 0.0000000000335425
-0.7159999999999997 0.0000000000076744
-0.7149999999999997 0.0000000000631960
-0.7139999999999997 0.0000000000040618
-0.7129999999999997 0.0000000001191733
-0.7119999999999997 0.0000000001207413
-0.7109999999999997 0.0000000000453372
-0.7099999999999997 0.0000000001834862
-0.7089999999999997 0.0000000001070665
-0.7079999999999997 0.0000000000985518
-0.7069999999999997 0.0000000001809923
-0.7059999999999997 0.0000000000551613
-0.7049999999999997 0.0000000000982637
-0.7039999999999997 0.0000000000940140
-0.7029999999999997 0.0000000000172830
-0.7019999999999997 0.0000000000533765
-0.7009999999999997 0.0000000000296846
-0.6999999999999997 0.0000000000912714
-0.6989999999999997 0.0000000000231541
-0.6979999999999997 0.0000000000973422
-0.6969999999999997 0.0000000001204445
-0.6959999999999997 0.0000000000216035
-0.6949999999999997 0.0000000000844479
-0.6939999999999997 0.0000000000998122
-0.6929999999999997 0.0000000000432037
-0.6919999999999997 0.0000000000115548
-0.6909999999999997 0.0000000000363994
-0.6899999999999997 0.0000000000529913
-0.6889999999999997 0.0000000000677532
-0.6879999999999997 0.0000000000505592
-0.6869999999999997 0.0000000000154169
-0.6859999999999997 0.0000000000899304
-0.6849999999999997 0.0000000001034250
-0.6839999999999997 0.0000000000306497
-0.6829999999999997 0.0000000000713076
-0.6819999999999997 0.0000000001097301
-0.6809999999999997 0.0000000000499742
-0.6799999999999997 0.0000000000424859
-0.6789999999999997 0.0000000000704251
-0.6779999999999997 0.0000000000177431
-0.6769999999999997 0.0000000000304041
-0.6759999999999997 0.0000000000009078
-0.6749999999999997 0.0000000000688074
-0.6739999999999997 0.0000000000607376
-0.6729999999999997 0.0000000000485481
-0.6719999999999997 0.0000000001408191
-0.6709999999999997 0.0000000000933875
-0.6699999999999997 0.0000000000571067
-0.6689999999999997 0.0000000001480549
-0.6679999999999997 0.0000000000885920
-0.6669999999999997 0.0000000000348714
-0.6659999999999997 0.0000000000809939
-0.6649999999999997 0.0000000000329965
-0.6639999999999997 0.0000000000049484
-0.6629999999999997 0.0000000000265067
-0.6619999999999997 0.0000000000573357
-0.6609999999999997 0.0000000000021159
-0.6599999999999997 0.0000000000983135
-0.6589999999999997 0.0000000001171138
-0.6579999999999997 0.0000000000124303
-0.6569999999999997 0.0000000001083162
-0.6559999999999997 0.0000000001197096
-0.6549999999999997 0.0000000000269453
-0.6539999999999997 0.0000000000595505
-0.6529999999999997 0.0000000000705316
-0.6519999999999997 0.0000000000415543
-0.6509999999999997 0.0000000000289559
-0.6499999999999997 0.0000000000225941
-0.6489999999999997 0.0000000000183185
-0.6479999999999997 0.0000000000770203
-0.6469999999999997 0.0000000000853506
-0.6459999999999997 0.0000000000211485
-0.6449999999999997 0.0000000000499648
-0.6439999999999997 0.0000000000572187
-0.6429999999999997 0.0000000000167902
-0.6419999999999997 0.0000000000008817
-0.6409999999999997 0.0000000000281334
-0.6399999999999997 0.0000000000351774
-0.6389999999999997 0.0000000000256201
-0.6379999999999997 0.0000000001006547
-0.6369999999999997 0.0000000000905870
-0.6359999999999997 0.0000000000181496
-0.6349999999999997 0.0000000001212854
-0.6339999999999997 0.0000000001131475
-0.6329999999999997 0.0000000000073046
-0.6319999999999997 0.0000000000862200
-0.6309999999999997 0.0000000000902419
-0.6299999999999997 0.0000000000333483
-0.6289999999999997 0.0000000000092335
-0.6279999999999997 0.0000000000127706
-0.6269999999999997 0.0000000000138957
-0.6259999999999997 0.0000000000399251
-0.6249999999999997 0.0000000000642779
-0.6239999999999997 0.0000000000449555
-0.6229999999999997 0.0000000000144628
-0.6219999999999997 0.0000000000649349
-0.6209999999999997 0.0000000000683338
-0.6199999999999997 0.0000000000345826
-0.6189999999999997 0.0000000000009627
-0.6179999999999997 0.0000000000207309
-0.6169999999999997 0.0000000000332991
-0.6159999999999997 0.0000000000469339
-0.6149999999999997 0.0000000000513628
-0.6139999999999997 0.0000000000303658
-0.6129999999999997 0.0000000000155259
-0.6119999999999997 0.0000000000638556
-0.6109999999999997 0.0000000000841290
-0.6099999999999997 0.0000000000565018
-0.6089999999999997 0.0000000000128457
-0.6079999999999997 0.0000000000854384
-0.6069999999999997 0.0000000001070274
-0.6059999999999997 0.0000000000501172
-0.6049999999999996 0.0000000000502065
-0.6039999999999996 0.0000000001141558
-0.6029999999999996 0.0000000000882091
-0.6019999999999996 0.0000000000007401
-0.6009999999999996 0.0000000000646311
-0.5999999999999996 0.0000000000568569
-0.5989999999999996 0.0000000000089542
-0.5979999999999996 0.0000000000083226
-0.5969999999999996 0.0000000000236440
-0.5959999999999996 0.0000000000481390
-0.5949999999999996 0.0000000000077947
-0.5939999999999996 0.0000000000737999
-0.5929999999999996 0.0000000001080736
-0.5919999999999996 0.0000000000427265
-0.5909999999999996 0.0000000000705623
-0.5899999999999996 0.0000000001252336
-0.5889999999999996 0.0000000000722626
-0.5879999999999996 0.0000000000313684
-0.5869999999999996 0.0000000000893144
-0.5859999999999996 0.0000000000666752
-0.5849999999999996 0.0000000000122558
-0.5839999999999996 0.0000000000115947
-0.5829999999999996 0.0000000000002434
-0.5819999999999996 0.0000000000018821
-0.5809999999999996 0.0000000000315084
-0.5799999999999996 0.0000000000703908
-0.5789999999999996 0.0000000000637096
-0.5779999999999996 0.0000000000018940
-0.5769999999999996 0.0000000000678310
-0.5759999999999996 0.0000000000882726
-0.5749999999999996 0.0000000000467454
-0.5739999999999996 0.0000000000185512
-0.5729999999999996 0.0000000000587027
-0.5719999999999996 0.0000000000546458
-0.5709999999999996 0.0000000000229026
-0.5699999999999996 0.0000000000077861
-0.5689999999999996 0.0000000000208419
-0.5679999999999996 0.0000000000190813
-0.5669999999999996 0.0000000000159487
-0.5659999999999996 0.0000000000206820
-0.5649999999999996 0.0000000000278564
-0.5639999999999996 0.0000000000205311
-0.5629999999999996 0.0000000000114969
-0.5619999999999996 0.0000000000532470
-0.5609999999999996 0.0000000000690716
-0.5599999999999996 0.0000000000346716
-0.5589999999999996 0.0000000000322342
-0.5579999999999996 0.0000000000796219
-0.5569999999999996 0.0000000000678314
-0.5559999999999996 0.0000000000096230
-0.5549999999999996 0.0000000000417216
-0.5539999999999996 0.0000000000470319
-0.5529999999999996 0.0000000000195658
-0.5519999999999996 0.0000000000036202
-0.5509999999999996 0.0000000000182079
-0.5499999999999996 0.0000000000329430
-0.5489999999999996 0.0000000000070671
-0.5479999999999996 0.0000000000532446
-0.5469999999999996 0.0000000000901016
-0.5459999999999996 0.0000000000541509
-0.5449999999999996 0.0000000000352850
-0.5439999999999996 0.0000000001010165
-0.5429999999999996 0.0000000000837281
-0.5419999999999996 0.0000000000027883
-0.5409999999999996 0.0000000000640576
-0.5399999999999996 0.0000000000607585
-0.5389999999999996 0.0000000000071215
-0.5379999999999996 0.0000000000289664
-0.5369999999999996 0.0000000000079606
-0.5359999999999996 0.0000000000399563
-0.5349999999999996 0.0000000000510072
-0.5339999999999996 0.0000000000003462
-0.5329999999999996 0.0000000000713521
-0.5319999999999996 0.0000000000929107
-0.5309999999999996 0.0000000000384298
-0.5299999999999996 0.0000000000497888
-0.5289999999999996 0.0000000000997727
-0.5279999999999996 0.0000000000738168
-0.5269999999999996 0.0000000000023117
-0.5259999999999996 0.0000000000665128
-0.5249999999999996 0.0000000000741149
-0.5239999999999996 0.0000000000305659
-0.5229999999999996 0.0000000000204120
-0.5219999999999996 0.0000000000378290
-0.5209999999999996 0.0000000000172050
-0.5199999999999996 0.0000000000099848
-0.5189999999999996 0.0000000000089813
-0.5179999999999996 0.0000000000227769
-0.5169999999999996 0.0000000000504884
-0.5159999999999996 0.0000000000349335
-0.5149999999999996 0.0000000000250271
-0.5139999999999996 0.0000000000830107
-0.5129999999999996 0.0000000000840822
-0.5119999999999996 0.0000000000191606
-0.5109999999999996 0.0000000000596823
-0.5099999999999996 0.0000000000841885
-0.5089999999999996 0.0000000000354018
-0.5079999999999996 0.0000000000361254
-0.5069999999999996 0.0000000000595768
-0.5059999999999996 0.0000000000152985
-0.5049999999999996 0.0000000000453235
-0.5039999999999996 0.0000000000543231
-0.5029999999999996 0.0000000000003089
-0.5019999999999996 0.0000000000576532
-0.5009999999999996 0.0000000000524291
-0.4999999999999996 0.0000000000173902
-0.4989999999999996 0.0000000000818231
-0.4979999999999996 0.0000000000706614
-0.4969999999999996 0.0000000000121398
-0.4959999999999996 0.0000000000897548
-0.4949999999999996 0.0000000000894720
-0.4939999999999996 0.0000000000155876
-0.4929999999999995 0.0000000000572837
-0.4919999999999995 0.0000000000621795
-0.4909999999999995 0.0000000000066339
-0.4899999999999995 0.0000000000403688
-0.4889999999999995 0.0000000000247805
-0.4879999999999995 0.0000000000350141
-0.4869999999999995 0.0000000000694131
-0.4859999999999995 0.0000000000330664
-0.4849999999999995 0.0000000000458508
-0.4839999999999995 0.0000000000933880
-0.4829999999999995 0.0000000000642825
-0.4819999999999995 0.0000000000138538
-0.4809999999999995 0.0000000000696692
-0.4799999999999995 0.0000000000579939
-0.4789999999999995 0.0000000000002904
-0.4779999999999995 0.0000000000445565
-0.4769999999999995 0.0000000000356326
-0.4759999999999995 0.0000000000100494
-0.4749999999999995 0.0000000000428090
-0.4739999999999995 0.0000000000308318
-0.4729999999999995 0.0000000000115272
-0.4719999999999995 0.0000000000417798
-0.4709999999999995 0.0000000000311267
-0.4699999999999995 0.0000000000108374
-0.4689999999999995 0.0000000000477692
-0.4679999999999995 0.0000000000491063
-0.4669999999999995 0.0000000000135084
-0.4659999999999995 0.0000000000332864
-0.4649999999999995 0.0000000000596225
-0.4639999999999995 0.0000000000497781
-0.4629999999999995 0.0000000000124352
-0.4619999999999995 0.0000000000270050
-0.4609999999999995 0.0000000000438475
-0.4599999999999995 0.0000000000303880
-0.4589999999999995 0.0000000000005362
-0.4579999999999995 0.0000000000212627
-0.4569999999999995 0.0000000000195071
-0.4559999999999995 0.0000000000000493
-0.4549999999999995 0.0000000000165707
-0.4539999999999995 0.0000000000140401
-0.4529999999999995 0.0000000000035916
-0.4519999999999995 0.0000000000170238
-0.4509999999999995 0.0000000000117488
-0.4499999999999995 0.0000000000067144
-0.4489999999999995 0.0000000000185298
-0.4479999999999995 0.0000000000105801
-0.4469999999999995 0.0000000000092839
-0.4459999999999995 0.0000000000202068
-0.4449999999999995 0.0000000000104255
-0.4439999999999995 0.0000000000099845
-0.4429999999999995 0.0000000000195779
-0.4419999999999995 0.0000000000082978
-0.4409999999999995 0.0000000000117706
-0.4399999999999995 0.0000000000192774
-0.4389999999999995 0.0000000000063884
-0.4379999999999995 0.0000000000129361
-0.4369999999999995 0.0000000000180300
-0.4359999999999995 0.0000000000037234
-0.4349999999999995 0.0000000000141869
-0.4339999999999995 0.0000000000160032
-0.4329999999999995 0.0000000000006456
-0.4319999999999995 0.0000000000181507
-0.4309999999999995 0.0000000000175847
-0.4299999999999995 0.0000000000012513
-0.4289999999999995 0.0000000000195629
-0.4279999999999995 0.0000000000190615
-0.4269999999999995 0.0000000000005619
-0.4259999999999995 0.0000000000174410
-0.4249999999999995 0.0000000000179422
-0.4239999999999995 0.0000000000019829
-0.4229999999999995 0.0000000000138691
-0.4219999999999995 0.0000000000150358
-0.4209999999999995 0.0000000000025646
-0.4199999999999995 0.0000000000101590
-0.4189999999999995 0.0000000000120357
-0.4179999999999995 0.0000000000039027
-0.4169999999999995 0.0000000000054722
-0.4159999999999995 0.0000000000099712
-0.4149999999999995 0.0000000000104226
-0.4139999999999995 0.0000000000093113
-0.4129999999999995 0.0000000000049288
-0.4119999999999995 0.0000000000060041
-0.4109999999999995 0.0000000000202243
-0.4099999999999995 0.0000000000261762
-0.4089999999999995 0.0000000000142665
-0.4079999999999995 0.0000000000104131
-0.4069999999999995 0.0000000000284746
-0.4059999999999995 0.0000000000230682
-0.4049999999999995 0.0000000000022711
-0.4039999999999995 0.0000000000243421
-0.4029999999999995 0.0000000000216847
-0.4019999999999995 0.0000000000034734
-0.4009999999999995 0.0000000000258493
-0.3999999999999995 0.0000000000217726
-0.3989999999999995 0.0000000000059532
-0.3979999999999995 0.0000000000290353
-0.3969999999999995 0.0000000000214836
-0.3959999999999995 0.0000000000127649
-0.3949999999999995 0.0000000000411003
-0.3939999999999995 0.0000000000331979
-0.3929999999999995 0.0000000000079103
-0.3919999999999995 0.0000000000461252
-0.3909999999999995 0.0000000000454839
-0.3899999999999995 0.0000000000050141
-0.3889999999999995 0.0000000000389188
-0.3879999999999995 0.0000000000461156
-0.3869999999999995 0.0000000000104060
-0.3859999999999995 0.0000000000343569
-0.3849999999999995 0.0000000000461100
-0.3839999999999995 0.0000000000140462
-0.3829999999999995 0.0000000000315410
-0.3819999999999995 0.0000000000479119
-0.3809999999999995 0.0000000000196161
-0.3799999999999994 0.0000000000277938
-0.3789999999999994 0.0000000000519358
-0.3779999999999994 0.0000000000321922
-0.3769999999999994 0.0000000000128910
-0.3759999999999994 0.0000000000439462
-0.3749999999999994 0.0000000000363558
-0.3739999999999994 0.0000000000004061
-0.3729999999999994 0.0000000000304742
-0.3719999999999994 0.0000000000304053
-0.3709999999999994 0.0000000000023834
-0.3699999999999994 0.0000000000270970
-0.3689999999999994 0.0000000000326800
-0.3679999999999994 0.0000000000111536
-0.3669999999999994 0.0000000000181725
-0.3659999999999994 0.0000000000314266
-0.3649999999999994 0.0000000000196443
-0.3639999999999994 0.0000000000058001
-0.3629999999999994 0.0000000000240540
-0.3619999999999994 0.0000000000215441
-0.3609999999999994 0.0000000000015594
-0.3599999999999994 0.0000000000193690
-0.3589999999999994 0.0000000000244592
-0.3579999999999994 0.0000000000093520
-0.3569999999999994 0.0000000000144149
-0.3559999999999994 0.0000000000277801
-0.3549999999999994 0.0000000000188857
-0.3539999999999994 0.0000000000065972
-0.3529999999999994 0.0000000000284077
-0.3519999999999994 0.0000000000273579
-0.3509999999999994 0.0000000000021946
-0.3499999999999994 0.0000000000270046
-0.3489999999999994 0.0000000000340480
-0.3479999999999994 0.0000000000095007
-0.3469999999999994 0.0000000000285605
-0.3459999999999994 0.0000000000474266
-0.3449999999999994 0.0000000000275081
-0.3439999999999994 0.0000000000186615
-0.3429999999999994 0.0000000000544180
-0.3419999999999994 0.0000000000492374
-0.3409999999999994 0.0000000000057715
-0.3399999999999994 0.0000000000408529
-0.3389999999999994 0.0000000000523612
-0.3379999999999994 0.0000000000203377
-0.3369999999999994 0.0000000000263524
-0.3359999999999994 0.0000000000468485
-0.3349999999999994 0.0000000000241740
-0.3339999999999994 0.0000000000201726
-0.3329999999999994 0.0000000000458605
-0.3319999999999994 0.0000000000298538
-0.3309999999999994 0.0000000000133573
-0.3299999999999994 0.0000000000451916
-0.3289999999999994 0.0000000000375081
-0.3279999999999994 0.0000000000028083
-0.3269999999999994 0.0000000000405935
-0.3259999999999994 0.0000000000435555
-0.3249999999999994 0.0000000000098128
-0.3239999999999994 0.0000000000317290
-0.3229999999999994 0.0000000000469854
-0.3219999999999994 0.0000000000249815
-0.3209999999999994 0.0000000000149806
-0.3199999999999994 0.0000000000412954
-0.3189999999999994 0.0000000000359618
-0.3179999999999994 0.0000000000067064
-0.3169999999999994 0.0000000000223970
-0.3159999999999994 0.0000000000312358
-0.3149999999999994 0.0000000000174927
-0.3139999999999994 0.0000000000051218
-0.3129999999999994 0.0000000000196346
-0.3119999999999994 0.0000000000179244
-0.3109999999999994 0.0000000000040773
-0.3099999999999994 0.0000000000107652
-0.3089999999999994 0.0000000000164986
-0.3079999999999994 0.0000000000098703
-0.3069999999999994 0.0000000000041609
-0.3059999999999994 0.0000000000154937
-0.3049999999999994 0.0000000000151816
-0.3039999999999994 0.0000000000020651
-0.3029999999999994 0.0000000000148781
-0.3019999999999994 0.0000000000218584
-0.3009999999999994 0.0000000000111221
-0.2999999999999994 0.0000000000109384
-0.2989999999999994 0.0000000000267006
-0.2979999999999994 0.0000000000211698
-0.2969999999999994 0.0000000000039455
-0.2959999999999994 0.0000000000291633
-0.2949999999999994 0.0000000000324042
-0.2939999999999994 0.0000000000086654
-0.2929999999999994 0.0000000000235644
-0.2919999999999994 0.0000000000367425
-0.2909999999999994 0.0000000000184207
-0.2899999999999994 0.0000000000163057
-0.2889999999999994 0.0000000000365705
-0.2879999999999994 0.0000000000227888
-0.2869999999999994 0.0000000000147878
-0.2859999999999994 0.0000000000435678
-0.2849999999999994 0.0000000000368237
-0.2839999999999994 0.0000000000019856
-0.2829999999999994 0.0000000000409687
-0.2819999999999994 0.0000000000470112
-0.2809999999999994 0.0000000000148050
-0.2799999999999994 0.0000000000281554
-0.2789999999999994 0.0000000000453659
-0.2779999999999994 0.0000000000230050
-0.2769999999999994 0.0000000000184348
-0.2759999999999994 0.0000000000426128
-0.2749999999999994 0.0000000000292075
-0.2739999999999994 0.0000000000090183
-0.2729999999999994 0.0000000000384325
-0.2719999999999994 0.0000000000343303
-0.2709999999999994 0.0000000000016549
-0.2699999999999994 0.0000000000308910
-0.2689999999999994 0.0000000000367378
-0.2679999999999993 0.0000000000136876
-0.2669999999999993 0.0000000000164312
-0.2659999999999993 0.0000000000285652
-0.2649999999999993 0.0000000000159115
-0.2639999999999993 0.0000000000065910
-0.2629999999999993 0.0000000000179339
-0.2619999999999993 0.0000000000100949
-0.2609999999999993 0.0000000000066676
-0.2599999999999993 0.0000000000153839
-0.2589999999999993 0.0000000000085218
-0.2579999999999993 0.0000000000062953
-0.2569999999999993 0.0000000000149044
-0.2559999999999993 0.0000000000100441
-0.2549999999999993 0.0000000000030941
-0.2539999999999993 0.0000000000131216
-0.2529999999999993 0.0000000000131384
-0.2519999999999993 0.0000000000055014
-0.2509999999999993 0.0000000000025627
-0.2499999999999993 0.0000000000065677
-0.2489999999999993 0.0000000000075858
-0.2479999999999993 0.0000000000084570
-0.2469999999999993 0.0000000000088696
-0.2459999999999993 0.0000000000054616
-0.2449999999999993 0.0000000000031244
-0.2439999999999993 0.0000000000123863
-0.2429999999999993 0.0000000000146144
-0.2419999999999993 0.0000000000063370
-0.2409999999999993 0.0000000000069620
-0.2399999999999993 0.0000000000144917
-0.2389999999999993 0.0000000000096496
-0.2379999999999993 0.0000000000034837
-0.2369999999999993 0.0000000000133029
-0.2359999999999993 0.0000000000111021
-0.2349999999999993 0.0000000000008537
-0.2339999999999993 0.0000000000113746
-0.2329999999999993 0.0000000000107923
-0.2319999999999993 0.0000000000000108
-0.2309999999999993 0.0000000000104547
-0.2299999999999993 0.0000000000105604
-0.2289999999999993 0.0000000000003137
-0.2279999999999993 0.0000000000103200
-0.2269999999999993 0.0000000000110727
-0.2259999999999993 0.0000000000012715
-0.2249999999999993 0.0000000000095604
-0.2239999999999993 0.0000000000109631
-0.2229999999999993 0.0000000000016825
-0.2219999999999993 0.0000000000091341
-0.2209999999999993 0.0000000000108581
-0.2199999999999993 0.0000000000017557
-0.2189999999999993 0.0000000000092782
-0.2179999999999993 0.0000000000113651
-0.2169999999999993 0.0000000000023015
-0.2159999999999993 0.0000000000091726
-0.2149999999999993 0.0000000000118016
-0.2139999999999993 0.0000000000028336
-0.2129999999999993 0.0000000000091152
-0.2119999999999993 0.0000000000122997
-0.2109999999999993 0.0000000000033256
-0.2099999999999993 0.0000000000093020
-0.2089999999999993 0.0000000000132155
-0.2079999999999993 0.0000000000042341
-0.2069999999999993 0.0000000000092659
-0.2059999999999993 0.0000000000141586
-0.2049999999999993 0.0000000000053100
-0.2039999999999993 0.0000000000090458
-0.2029999999999993 0.0000000000148361
-0.2019999999999993 0.0000000000057756
-0.2009999999999993 0.0000000000099390
-0.1999999999999993 0.0000000000167412
-0.1989999999999993 0.0000000000064773
-0.1979999999999993 0.0000000000129651
-0.1969999999999993 0.0000000000238340
-0.1959999999999993 0.0000000000145300
-0.1949999999999993 0.0000000000090145
-0.1939999999999993 0.0000000000274333
-0.1929999999999993 0.0000000000245121
-0.1919999999999993 0.0000000000017299
-0.1909999999999993 0.0000000000223664
-0.1899999999999993 0.0000000000277803
-0.1889999999999993 0.0000000000101446
-0.1879999999999993 0.0000000000156408
-0.1869999999999993 0.0000000000282865
-0.1859999999999993 0.0000000000181452
-0.1849999999999993 0.0000000000052166
-0.1839999999999993 0.0000000000220187
-0.1829999999999993 0.0000000000194196
-0.1819999999999993 0.0000000000017448
-0.1809999999999993 0.0000000000145419
-0.1799999999999993 0.0000000000158198
-0.1789999999999993 0.0000000000026714
-0.1779999999999993 0.0000000000118966
-0.1769999999999993 0.0000000000148189
-0.1759999999999993 0.0000000000043507
-0.1749999999999993 0.0000000000093465
-0.1739999999999993 0.0000000000140199
-0.1729999999999993 0.0000000000061083
-0.1719999999999993 0.0000000000069484
-0.1709999999999993 0.0000000000140454
-0.1699999999999993 0.0000000000100765
-0.1689999999999993 0.0000000000006201
-0.1679999999999993 0.0000000000091580
-0.1669999999999993 0.0000000000099764
-0.1659999999999993 0.0000000000045240
-0.1649999999999993 0.0000000000015964
-0.1639999999999993 0.0000000000042054
-0.1629999999999993 0.0000000000033329
-0.1619999999999993 0.0000000000014295
-0.1609999999999993 0.0000000000000008
-0.1599999999999993 0.0000000000014005
-0.1589999999999993 0.0000000000031984
-0.1579999999999993 0.0000000000039421
-0.1569999999999993 0.0000000000014234
-0.1559999999999993 0.0000000000040682
-0.1549999999999992 0.0000000000083235
-0.1539999999999992 0.0000000000062668
-0.1529999999999992 0.0000000000026597
-0.1519999999999992 0.0000000000122612
-0.1509999999999992 0.0000000000138506
-0.1499999999999992 0.0000000000041402
-0.1489999999999992 0.0000000000104579
-0.1479999999999992 0.0000000000180581
-0.1469999999999992 0.0000000000113891
-0.1459999999999992 0.0000000000049855
-0.1449999999999992 0.0000000000174515
-0.1439999999999992 0.0000000000146888
-0.1429999999999992 0.0000000000019785
-0.1419999999999992 0.0000000000187432
-0.1409999999999992 0.0000000000206767
-0.1399999999999992 0.0000000000048687
-0.1389999999999992 0.0000000000162830
-0.1379999999999992 0.0000000000250973
-0.1369999999999992 0.0000000000137165
-0.1359999999999992 0.0000000000087753
-0.1349999999999992 0.0000000000237059
-0.1339999999999992 0.0000000000186030
-0.1329999999999992 0.0000000000021116
-0.1319999999999992 0.0000000000208216
-0.1309999999999992 0.0000000000216986
-0.1299999999999992 0.0000000000041172
-0.1289999999999992 0.0000000000169635
-0.1279999999999992 0.0000000000238168
-0.1269999999999992 0.0000000000108550
-0.1259999999999992 0.0000000000110224
-0.1249999999999992 0.0000000000239617
-0.1239999999999992 0.0000000000180468
-0.1229999999999992 0.0000000000011040
-0.1219999999999992 0.0000000000179063
-0.1209999999999992 0.0000000000200420
-0.1199999999999992 0.0000000000078653
-0.1189999999999992 0.0000000000073832
-0.1179999999999992 0.0000000000139130
-0.1169999999999992 0.0000000000087736
-0.1159999999999992 0.0000000000013345
-0.1149999999999992 0.0000000000072792
-0.1139999999999992 0.0000000000054629
-0.1129999999999992 0.0000000000003736
-0.1119999999999992 0.0000000000040216
-0.1109999999999992 0.0000000000028764
-0.1099999999999992 0.0000000000005151
-0.1089999999999992 0.0000000000020884
-0.1079999999999992 0.0000000000007081
-0.1069999999999992 0.0000000000011575
-0.1059999999999992 0.0000000000007695
-0.1049999999999992 0.0000000000015086
-0.1039999999999992 0.0000000000025858
-0.1029999999999992 0.0000000000003486
-0.1019999999999992 0.0000000000034505
-0.1009999999999992 0.0000000000045638
-0.0999999999999992 0.0000000000008137
-0.0989999999999992 0.0000000000048986
-0.0979999999999992 0.0000000000067476
-0.0969999999999992 0.0000000000017736
-0.0959999999999992 0.0000000000063312
-0.0949999999999992 0.0000000000097633
-0.0939999999999992 0.0000000000038554
-0.0929999999999992 0.0000000000076136
-0.0919999999999992 0.0000000000146404
-0.0909999999999992 0.0000000000096330
-0.0899999999999992 0.0000000000050279
-0.0889999999999992 0.0000000000178139
-0.0879999999999992 0.0000000000174220
-0.0869999999999992 0.0000000000029028
-0.0859999999999992 0.0000000000146108
-0.0849999999999992 0.0000000000207662
-0.0839999999999992 0.0000000000102142
-0.0829999999999992 0.0000000000084456
-0.0819999999999992 0.0000000000196554
-0.0809999999999992 0.0000000000140927
-0.0799999999999992 0.0000000000033028
-0.0789999999999992 0.0000000000175431
-0.0779999999999992 0.0000000000164954
-0.0769999999999992 0.0000000000012956
-0.0759999999999992 0.0000000000147777
-0.0749999999999992 0.0000000000179172
-0.0739999999999992 0.0000000000056868
-0.0729999999999992 0.0000000000111349
-0.0719999999999992 0.0000000000181769
-0.0709999999999992 0.0000000000099378
-0.0699999999999992 0.0000000000058298
-0.0689999999999992 0.0000000000153753
-0.0679999999999992 0.0000000000111110
-0.0669999999999992 0.0000000000021455
-0.0659999999999992 0.0000000000120788
-0.0649999999999992 0.0000000000101332
-0.0639999999999992 0.0000000000011169
-0.0629999999999992 0.0000000000108631
-0.0619999999999992 0.0000000000101945
-0.0609999999999992 0.0000000000000714
-0.0599999999999992 0.0000000000099462
-0.0589999999999992 0.0000000000107061
-0.0579999999999992 0.0000000000017574
-0.0569999999999992 0.0000000000085612
-0.0559999999999992 0.0000000000110121
-0.0549999999999992 0.0000000000038497
-0.0539999999999992 0.0000000000059531
-0.0529999999999992 0.0000000000094834
-0.0519999999999992 0.0000000000041320
-0.0509999999999992 0.0000000000043512
-0.0499999999999992 0.0000000000076612
-0.0489999999999992 0.0000000000029009
-0.0479999999999992 0.0000000000048515
-0.0469999999999992 0.0000000000076765
-0.0459999999999992 0.0000000000026082
-0.0449999999999992 0.0000000000054203
-0.0439999999999992 0.0000000000083216
-0.0429999999999992 0.0000000000027698
-0.0419999999999991 0.0000000000063202
-0.0409999999999991 0.0000000000102169
-0.0399999999999991 0.0000000000046615
-0.0389999999999991 0.0000000000058017
-0.0379999999999991 0.0000000000117101
-0.0369999999999991 0.0000000000073791
-0.0359999999999991 0.0000000000036348
-0.0349999999999991 0.0000000000115162
-0.0339999999999991 0.0000000000090674
-0.0329999999999991 0.0000000000016179
-0.0319999999999991 0.0000000000109054
-0.0309999999999991 0.0000000000103312
-0.0299999999999991 0.0000000000003588
-0.0289999999999991 0.0000000000099609
-0.0279999999999991 0.0000000000112084
-0.0269999999999991 0.0000000000022179
-0.0259999999999991 0.0000000000088026
-0.0249999999999991 0.0000000000117458
-0.0239999999999991 0.0000000000038711
-0.0229999999999991 0.0000000000076299
-0.0219999999999991 0.0000000000121708
-0.0209999999999991 0.0000000000054698
-0.0199999999999991 0.0000000000064627
-0.0189999999999991 0.0000000000127437
-0.0179999999999991 0.0000000000075360
-0.0169999999999991 0.0000000000045827
-0.0159999999999991 0.0000000000127288
-0.0149999999999991 0.0000000000095819
-0.0139999999999991 0.0000000000019751
-0.0129999999999991 0.0000000000114923
-0.0119999999999991 0.0000000000104579
-0.0109999999999991 0.0000000000000004
-0.0099999999999991 0.0000000000102202
-0.0089999999999991 0.0000000000108791
-0.0079999999999991 0.0000000000014865
-0.0069999999999991 0.0000000000092381
-0.0059999999999991 0.0000000000114149
-0.0049999999999991 0.0000000000030687
-0.0039999999999991 0.0000000000080956
-0.0029999999999991 0.0000000000118038
-0.0019999999999991 0.0000000000046543
-0.0009999999999991 0.0000000000067756
0.0000000000000009 0.0000000000119922
0.0010000000000009 0.0000000000062231
0.0020000000000009 0.0000000000052193
0.0030000000000009 0.0000000000118394
0.0040000000000009 0.0000000000075964
0.0050000000000009 0.0000000000035780
0.0060000000000009 0.0000000000114314
0.0070000000000009 0.0000000000088219
0.0080000000000009 0.0000000000017546
0.0090000000000009 0.0000000000105282
0.0100000000000009 0.0000000000094902
0.0110000000000009 0.0000000000002462
0.0120000000000009 0.0000000000095367
0.0130000000000009 0.0000000000097125
0.0140000000000009 0.0000000000006256
0.0150000000000009 0.0000000000092180
0.0160000000000009 0.0000000000105584
0.0170000000000009 0.0000000000020076
0.0180000000000009 0.0000000000086031
0.0190000000000009 0.0000000000114334
0.0200000000000009 0.0000000000037623
0.0210000000000009 0.0000000000074220
0.0220000000000009 0.0000000000118147
0.0230000000000009 0.0000000000053116
0.0240000000000009 0.0000000000061430
0.0250000000000009 0.0000000000119817
0.0260000000000009 0.0000000000067617
0.0270000000000009 0.0000000000047564
0.0280000000000009 0.0000000000119379
0.0290000000000009 0.0000000000080832
0.0300000000000009 0.0000000000033156
0.0310000000000009 0.0000000000117131
0.0320000000000009 0.0000000000092313
0.0330000000000009 0.0000000000019619
0.0340000000000009 0.0000000000114974
0.0350000000000009 0.0000000000103076
0.0360000000000009 0.0000000000008854
0.0370000000000009 0.0000000000119724
0.0380000000000009 0.0000000000125586
0.0390000000000009 0.0000000000015584
0.0400000000000009 0.0000000000115178
0.0410000000000009 0.0000000000149328
0.0420000000000009 0.0000000000053066
0.0430000000000009 0.0000000000091515
0.0440000000000009 0.0000000000157832
0.0450000000000009 0.0000000000086853
0.0460000000000009 0.0000000000060265
0.0470000000000009 0.0000000000156021
0.0480000000000009 0.0000000000118766
0.0490000000000009 0.0000000000016587
0.0500000000000009 0.0000000000131311
0.0510000000000009 0.0000000000128437
0.0520000000000009 0.0000000000016455
0.0530000000000009 0.0000000000102011
0.0540000000000009 0.0000000000123598
0.0550000000000009 0.0000000000034482
0.0560000000000009 0.0000000000081986
0.0570000000000009 0.0000000000123456
0.0580000000000009 0.0000000000059290
0.0590000000000009 0.0000000000047294
0.0600000000000009 0.0000000000101522
0.0610000000000009 0.0000000000063165
0.0620000000000009 0.0000000000022383
0.0630000000000009 0.0000000000072565
0.0640000000000009 0.0000000000046210
0.0650000000000009 0.0000000000022193
0.0660000000000009 0.0000000000061526
0.0670000000000009 0.0000000000035167
0.0680000000000009 0.0000000000025513
0.0690000000000009 0.0000000000056016
0.0700000000000009 0.0000000000025284
0.0710000000000009 0.0000000000032944
0.0720000000000009 0.0000000000055219
0.0730000000000009 0.0000000000014798
0.0740000000000009 0.0000000000047926
0.0750000000000009 0.0000000000063736
0.0760000000000009 0.0000000000006010
0.0770000000000009 0.0000000000075988
0.0780000000000009 0.0000000000099165
0.0790000000000009 0.0000000000027945
0.0800000000000009 0.0000000000083377
0.0810000000000009 0.0000000000133361
0.0820000000000009 0.0000000000067213
0.0830000000000009 0.0000000000065049
0.0840000000000009 0.0000000000145602
0.0850000000000009 0.0000000000093923
0.0860000000000010 0.0000000000054110
0.0870000000000010 0.0000000000169672
0.0880000000000010 0.0000000000142774
0.0890000000000010 0.0000000000015197
0.0900000000000010 0.0000000000173308
0.0910000000000010 0.0000000000191945
0.0920000000000010 0.0000000000047722
0.0930000000000010 0.0000000000139972
0.0940000000000010 0.0000000000209130
0.0950000000000010 0.0000000000097083
0.0960000000000010 0.0000000000101262
0.0970000000000010 0.0000000000213323
0.0980000000000010 0.0000000000139385
0.0990000000000010 0.0000000000058277
0.1000000000000010 0.0000000000207736
0.1010000000000010 0.0000000000177144
0.1020000000000010 0.0000000000009035
0.1030000000000010 0.0000000000189949
0.1040000000000010 0.0000000000207870
0.1050000000000010 0.0000000000045614
0.1060000000000010 0.0000000000158085
0.1070000000000010 0.0000000000228271
0.1080000000000010 0.0000000000103978
0.1090000000000010 0.0000000000110832
0.1100000000000010 0.0000000000237540
0.1110000000000010 0.0000000000173954
0.1120000000000010 0.0000000000023700
0.1130000000000010 0.0000000000194184
0.1140000000000010 0.0000000000208477
0.1150000000000010 0.0000000000071181
0.1160000000000010 0.0000000000095596
0.1170000000000010 0.0000000000162576
0.1180000000000010 0.0000000000097270
0.1190000000000010 0.0000000000024145
0.1200000000000010 0.0000000000095767
0.1210000000000010 0.0000000000073317
0.1220000000000010 0.0000000000001300
0.1230000000000010 0.0000000000052965
0.1240000000000010 0.0000000000044974
0.1250000000000010 0.0000000000002423
0.1260000000000010 0.0000000000025520
0.1270000000000010 0.0000000000018209
0.1280000000000010 0.0000000000002790
0.1290000000000010 0.0000000000006765
0.1300000000000010 0.0000000000007828
0.1310000000000010 0.0000000000013480
0.1320000000000010 0.0000000000008935
0.1330000000000010 0.0000000000039666
0.1340000000000010 0.0000000000035312
0.1350000000000010 0.0000000000021155
0.1360000000000010 0.0000000000088990
0.1370000000000010 0.0000000000097918
0.1380000000000010 0.0000000000017452
0.1390000000000010 0.0000000000099787
0.1400000000000010 0.0000000000152105
0.1410000000000010 0.0000000000079693
0.1420000000000010 0.0000000000069456
0.1430000000000010 0.0000000000167989
0.1440000000000010 0.0000000000118114
0.1450000000000010 0.0000000000052813
0.1460000000000010 0.0000000000202397
0.1470000000000010 0.0000000000191359
0.1480000000000010 0.0000000000010969
0.1490000000000010 0.0000000000196859
0.1500000000000010 0.0000000000254219
0.1510000000000010 0.0000000000102746
0.1520000000000010 0.0000000000137429
0.1530000000000010 0.0000000000263901
0.1540000000000010 0.0000000000165539
0.1550000000000010 0.0000000000077306
0.1560000000000010 0.0000000000257336
0.1570000000000010 0.0000000000217801
0.1580000000000010 0.0000000000010300
0.1590000000000010 0.0000000000232376
0.1600000000000010 0.0000000000257010
0.1610000000000010 0.0000000000061093
0.1620000000000010 0.0000000000190288
0.1630000000000010 0.0000000000286231
0.1640000000000010 0.0000000000150145
0.1650000000000010 0.0000000000098381
0.1660000000000010 0.0000000000250928
0.1670000000000010 0.0000000000189868
0.1680000000000010 0.0000000000016598
0.1690000000000010 0.0000000000182654
0.1700000000000010 0.0000000000170473
0.1710000000000010 0.0000000000005626
0.1720000000000010 0.0000000000155230
0.1730000000000010 0.0000000000168541
0.1740000000000010 0.0000000000028498
0.1750000000000010 0.0000000000135325
0.1760000000000010 0.0000000000177981
0.1770000000000010 0.0000000000065429
0.1780000000000010 0.0000000000102658
0.1790000000000010 0.0000000000186031
0.1800000000000010 0.0000000000124019
0.1810000000000010 0.0000000000022035
0.1820000000000010 0.0000000000132288
0.1830000000000010 0.0000000000132210
0.1840000000000010 0.0000000000044191
0.1850000000000010 0.0000000000048597
0.1860000000000010 0.0000000000080752
0.1870000000000010 0.0000000000050790
0.1880000000000010 0.0000000000002111
0.1890000000000010 0.0000000000028813
0.1900000000000010 0.0000000000040415
0.1910000000000010 0.0000000000048517
0.1920000000000010 0.0000000000053291
0.1930000000000010 0.0000000000034232
0.1940000000000010 0.0000000000019649
0.1950000000000010 0.0000000000081414
0.1960000000000010 0.0000000000099084
0.1970000000000010 0.0000000000045056
0.1980000000000010 0.0000000000046912
0.1990000000000010 0.0000000000101361
0.2000000000000010 0.0000000000067327
0.2010000000000010 0.0000000000029643
0.2020000000000010 0.0000000000103849
0.2030000000000010 0.0000000000085473
0.2040000000000010 0.0000000000012522
0.2050000000000010 0.0000000000102107
0.2060000000000010 0.0000000000099883
0.2070000000000010 0.0000000000006022
0.2080000000000010 0.0000000000093283
0.2090000000000010 0.0000000000105215
0.2100000000000010 0.0000000000018306
0.2110000000000010 0.0000000000085185
0.2120000000000010 0.0000000000106417
0.2130000000000010 0.0000000000024610
0.2140000000000011 0.0000000000081709
0.2150000000000011 0.0000000000109110
0.2160000000000011 0.0000000000029418
0.2170000000000011 0.0000000000081155
0.2180000000000011 0.0000000000113997
0.2190000000000011 0.0000000000033792
0.2200000000000011 0.0000000000084418
0.2210000000000011 0.0000000000125081
0.2220000000000011 0.0000000000044041
0.2230000000000011 0.0000000000085466
0.2240000000000011 0.0000000000139811
0.2250000000000011 0.0000000000063399
0.2260000000000011 0.0000000000075041
0.2270000000000011 0.0000000000145010
0.2280000000000011 0.0000000000078488
0.2290000000000011 0.0000000000062795
0.2300000000000011 0.0000000000144026
0.2310000000000011 0.0000000000086234
0.2320000000000011 0.0000000000055835
0.2330000000000011 0.0000000000144119
0.2340000000000011 0.0000000000090461
0.2350000000000011 0.0000000000055075
0.2360000000000011 0.0000000000148987
0.2370000000000011 0.0000000000093426
0.2380000000000011 0.0000000000063159
0.2390000000000011 0.0000000000164915
0.2400000000000011 0.0000000000096602
0.2410000000000011 0.0000000000097519
0.2420000000000011 0.0000000000241488
0.2430000000000011 0.0000000000184894
0.2440000000000011 0.0000000000052136
0.2450000000000011 0.0000000000283294
0.2460000000000011 0.0000000000313211
0.2470000000000011 0.0000000000109591
0.2480000000000011 0.0000000000164909
0.2490000000000011 0.0000000000291581
0.2500000000000011 0.0000000000182372
0.2510000000000011 0.0000000000050724
0.2520000000000011 0.0000000000201613
0.2530000000000011 0.0000000000152331
0.2540000000000011 0.0000000000031716
0.2550000000000011 0.0000000000172556
0.2560000000000011 0.0000000000144467
0.2570000000000011 0.0000000000018531
0.2580000000000011 0.0000000000163576
0.2590000000000011 0.0000000000161475
0.2600000000000011 0.0000000000017688
0.2610000000000011 0.0000000000142546
0.2620000000000011 0.0000000000189960
0.2630000000000011 0.0000000000097522
0.2640000000000011 0.0000000000051679
0.2650000000000011 0.0000000000146536
0.2660000000000011 0.0000000000136108
0.2670000000000011 0.0000000000050676
0.2680000000000011 0.0000000000043539
0.2690000000000011 0.0000000000098468
0.2700000000000011 0.0000000000100042
0.2710000000000011 0.0000000000052289
0.2720000000000011 0.0000000000032579
0.2730000000000011 0.0000000000123087
0.2740000000000011 0.0000000000163410
0.2750000000000011 0.0000000000105211
0.2760000000000011 0.0000000000038619
0.2770000000000011 0.0000000000176631
0.2780000000000011 0.0000000000197491
0.2790000000000011 0.0000000000069078
0.2800000000000011 0.0000000000114635
0.2810000000000011 0.0000000000199792
0.2820000000000011 0.0000000000108096
0.2830000000000011 0.0000000000081566
0.2840000000000011 0.0000000000193778
0.2850000000000011 0.0000000000117683
0.2860000000000011 0.0000000000079156
0.2870000000000011 0.0000000000201951
0.2880000000000011 0.0000000000111503
0.2890000000000011 0.0000000000129365
0.2900000000000011 0.0000000000294970
0.2910000000000011 0.0000000000202092
0.2920000000000011 0.0000000000103634
0.2930000000000011 0.0000000000364567
0.2940000000000011 0.0000000000334379
0.2950000000000011 0.0000000000011749
0.2960000000000011 0.0000000000337301
0.2970000000000011 0.0000000000405173
0.2980000000000011 0.0000000000121212
0.2990000000000011 0.0000000000273135
0.3000000000000011 0.0000000000431485
0.3010000000000011 0.0000000000212096
0.3020000000000011 0.0000000000190741
0.3030000000000011 0.0000000000417471
0.3040000000000011 0.0000000000265318
0.3050000000000011 0.0000000000129575
0.3060000000000011 0.0000000000415329
0.3070000000000011 0.0000000000340512
0.3080000000000011 0.0000000000023544
0.3090000000000011 0.0000000000352829
0.3100000000000011 0.0000000000364222
0.3110000000000011 0.0000000000064113
0.3120000000000011 0.0000000000268171
0.3130000000000011 0.0000000000337280
0.3140000000000011 0.0000000000091152
0.3150000000000011 0.0000000000245640
0.3160000000000011 0.0000000000380521
0.3170000000000011 0.0000000000206288
0.3180000000000011 0.0000000000122259
0.3190000000000011 0.0000000000338122
0.3200000000000011 0.0000000000289262
0.3210000000000011 0.0000000000045294
0.3220000000000011 0.0000000000187523
0.3230000000000011 0.0000000000244903
0.3240000000000011 0.0000000000118834
0.3250000000000011 0.0000000000068016
0.3260000000000011 0.0000000000176420
0.3270000000000011 0.0000000000147343
0.3280000000000011 0.0000000000020224
0.3290000000000011 0.0000000000111936
0.3300000000000011 0.0000000000162369
0.3310000000000011 0.0000000000095242
0.3320000000000011 0.0000000000051947
0.3330000000000011 0.0000000000177997
0.3340000000000011 0.0000000000174031
0.3350000000000011 0.0000000000010565
0.3360000000000011 0.0000000000209489
0.3370000000000011 0.0000000000301946
0.3380000000000011 0.0000000000148700
0.3390000000000011 0.0000000000172887
0.3400000000000011 0.0000000000413820
0.3410000000000011 0.0000000000348068
0.3420000000000011 0.0000000000013249
0.3430000000000011 0.0000000000392637
0.3440000000000011 0.0000000000463144
0.3450000000000011 0.0000000000141643
0.3460000000000011 0.0000000000310716
0.3470000000000011 0.0000000000498555
0.3480000000000011 0.0000000000245146
0.3490000000000011 0.0000000000232738
0.3500000000000011 0.0000000000506075
0.3510000000000011 0.0000000000322401
0.3520000000000011 0.0000000000153573
0.3530000000000011 0.0000000000482026
0.3540000000000011 0.0000000000353992
0.3550000000000011 0.0000000000114139
0.3560000000000011 0.0000000000480839
0.3570000000000011 0.0000000000390641
0.3580000000000012 0.0000000000086126
0.3590000000000012 0.0000000000509266
0.3600000000000012 0.0000000000475396
0.3610000000000012 0.0000000000002754
0.3620000000000012 0.0000000000501595
0.3630000000000012 0.0000000000574077
0.3640000000000012 0.0000000000158527
0.3650000000000012 0.0000000000370151
0.3660000000000012 0.0000000000548740
0.3670000000000012 0.0000000000244600
0.3680000000000012 0.0000000000240027
0.3690000000000012 0.0000000000460800
0.3700000000000012 0.0000000000236474
0.3710000000000012 0.0000000000206242
0.3720000000000012 0.0000000000461970
0.3730000000000012 0.0000000000317278
0.3740000000000012 0.0000000000079470
0.3750000000000012 0.0000000000380762
0.3760000000000012 0.0000000000357010
0.3770000000000012 0.0000000000073185
0.3780000000000012 0.0000000000208503
0.3790000000000012 0.0000000000274445
0.3800000000000012 0.0000000000119886
0.3810000000000012 0.0000000000093561
0.3820000000000012 0.0000000000202159
0.3830000000000012 0.0000000000160661
0.3840000000000012 0.0000000000035553
0.3850000000000012 0.0000000000079537
0.3860000000000012 0.0000000000129546
0.3870000000000012 0.0000000000106183
0.3880000000000012 0.0000000000030694
0.3890000000000012 0.0000000000054073
0.3900000000000012 0.0000000000092457
0.3910000000000012 0.0000000000050226
0.3920000000000012 0.0000000000043675
0.3930000000000012 0.0000000000103234
0.3940000000000012 0.0000000000059875
0.3950000000000012 0.0000000000057933
0.3960000000000012 0.0000000000133872
0.3970000000000012 0.0000000000075685
0.3980000000000012 0.0000000000075990
0.3990000000000012 0.0000000000168363
0.4000000000000012 0.0000000000088924
0.4010000000000012 0.0000000000099776
0.4020000000000012 0.0000000000199081
0.4030000000000012 0.0000000000073119
0.4040000000000012 0.0000000000187810
0.4050000000000012 0.0000000000325319
0.4060000000000012 0.0000000000162191
0.4070000000000012 0.0000000000198573
0.4080000000000012 0.0000000000441805
0.4090000000000012 0.0000000000332783
0.4100000000000012 0.0000000000046498
0.4110000000000012 0.0000000000361521
0.4120000000000012 0.0000000000340235
0.4130000000000012 0.0000000000031457
0.4140000000000012 0.0000000000252145
0.4150000000000012 0.0000000000248817
0.4160000000000012 0.0000000000000238
0.4170000000000012 0.0000000000212357
0.4180000000000012 0.0000000000172902
0.4190000000000012 0.0000000000048658
0.4200000000000012 0.0000000000189404
0.4210000000000012 0.0000000000091565
0.4220000000000012 0.0000000000123305
0.4230000000000012 0.0000000000195705
0.4240000000000012 0.0000000000028051
0.4250000000000012 0.0000000000194206
0.4260000000000012 0.0000000000205337
0.4270000000000012 0.0000000000030933
0.4280000000000012 0.0000000000255367
0.4290000000000012 0.0000000000186264
0.4300000000000012 0.0000000000151889
0.4310000000000012 0.0000000000413500
0.4320000000000012 0.0000000000278714
0.4330000000000012 0.0000000000188508
0.4340000000000012 0.0000000000562574
0.4350000000000012 0.0000000000466636
0.4360000000000012 0.0000000000037209
0.4370000000000012 0.0000000000488222
0.4380000000000012 0.0000000000474549
0.4390000000000012 0.0000000000039370
0.4400000000000012 0.0000000000369916
0.4410000000000012 0.0000000000358035
0.4420000000000012 0.0000000000025432
0.4430000000000012 0.0000000000357119
0.4440000000000012 0.0000000000290638
0.4450000000000012 0.0000000000088406
0.4460000000000012 0.0000000000368450
0.4470000000000012 0.0000000000254844
0.4480000000000012 0.0000000000123419
0.4490000000000012 0.0000000000360858
0.4500000000000012 0.0000000000209237
0.4510000000000012 0.0000000000165158
0.4520000000000012 0.0000000000364596
0.4530000000000012 0.0000000000177902
0.4540000000000012 0.0000000000208619
0.4550000000000012 0.0000000000414488
0.4560000000000012 0.0000000000251558
0.4570000000000012 0.0000000000109750
0.4580000000000012 0.0000000000341257
0.4590000000000012 0.0000000000284855
0.4600000000000012 0.0000000000065230
0.4610000000000012 0.0000000000091214
0.4620000000000012 0.0000000000096552
0.4630000000000012 0.0000000000042089
0.4640000000000012 0.0000000000038356
0.4650000000000012 0.0000000000074982
0.4660000000000012 0.0000000000062258
0.4670000000000012 0.0000000000024505
0.4680000000000012 0.0000000000097300
0.4690000000000012 0.0000000000067025
0.4700000000000013 0.0000000000034189
0.4710000000000013 0.0000000000085051
0.4720000000000013 0.0000000000027550
0.4730000000000013 0.0000000000055957
0.4740000000000013 0.0000000000048944
0.4750000000000013 0.0000000000038936
0.4760000000000013 0.0000000000072202
0.4770000000000013 0.0000000000027950
0.4780000000000013 0.0000000000145225
0.4790000000000013 0.0000000000080259
0.4800000000000013 0.0000000000182085
0.4810000000000013 0.0000000000377892
0.4820000000000013 0.0000000000217225
0.4830000000000013 0.0000000000251328
0.4840000000000013 0.0000000000597472
0.4850000000000013 0.0000000000416794
0.4860000000000013 0.0000000000200854
0.4870000000000013 0.0000000000677164
0.4880000000000013 0.0000000000499937
0.4890000000000013 0.0000000000214522
0.4900000000000013 0.0000000000773646
0.4910000000000013 0.0000000000588054
0.4920000000000013 0.0000000000198371
0.4930000000000013 0.0000000000810967
0.4940000000000013 0.0000000000621228
0.4950000000000013 0.0000000000190384
0.4960000000000013 0.0000000000795350
0.4970000000000013 0.0000000000563830
0.4980000000000013 0.0000000000275436
0.4990000000000013 0.0000000000861186
0.5000000000000012 0.0000000000587815
0.5010000000000012 0.0000000000269420
0.5020000000000012 0.0000000000845300
0.5030000000000012 0.0000000000581344
0.5040000000000012 0.0000000000213971
0.5050000000000012 0.0000000000715519
0.5060000000000012 0.0000000000450182
0.5070000000000012 0.0000000000239158
0.5080000000000012 0.0000000000600439
0.5090000000000012 0.0000000000283055
0.5100000000000012 0.0000000000319555
0.5110000000000012 0.0000000000533250
0.5120000000000012 0.0000000000140497
0.5130000000000012 0.0000000000406742
0.5140000000000012 0.0000000000501825
0.5150000000000012 0.0000000000043989
0.5160000000000012 0.0000000000467417
0.5170000000000012 0.0000000000483151
0.5180000000000012 0.0000000000010923
0.5190000000000012 0.0000000000493465
0.5200000000000012 0.0000000000467022
0.5210000000000012 0.0000000000031883
0.5220000000000012 0.0000000000495559
0.5230000000000012 0.0000000000480873
0.5240000000000012 0.0000000000040535
0.5250000000000012 0.0000000000375290
0.5260000000000012 0.0000000000398149
0.5270000000000012 0.0000000000082676
0.5280000000000012 0.0000000000213141
0.5290000000000012 0.0000000000227885
0.5300000000000012 0.0000000000033148
0.5310000000000012 0.0000000000112120
0.5320000000000012 0.0000000000079964
0.5330000000000013 0.0000000000005190
0.5340000000000013 0.0000000000041851
0.5350000000000013 0.0000000000208161
0.5360000000000013 0.0000000000270541
0.5370000000000013 0.0000000000055550
0.5380000000000013 0.0000000000321284
0.5390000000000013 0.0000000000523596
0.5400000000000013 0.0000000000326190
0.5410000000000013 0.0000000000131798
0.5420000000000013 0.0000000000454112
0.5430000000000013 0.0000000000365823
0.5440000000000013 0.0000000000018711
0.5450000000000013 0.0000000000317057
0.5460000000000013 0.0000000000265741
0.5470000000000013 0.0000000000028831
0.5480000000000013 0.0000000000231181
0.5490000000000013 0.0000000000145339
0.5500000000000013 0.0000000000092023
0.5510000000000013 0.0000000000193606
0.5520000000000013 0.0000000000057768
0.5530000000000013 0.0000000000127489
0.5540000000000013 0.0000000000123032
0.5550000000000013 0.0000000000069847
0.5560000000000013 0.0000000000212165
0.5570000000000013 0.0000000000118313
0.5580000000000013 0.0000000000117184
0.5590000000000013 0.0000000000233301
0.5600000000000013 0.0000000000119081
0.5610000000000013 0.0000000000055401
0.5620000000000013 0.0000000000058362
0.5630000000000013 0.0000000000103825
0.5640000000000013 0.0000000000185414
0.5650000000000013 0.0000000000014012
0.5660000000000013 0.0000000000266244
0.5670000000000013 0.0000000000337420
0.5680000000000013 0.0000000000083641
0.5690000000000013 0.0000000000252353
0.5700000000000013 0.0000000000333017
0.5710000000000013 0.0000000000103506
0.5720000000000013 0.0000000000164780
0.5730000000000013 0.0000000000206274
0.5740000000000013 0.0000000000056881
0.5750000000000013 0.0000000000038447
0.5760000000000013 0.0000000000036383
0.5770000000000013 0.0000000000128746
0.5780000000000013 0.0000000000047754
0.5790000000000013 0.0000000000152047
0.5800000000000013 0.0000000000221524
0.5810000000000013 0.0000000000046796
0.5820000000000013 0.0000000000177222
0.5830000000000013 0.0000000000175265
0.5840000000000013 0.0000000000057322
0.5850000000000013 0.0000000000236425
0.5860000000000013 0.0000000000140937
0.5870000000000013 0.0000000000108763
0.5880000000000013 0.0000000000203347
0.5890000000000013 0.0000000000034061
0.5900000000000013 0.0000000000179444
0.5910000000000013 0.0000000000179652
0.5920000000000013 0.0000000000006340
0.5930000000000013 0.0000000000130291
0.5940000000000013 0.0000000000070598
0.5950000000000013 0.0000000000014345
0.5960000000000013 0.0000000000065659
0.5970000000000013 0.0000000000231956
0.5980000000000013 0.0000000000216783
0.5990000000000013 0.0000000000061260
0.6000000000000013 0.0000000000336338
0.6010000000000013 0.0000000000299213
0.6020000000000013 0.0000000000007254
0.6030000000000013 0.0000000000224876
0.6040000000000013 0.0000000000122720
0.6050000000000013 0.0000000000119637
0.6060000000000013 0.0000000000157316
0.6070000000000013 0.0000000000065654
0.6080000000000013 0.0000000000247237
0.6090000000000013 0.0000000000129591
0.6100000000000013 0.0000000000160918
0.6110000000000013 0.0000000000279656
0.6120000000000013 0.0000000000105989
0.6130000000000013 0.0000000000122627
0.6140000000000013 0.0000000000141644
0.6150000000000013 0.0000000000006317
0.6160000000000013 0.0000000000072655
0.6170000000000013 0.0000000000031838
0.6180000000000013 0.0000000000126185
0.6190000000000013 0.0000000000041881
0.6200000000000013 0.0000000000119994
0.6210000000000013 0.0000000000128608
0.6220000000000013 0.0000000000042372
0.6230000000000013 0.0000000000168601
0.6240000000000013 0.0000000000087585
0.6250000000000013 0.0000000000074771
0.6260000000000013 0.0000000000088820
0.6270000000000013 0.0000000000046610
0.6280000000000013 0.0000000000103890
0.6290000000000013 0.0000000000036372
0.6300000000000013 0.0000000000196758
0.6310000000000013 0.0000000000145890
0.6320000000000013 0.0000000000064782
0.6330000000000013 0.0000000000157822
0.6340000000000013 0.0000000000015713
0.6350000000000013 0.0000000000146261
0.6360000000000013 0.0000000000074756
0.6370000000000013 0.0000000000164605
0.6380000000000013 0.0000000000269780
0.6390000000000013 0.0000000000111803
0.6400000000000013 0.0000000000100757
0.6410000000000013 0.0000000000125145
0.6420000000000013 0.0000000000016094
0.6430000000000013 0.0000000000015057
0.6440000000000013 0.0000000000168575
0.6450000000000014 0.0000000000240069
0.6460000000000014 0.0000000000055278
0.6470000000000014 0.0000000000213074
0.6480000000000014 0.0000000000246732
0.6490000000000014 0.0000000000009578
0.6500000000000014 0.0000000000189947
0.6510000000000014 0.0000000000098515
0.6520000000000014 0.0000000000155255
0.6530000000000014 0.0000000000238063
0.6540000000000014 0.0000000000045201
0.6550000000000014 0.0000000000179236
0.6560000000000014 0.0000000000164567
0.6570000000000014 0.0000000000058989
0.6580000000000014 0.0000000000221699
0.6590000000000014 0.0000000000140460
0.6600000000000014 0.0000000000096981
0.6610000000000014 0.0000000000256146
0.6620000000000014 0.0000000000196112
0.6630000000000014 0.0000000000018335
0.6640000000000014 0.0000000000189688
0.6650000000000014 0.0000000000158822
0.6660000000000014 0.0000000000048554
0.6670000000000014 0.0000000000224218
0.6680000000000014 0.0000000000170493
0.6690000000000014 0.0000000000077388
0.6700000000000014 0.0000000000264053
0.6710000000000014 0.0000000000194237
0.6720000000000014 0.0000000000038782
0.6730000000000014 0.0000000000172213
0.6740000000000014 0.0000000000095870
0.6750000000000014 0.0000000000041448
0.6760000000000014 0.0000000000062699
0.6770000000000014 0.0000000000009406
0.6780000000000014 0.0000000000031791
0.6790000000000014 0.0000000000029577
0.6800000000000014 0.0000000000069886
0.6810000000000014 0.0000000000025769
0.6820000000000014 0.0000000000038430
0.6830000000000014 0.0000000000054197
0.6840000000000014 0.0000000000050002
0.6850000000000014 0.0000000000064971
0.6860000000000014 0.0000000000051509
0.6870000000000014 0.0000000000039095
0.6880000000000014 0.0000000000132170
0.6890000000000014 0.0000000000107413
0.6900000000000014 0.0000000000019206
0.6910000000000014 0.0000000000108465
0.6920000000000014 0.0000000000095061
0.6930000000000014 0.0000000000047617
0.6940000000000014 0.0000000000008082
0.6950000000000014 0.0000000000080471
0.6960000000000014 0.0000000000207471
0.6970000000000014 0.0000000000208238
0.6980000000000014 0.0000000000003394
0.6990000000000014 0.0000000000226280
0.7000000000000014 0.0000000000202560
0.7010000000000014 0.0000000000004614
0.7020000000000014 0.0000000000053413
0.7030000000000014 0.0000000000094738
0.7040000000000014 0.0000000000148379
0.7050000000000014 0.0000000000071083
0.7060000000000014 0.0000000000292107
0.7070000000000014 0.0000000000193774
0.7080000000000014 0.0000000000084430
0.7090000000000014 0.0000000000166306
0.7100000000000014 0.0000000000037117
0.7110000000000014 0.0000000000008140
0.7120000000000014 0.0000000000113710
0.7130000000000014 0.0000000000028955
0.7140000000000014 0.0000000000277319
0.7150000000000014 0.0000000000318048
0.7160000000000014 0.0000000000145337
0.7170000000000014 0.0000000000553626
0.7180000000000014 0.0000000000292709
0.7190000000000014 0.0000000000315250
0.7200000000000014 0.0000000000426972
0.7210000000000014 0.0000000000038163
0.7220000000000014 0.0000000000294770
0.7230000000000014 0.0000000000027182
0.7240000000000014 0.0000000000313439
0.7250000000000014 0.0000000000051800
0.7260000000000014 0.0000000000283175
0.7270000000000014 0.0000000000082306
0.7280000000000014 0.0000000000285366
0.7290000000000014 0.0000000000094851
0.7300000000000014 0.0000000000403207
0.7310000000000014 0.0000000000324786
0.7320000000000014 0.0000000000306830
0.7330000000000014 0.0000000000507128
0.7340000000000014 0.0000000000026563
0.7350000000000014 0.0000000000388051
0.7360000000000014 0.0000000000027067
0.7370000000000014 0.0000000000305072
0.7380000000000014 0.0000000000066001
0.7390000000000014 0.0000000000465464
0.7400000000000014 0.0000000000055194
0.7410000000000014 0.0000000000565695
0.7420000000000014 0.0000000000303338
0.7430000000000014 0.0000000000471033
0.7440000000000014 0.0000000000465601
0.7450000000000014 0.0000000000298346
0.7460000000000014 0.0000000000502641
0.7470000000000014 0.0000000000147429
0.7480000000000014 0.0000000000415608
0.7490000000000014 0.0000000000200548
0.7500000000000014 0.0000000000509294
0.7510000000000014 0.0000000000204329
0.7520000000000014 0.0000000000761524
0.7530000000000014 0.0000000000107936
0.7540000000000014 0.0000000000752942
0.7550000000000014 0.0000000000428600
0.7560000000000014 0.0000000000482778
0.7570000000000014 0.0000000000492003
0.7580000000000015 0.0000000000224892
0.7590000000000015 0.0000000000329583
0.7600000000000015 0.0000000000234847
0.7610000000000015 0.0000000000328180
0.7620000000000015 0.0000000000182246
0.7630000000000015 0.0000000000299830
0.7640000000000015 0.0000000000118632
0.7650000000000015 0.0000000000176607
0.7660000000000015 0.0000000000239484
0.7670000000000015 0.0000000000288310
0.7680000000000015 0.0000000000109112
0.7690000000000015 0.0000000000171216
0.7700000000000015 0.0000000000090473
0.7710000000000015 0.0000000000062290
0.7720000000000015 0.0000000000401831
0.7730000000000015 0.0000000000042915
0.7740000000000015 0.0000000000610861
0.7750000000000015 0.0000000000324212
0.7760000000000015 0.0000000000593575
0.7770000000000015 0.0000000000613458
0.7780000000000015 0.0000000000287468
0.7790000000000015 0.0000000000588368
0.7800000000000015 0.0000000000011859
0.7810000000000015 0.0000000000250974
0.7820000000000015 0.0000000000155395
0.7830000000000015 0.0000000000139101
0.7840000000000015 0.0000000000398044
0.7850000000000015 0.0000000000371178
0.7860000000000015 0.0000000000254341
0.7870000000000015 0.0000000000398356
0.7880000000000015 0.0000000000002532
0.7890000000000015 0.0000000000069827
0.7900000000000015 0.0000000000123046
0.7910000000000015 0.0000000000077146
0.7920000000000015 0.0000000000282427
0.7930000000000015 0.0000000000076362
0.7940000000000015 0.0000000000292912
0.7950000000000015 0.0000000000211997
0.7960000000000015 0.0000000000485251
0.7970000000000015 0.0000000000102673
0.7980000000000015 0.0000000000500581
0.7990000000000015 0.0000000000119671
0.8000000000000015 0.0000000000044456
0.8010000000000015 0.0000000000239189
0.8020000000000015 0.0000000000129063
0.8030000000000015 0.0000000000846190
0.8040000000000015 0.0000000000341014
0.8050000000000015 0.0000000000835744
0.8060000000000015 0.0000000000640964
0.8070000000000015 0.0000000000452409
0.8080000000000015 0.0000000000334985
0.8090000000000015 0.0000000000485539
0.8100000000000015 0.0000000000062451
0.8110000000000015 0.0000000000806483
0.8120000000000015 0.0000000000225449
0.8130000000000015 0.0000000000789533
0.8140000000000015 0.0000000000390546
0.8150000000000015 0.0000000000414995
0.8160000000000015 0.0000000000107008
0.8170000000000015 0.0000000000293904
0.8180000000000015 0.0000000000219650
0.8190000000000015 0.0000000000443691
0.8200000000000015 0.0000000000246287
0.8210000000000015 0.0000000000479689
0.8220000000000015 0.0000000000230779
0.8230000000000015 0.0000000000594849
0.8240000000000015 0.0000000000093821
0.8250000000000015 0.0000000000427260
0.8260000000000015 0.0000000000454100
0.8270000000000015 0.0000000000130613
0.8280000000000015 0.0000000000261213
0.8290000000000015 0.0000000000306923
0.8300000000000015 0.0000000000004556
0.8310000000000015 0.0000000000088728
0.8320000000000015 0.0000000000069449
0.8330000000000015 0.0000000000089833
0.8340000000000015 0.0000000000306603
0.8350000000000015 0.0000000000005335
0.8360000000000015 0.0000000000361179
0.8370000000000015 0.0000000000240867
0.8380000000000015 0.0000000000052369
0.8390000000000015 0.0000000000227897
0.8400000000000015 0.0000000000205382
0.8410000000000015 0.0000000000165714
0.8420000000000015 0.0000000000303837
0.8430000000000015 0.0000000000302766
0.8440000000000015 0.0000000000517446
0.8450000000000015 0.0000000000311278
0.8460000000000015 0.0000000000608179
0.8470000000000015 0.0000000000153095
0.8480000000000015 0.0000000000380935
0.8490000000000015 0.0000000000004443
0.8500000000000015 0.0000000000069970
0.8510000000000015 0.0000000000069423
0.8520000000000015 0.0000000000515810
0.8530000000000015 0.0000000000035587
0.8540000000000015 0.0000000000715572
0.8550000000000015 0.0000000000058554
0.8560000000000015 0.0000000000498477
0.8570000000000015 0.0000000000113902
0.8580000000000015 0.0000000000134932
0.8590000000000015 0.0000000000166835
0.8600000000000015 0.0000000000490210
0.8610000000000015 0.0000000000385302
0.8620000000000015 0.0000000000276358
0.8630000000000015 0.0000000000080451
0.8640000000000015 0.0000000000045404
0.8650000000000015 0.0000000000322400
0.8660000000000015 0.0000000000303063
0.8670000000000015 0.0000000000370911
0.8680000000000015 0.0000000000442333
0.8690000000000015 0.0000000000010405
0.8700000000000015 0.0000000000287702
0.8710000000000016 0.0000000000553565
0.8720000000000016 0.0000000000107637
0.8730000000000016 0.0000000000744386
0.8740000000000016 0.0000000000641563
0.8750000000000016 0.0000000000237063
0.8760000000000016 0.0000000001163862
0.8770000000000016 0.0000000000380250
0.8780000000000016 0.0000000001021916
0.8790000000000016 0.0000000000586419
0.8800000000000016 0.0000000000156365
0.8810000000000016 0.0000000000180955
0.8820000000000016 0.0000000000631745
0.8830000000000016 0.0000000000583265
0.8840000000000016 0.0000000000483619
0.8850000000000016 0.0000000001096967
0.8860000000000016 0.0000000000444174
0.8870000000000016 0.0000000000900292
0.8880000000000016 0.0000000000834843
0.8890000000000016 0.0000000000089574
0.8900000000000016 0.0000000000319128
0.8910000000000016 0.0000000000569690
0.8920000000000016 0.0000000000361863
0.8930000000000016 0.0000000000446139
0.8940000000000016 0.0000000000357804
0.8950000000000016 0.0000000001452121
0.8960000000000016 0.0000000000678642
0.8970000000000016 0.0000000000615750
0.8980000000000016 0.0000000001571051
0.8990000000000016 0.0000000001174132
0.9000000000000016 0.0000000000668691
0.9010000000000016 0.0000000001330741
0.9020000000000016 0.0000000001218932
0.9030000000000016 0.0000000000543920
0.9040000000000016 0.0000000001313749
0.9050000000000016 0.0000000001654550
0.9060000000000016 0.0000000000657542
0.9070000000000016 0.0000000000168818
0.9080000000000016 0.0000000001552389
0.9090000000000016 0.0000000001721671
0.9100000000000016 0.0000000000118158
0.9110000000000016 0.0000000001428951
0.9120000000000016 0.0000000000945886
0.9130000000000016 0.0000000000004000
0.9140000000000016 0.0000000000567824
0.9150000000000016 0.0000000000398958
0.9160000000000016 0.0000000000238863
0.9170000000000016 0.0000000000108527
0.9180000000000016 0.0000000000343910
0.9190000000000016 0.0000000000407145
0.9200000000000016 0.0000000000597202
0.9210000000000016 0.0000000001235128
0.9220000000000016 0.0000000001374806
0.9230000000000016 0.0000000000209812
0.9240000000000016 0.0000000001804396
0.9250000000000016 0.0000000002575076
0.9260000000000016 0.0000000001517743
0.9270000000000016 0.0000000000559499
0.9280000000000016 0.0000000001371580
0.9290000000000016 0.0000000001284052
0.9300000000000016 0.0000000001604502
0.9310000000000016 0.0000000000930631
0.9320000000000016 0.0000000000343853
0.9330000000000016 0.0000000001276151
0.9340000000000016 0.0000000001325664
0.9350000000000016 0.0000000000106263
0.9360000000000016 0.0000000001306715
0.9370000000000016 0.0000000001264416
0.9380000000000016 0.0000000001085190
0.9390000000000016 0.0000000000462239
0.9400000000000016 0.0000000001157716
0.9410000000000016 0.0000000002449161
0.9420000000000016 0.0000000002301769
0.9430000000000016 0.0000000000974810
0.9440000000000016 0.0000000000038108
0.9450000000000016 0.0000000000257400
0.9460000000000016 0.0000000000215395
0.9470000000000016 0.0000000000647246
0.9480000000000016 0.0000000000230846
0.9490000000000016 0.0000000001155026
0.9500000000000016 0.0000000001060877
0.9510000000000016 0.0000000000048310
0.9520000000000016 0.0000000000889554
0.9530000000000016 0.0000000003047652
0.9540000000000016 0.0000000003060220
0.9550000000000016 0.0000000001495464
0.9560000000000016 0.0000000001146856
0.9570000000000016 0.0000000001237204
0.9580000000000016 0.0000000000000825
0.9590000000000016 0.0000000000866233
0.9600000000000016 0.0000000000920198
0.9610000000000016 0.0000000001212443
0.9620000000000016 0.0000000000231168
0.9630000000000016 0.0000000001449281
0.9640000000000016 0.0000000002254053
0.9650000000000016 0.0000000003146826
0.9660000000000016 0.0000000003712033
0.9670000000000016 0.0000000003605254
0.9680000000000016 0.0000000003484526
0.9690000000000016 0.0000000002456654
0.9700000000000016 0.0000000000701958
0.9710000000000016 0.0000000000031224
0.9720000000000016 0.0000000000462339
0.9730000000000016 0.0000000000567875
0.9740000000000016 0.0000000001191351
0.9750000000000016 0.0000000003374460
0.9760000000000016 0.0000000001937382
0.9770000000000016 0.0000000003219927
0.9780000000000016 0.0000000005043167
0.9790000000000016 0.0000000000410262
0.9800000000000016 0.0000000001771412
0.9810000000000016 0.0000000000296362
0.9820000000000016 0.0000000004941157
0.9830000000000017 0.0000000005176782
0.9840000000000017 0.0000000003725571
0.9850000000000017 0.0000000005136037
0.9860000000000017 0.0000000000042194
0.9870000000000017 0.0000000001419257
0.9880000000000017 0.0000000002893920
0.9890000000000017 0.0000000001471349
0.9900000000000017 0.0000000009904546
0.9910000000000017 0.0000000005206225
0.9920000000000017 0.0000000006924397
0.9930000000000017 0.0000000002761221
0.9940000000000017 0.0000000003624711
0.9950000000000017 0.0000000011043634
0.9960000000000017 0.0000000020432968
0.9970000000000017 0.0000000010237132
0.9980000000000017 0.0000000008467770
0.9990000000000017 0.0000000007110880
