-1.0000000000000000 0.0000000000238819
-0.9990000000000000 0.0000000000210495
-0.9980000000000000 0.0000000000183302
-0.9970000000000000 0.0000000000157210
-0.9960000000000000 0.0000000000132194
-0.9950000000000000 0.0000000000108229
-0.9940000000000000 0.0000000000085290
-0.9930000000000000 0.0000000000063352
-0.9920000000000000 0.0000000000042389
-0.9910000000000000 0.0000000000022380
-0.9900000000000000 0.0000000000003298
-0.9890000000000000 0.0000000000014877
-0.9880000000000000 0.0000000000032166
-0.9870000000000000 0.0000000000048596
-0.9860000000000000 0.0000000000064189
-0.9850000000000000 0.0000000000078964
-0.9840000000000000 0.0000000000092942
-0.9830000000000000 0.0000000000106145
-0.9820000000000000 0.0000000000118595
-0.9810000000000000 0.0000000000130310
-0.9800000000000000 0.0000000000141309
-0.9790000000000000 0.0000000000151613
-0.9780000000000000 0.0000000000161243
-0.9770000000000000 0.0000000000170215
-0.9760000000000000 0.0000000000178548
-0.9750000000000000 0.0000000000186261
-0.9740000000000000 0.0000000000193372
-0.9730000000000000 0.0000000000199897
-0.9720000000000000 0.0000000000205855
-0.9710000000000000 0.0000000000211263
-0.9700000000000000 0.0000000000216135
-0.9690000000000000 0.0000000000220489
-0.9680000000000000 0.0000000000224342
-0.9670000000000000 0.0000000000227707
-0.9660000000000000 0.0000000000230602
-0.9650000000000000 0.0000000000233041
-0.9640000000000000 0.0000000000235039
-0.9630000000000000 0.0000000000236611
-0.9620000000000000 0.0000000000237771
-0.9610000000000000 0.0000000000238531
-0.9600000000000000 0.0000000000238910
-0.9590000000000000 0.0000000000238914
-0.9580000000000000 0.0000000000238563
-0.9570000000000000 0.0000000000237865
-0.9560000000000000 0.0000000000236837
-0.9550000000000000 0.0000000000235487
-0.9540000000000000 0.0000000000233831
-0.9530000000000000 0.0000000000231879
-0.9520000000000000 0.0000000000229643
-0.9510000000000000 0.0000000000227134
-0.9500000000000000 0.0000000000224365
-0.9490000000000000 0.0000000000221345
-0.9480000000000000 0.0000000000218084
-0.9470000000000000 0.0000000000214595
-0.9460000000000000 0.0000000000210889
-0.9450000000000000 0.0000000000206973
-0.9440000000000000 0.0000000000202859
-0.9429999999999999 0.0000000000198555
-0.9419999999999999 0.0000000000194073
-0.9409999999999999 0.0000000000189418
-0.9399999999999999 0.0000000000184603
-0.9389999999999999 0.0000000000179635
-0.9379999999999999 0.0000000000174524
-0.9369999999999999 0.0000000000169278
-0.9359999999999999 0.0000000000163902
-0.9349999999999999 0.0000000000158409
-0.9339999999999999 0.0000000000152806
-0.9329999999999999 0.0000000000147098
-0.9319999999999999 0.0000000000141294
-0.9309999999999999 0.0000000000135401
-0.9299999999999999 0.0000000000129425
-0.9289999999999999 0.0000000000123377
-0.9279999999999999 0.0000000000117260
-0.9269999999999999 0.0000000000111082
-0.9259999999999999 0.0000000000104848
-0.9249999999999999 0.0000000000098567
-0.9239999999999999 0.0000000000092243
-0.9229999999999999 0.0000000000085882
-0.9219999999999999 0.0000000000079491
-0.9209999999999999 0.0000000000073076
-0.9199999999999999 0.0000000000066640
-0.9189999999999999 0.0000000000060191
-0.9179999999999999 0.0000000000053730
-0.9169999999999999 0.0000000000047270
-0.9159999999999999 0.0000000000040808
-0.9149999999999999 0.0000000000034354
-0.9139999999999999 0.0000000000027910
-0.9129999999999999 0.0000000000021479
-0.9119999999999999 0.0000000000015070
-0.9109999999999999 0.0000000000008683
-0.9099999999999999 0.0000000000002325
-0.9089999999999999 0.0000000000004002
-0.9079999999999999 0.0000000000010294
-0.9069999999999999 0.0000000000016546
-0.9059999999999999 0.0000000000022754
-0.9049999999999999 0.0000000000028917
-0.9039999999999999 0.0000000000035029
-0.9029999999999999 0.0000000000041088
-0.9019999999999999 0.0000000000047090
-0.9009999999999999 0.0000000000053033
-0.8999999999999999 0.0000000000058915
-0.8989999999999999 0.0000000000064730
-0.8979999999999999 0.0000000000070479
-0.8969999999999999 0.0000000000076158
-0.8959999999999999 0.0000000000081763
-0.8949999999999999 0.0000000000087294
-0.8939999999999999 0.0000000000092745
-0.8929999999999999 0.0000000000098118
-0.8919999999999999 0.0000000000103408
-0.8909999999999999 0.0000000000108614
-0.8899999999999999 0.0000000000113733
-0.8889999999999999 0.0000000000118768
-0.8879999999999999 0.0000000000123710
-0.8869999999999999 0.0000000000128562
-0.8859999999999999 0.0000000000133320
-0.8849999999999999 0.0000000000137985
-0.8839999999999999 0.0000000000142554
-0.8829999999999999 0.0000000000147027
-0.8819999999999999 0.0000000000151400
-0.8809999999999999 0.0000000000155674
-0.8799999999999999 0.0000000000159848
-0.8789999999999999 0.0000000000163920
-0.8779999999999999 0.0000000000167887
-0.8769999999999999 0.0000000000171752
-0.8759999999999999 0.0000000000175514
-0.8749999999999999 0.0000000000179169
-0.8739999999999999 0.0000000000182719
-0.8729999999999999 0.0000000000186162
-0.8719999999999999 0.0000000000189498
-0.8709999999999999 0.0000000000192727
-0.8699999999999999 0.0000000000195849
-0.8689999999999999 0.0000000000198861
-0.8679999999999999 0.0000000000201763
-0.8669999999999999 0.0000000000204560
-0.8659999999999999 0.0000000000207244
-0.8649999999999999 0.0000000000209820
-0.8639999999999999 0.0000000000212288
-0.8629999999999999 0.0000000000214645
-0.8619999999999999 0.0000000000216892
-0.8609999999999999 0.0000000000219031
-0.8599999999999999 0.0000000000221060
-0.8589999999999999 0.0000000000222978
-0.8579999999999999 0.0000000000224790
-0.8569999999999999 0.0000000000226492
-0.8559999999999999 0.0000000000228086
-0.8549999999999999 0.0000000000229572
-0.8539999999999999 0.0000000000230951
-0.8529999999999999 0.0000000000232220
-0.8519999999999999 0.0000000000233383
-0.8509999999999999 0.0000000000234441
-0.8499999999999999 0.0000000000235392
-0.8489999999999999 0.0000000000236237
-0.8479999999999999 0.0000000000236976
-0.8469999999999999 0.0000000000237614
-0.8459999999999999 0.0000000000238147
-0.8449999999999999 0.0000000000238579
-0.8439999999999999 0.0000000000238907
-0.8429999999999999 0.0000000000239134
-0.8419999999999999 0.0000000000239262
-0.8409999999999999 0.0000000000239289
-0.8399999999999999 0.0000000000239216
-0.8389999999999999 0.0000000000239047
-0.8379999999999999 0.0000000000238779
-0.8369999999999999 0.0000000000238415
-0.8359999999999999 0.0000000000237959
-0.8349999999999999 0.0000000000237406
-0.8339999999999999 0.0000000000236760
-0.8329999999999999 0.0000000000236021
-0.8319999999999999 0.0000000000235193
-0.8309999999999998 0.0000000000234274
-0.8299999999999998 0.0000000000233265
-0.8289999999999998 0.0000000000232170
-0.8279999999999998 0.0000000000230987
-0.8269999999999998 0.0000000000229718
-0.8259999999999998 0.0000000000228365
-0.8249999999999998 0.0000000000226927
-0.8239999999999998 0.0000000000225410
-0.8229999999999998 0.0000000000223809
-0.8219999999999998 0.0000000000222130
-0.8209999999999998 0.0000000000220373
-0.8199999999999998 0.0000000000218536
-0.8189999999999998 0.0000000000216626
-0.8179999999999998 0.0000000000214638
-0.8169999999999998 0.0000000000212579
-0.8159999999999998 0.0000000000210447
-0.8149999999999998 0.0000000000208243
-0.8139999999999998 0.0000000000205972
-0.8129999999999998 0.0000000000203630
-0.8119999999999998 0.0000000000201222
-0.8109999999999998 0.0000000000198749
-0.8099999999999998 0.0000000000196211
-0.8089999999999998 0.0000000000193610
-0.8079999999999998 0.0000000000190947
-0.8069999999999998 0.0000000000188225
-0.8059999999999998 0.0000000000185442
-0.8049999999999998 0.0000000000182603
-0.8039999999999998 0.0000000000179706
-0.8029999999999998 0.0000000000176756
-0.8019999999999998 0.0000000000173751
-0.8009999999999998 0.0000000000170695
-0.7999999999999998 0.0000000000167585
-0.7989999999999998 0.0000000000164430
-0.7979999999999998 0.0000000000161225
-0.7969999999999998 0.0000000000157974
-0.7959999999999998 0.0000000000154676
-0.7949999999999998 0.0000000000151336
-0.7939999999999998 0.0000000000147953
-0.7929999999999998 0.0000000000144528
-0.7919999999999998 0.0000000000141063
-0.7909999999999998 0.0000000000137560
-0.7899999999999998 0.0000000000134019
-0.7889999999999998 0.0000000000130445
-0.7879999999999998 0.0000000000126834
-0.7869999999999998 0.0000000000123190
-0.7859999999999998 0.0000000000119517
-0.7849999999999998 0.0000000000115812
-0.7839999999999998 0.0000000000112078
-0.7829999999999998 0.0000000000108316
-0.7819999999999998 0.0000000000104527
-0.7809999999999998 0.0000000000100713
-0.7799999999999998 0.0000000000096878
-0.7789999999999998 0.0000000000093018
-0.7779999999999998 0.0000000000089139
-0.7769999999999998 0.0000000000085238
-0.7759999999999998 0.0000000000081322
-0.7749999999999998 0.0000000000077385
-0.7739999999999998 0.0000000000073433
-0.7729999999999998 0.0000000000069468
-0.7719999999999998 0.0000000000065489
-0.7709999999999998 0.0000000000061497
-0.7699999999999998 0.0000000000057495
-0.7689999999999998 0.0000000000053484
-0.7679999999999998 0.0000000000049464
-0.7669999999999998 0.0000000000045437
-0.7659999999999998 0.0000000000041402
-0.7649999999999998 0.0000000000037367
-0.7639999999999998 0.0000000000033324
-0.7629999999999998 0.0000000000029281
-0.7619999999999998 0.0000000000025236
-0.7609999999999998 0.0000000000021190
-0.7599999999999998 0.0000000000017147
-0.7589999999999998 0.0000000000013106
-0.7579999999999998 0.0000000000009067
-0.7569999999999998 0.0000000000005034
-0.7559999999999998 0.0000000000001006
-0.7549999999999998 0.0000000000003015
-0.7539999999999998 0.0000000000007028
-0.7529999999999998 0.0000000000011033
-0.7519999999999998 0.0000000000015027
-0.7509999999999998 0.0000000000019010
-0.7499999999999998 0.0000000000022983
-0.7489999999999998 0.0000000000026942
-0.7479999999999998 0.0000000000030884
-0.7469999999999998 0.0000000000034813
-0.7459999999999998 0.0000000000038727
-0.7449999999999998 0.0000000000042624
-0.7439999999999998 0.0000000000046501
-0.7429999999999998 0.0000000000050360
-0.7419999999999998 0.0000000000054198
-0.7409999999999998 0.0000000000058018
-0.7399999999999998 0.0000000000061815
-0.7389999999999998 0.0000000000065589
-0.7379999999999998 0.0000000000069338
-0.7369999999999998 0.0000000000073064
-0.7359999999999998 0.0000000000076765
-0.7349999999999998 0.0000000000080440
-0.7339999999999998 0.0000000000084087
-0.7329999999999998 0.0000000000087707
-0.7319999999999998 0.0000000000091298
-0.7309999999999998 0.0000000000094861
-0.7299999999999998 0.0000000000098392
-0.7289999999999998 0.0000000000101893
-0.7279999999999998 0.0000000000105362
-0.7269999999999998 0.0000000000108800
-0.7259999999999998 0.0000000000112201
-0.7249999999999998 0.0000000000115571
-0.7239999999999998 0.0000000000118907
-0.7229999999999998 0.0000000000122207
-0.7219999999999998 0.0000000000125472
-0.7209999999999998 0.0000000000128699
-0.7199999999999998 0.0000000000131890
-0.7189999999999998 0.0000000000135041
-0.7179999999999997 0.0000000000138155
-0.7169999999999997 0.0000000000141230
-0.7159999999999997 0.0000000000144267
-0.7149999999999997 0.0000000000147262
-0.7139999999999997 0.0000000000150215
-0.7129999999999997 0.0000000000153130
-0.7119999999999997 0.0000000000156001
-0.7109999999999997 0.0000000000158830
-0.7099999999999997 0.0000000000161616
-0.7089999999999997 0.0000000000164359
-0.7079999999999997 0.0000000000167057
-0.7069999999999997 0.0000000000169712
-0.7059999999999997 0.0000000000172323
-0.7049999999999997 0.0000000000174888
-0.7039999999999997 0.0000000000177406
-0.7029999999999997 0.0000000000179879
-0.7019999999999997 0.0000000000182308
-0.7009999999999997 0.0000000000184687
-0.6999999999999997 0.0000000000187020
-0.6989999999999997 0.0000000000189305
-0.6979999999999997 0.0000000000191543
-0.6969999999999997 0.0000000000193734
-0.6959999999999997 0.0000000000195874
-0.6949999999999997 0.0000000000197966
-0.6939999999999997 0.0000000000200010
-0.6929999999999997 0.0000000000202003
-0.6919999999999997 0.0000000000203947
-0.6909999999999997 0.0000000000205842
-0.6899999999999997 0.0000000000207685
-0.6889999999999997 0.0000000000209480
-0.6879999999999997 0.0000000000211222
-0.6869999999999997 0.0000000000212915
-0.6859999999999997 0.0000000000214557
-0.6849999999999997 0.0000000000216147
-0.6839999999999997 0.0000000000217687
-0.6829999999999997 0.0000000000219175
-0.6819999999999997 0.0000000000220610
-0.6809999999999997 0.0000000000221996
-0.6799999999999997 0.0000000000223328
-0.6789999999999997 0.0000000000224609
-0.6779999999999997 0.0000000000225839
-0.6769999999999997 0.0000000000227014
-0.6759999999999997 0.0000000000228140
-0.6749999999999997 0.0000000000229213
-0.6739999999999997 0.0000000000230231
-0.6729999999999997 0.0000000000231201
-0.6719999999999997 0.0000000000232115
-0.6709999999999997 0.0000000000232980
-0.6699999999999997 0.0000000000233792
-0.6689999999999997 0.0000000000234551
-0.6679999999999997 0.0000000000235257
-0.6669999999999997 0.0000000000235912
-0.6659999999999997 0.0000000000236513
-0.6649999999999997 0.0000000000237065
-0.6639999999999997 0.0000000000237562
-0.6629999999999997 0.0000000000238009
-0.6619999999999997 0.0000000000238404
-0.6609999999999997 0.0000000000238746
-0.6599999999999997 0.0000000000239037
-0.6589999999999997 0.0000000000239276
-0.6579999999999997 0.0000000000239465
-0.6569999999999997 0.0000000000239601
-0.6559999999999997 0.0000000000239686
-0.6549999999999997 0.0000000000239720
-0.6539999999999997 0.0000000000239705
-0.6529999999999997 0.0000000000239637
-0.6519999999999997 0.0000000000239520
-0.6509999999999997 0.0000000000239353
-0.6499999999999997 0.0000000000239134
-0.6489999999999997 0.0000000000238867
-0.6479999999999997 0.0000000000238551
-0.6469999999999997 0.0000000000238183
-0.6459999999999997 0.0000000000237769
-0.6449999999999997 0.0000000000237302
-0.6439999999999997 0.0000000000236789
-0.6429999999999997 0.0000000000236229
-0.6419999999999997 0.0000000000235619
-0.6409999999999997 0.0000000000234961
-0.6399999999999997 0.0000000000234257
-0.6389999999999997 0.0000000000233505
-0.6379999999999997 0.0000000000232705
-0.6369999999999997 0.0000000000231860
-0.6359999999999997 0.0000000000230969
-0.6349999999999997 0.0000000000230029
-0.6339999999999997 0.0000000000229046
-0.6329999999999997 0.0000000000228018
-0.6319999999999997 0.0000000000226944
-0.6309999999999997 0.0000000000225824
-0.6299999999999997 0.0000000000224663
-0.6289999999999997 0.0000000000223457
-0.6279999999999997 0.0000000000222207
-0.6269999999999997 0.0000000000220913
-0.6259999999999997 0.0000000000219577
-0.6249999999999997 0.0000000000218199
-0.6239999999999997 0.0000000000216779
-0.6229999999999997 0.0000000000215318
-0.6219999999999997 0.0000000000213815
-0.6209999999999997 0.0000000000212271
-0.6199999999999997 0.0000000000210687
-0.6189999999999997 0.0000000000209065
-0.6179999999999997 0.0000000000207401
-0.6169999999999997 0.0000000000205699
-0.6159999999999997 0.0000000000203959
-0.6149999999999997 0.0000000000202180
-0.6139999999999997 0.0000000000200366
-0.6129999999999997 0.0000000000198512
-0.6119999999999997 0.0000000000196623
-0.6109999999999997 0.0000000000194696
-0.6099999999999997 0.0000000000192734
-0.6089999999999997 0.0000000000190737
-0.6079999999999997 0.0000000000188706
-0.6069999999999997 0.0000000000186640
-0.6059999999999997 0.0000000000184540
-0.6049999999999996 0.0000000000182407
-0.6039999999999996 0.0000000000180241
-0.6029999999999996 0.0000000000178044
-0.6019999999999996 0.0000000000175814
-0.6009999999999996 0.0000000000173552
-0.5999999999999996 0.0000000000171261
-0.5989999999999996 0.0000000000168938
-0.5979999999999996 0.0000000000166586
-0.5969999999999996 0.0000000000164204
-0.5959999999999996 0.0000000000161796
-0.5949999999999996 0.0000000000159358
-0.5939999999999996 0.0000000000156892
-0.5929999999999996 0.0000000000154400
-0.5919999999999996 0.0000000000151880
-0.5909999999999996 0.0000000000149336
-0.5899999999999996 0.0000000000146764
-0.5889999999999996 0.0000000000144169
-0.5879999999999996 0.0000000000141548
-0.5869999999999996 0.0000000000138904
-0.5859999999999996 0.0000000000136237
-0.5849999999999996 0.0000000000133548
-0.5839999999999996 0.0000000000130834
-0.5829999999999996 0.0000000000128102
-0.5819999999999996 0.0000000000125346
-0.5809999999999996 0.0000000000122571
-0.5799999999999996 0.0000000000119774
-0.5789999999999996 0.0000000000116960
-0.5779999999999996 0.0000000000114125
-0.5769999999999996 0.0000000000111273
-0.5759999999999996 0.0000000000108403
-0.5749999999999996 0.0000000000105517
-0.5739999999999996 0.0000000000102613
-0.5729999999999996 0.0000000000099694
-0.5719999999999996 0.0000000000096758
-0.5709999999999996 0.0000000000093807
-0.5699999999999996 0.0000000000090844
-0.5689999999999996 0.0000000000087865
-0.5679999999999996 0.0000000000084873
-0.5669999999999996 0.0000000000081869
-0.5659999999999996 0.0000000000078851
-0.5649999999999996 0.0000000000075825
-0.5639999999999996 0.0000000000072786
-0.5629999999999996 0.0000000000069735
-0.5619999999999996 0.0000000000066677
-0.5609999999999996 0.0000000000063608
-0.5599999999999996 0.0000000000060530
-0.5589999999999996 0.0000000000057445
-0.5579999999999996 0.0000000000054352
-0.5569999999999996 0.0000000000051251
-0.5559999999999996 0.0000000000048145
-0.5549999999999996 0.0000000000045032
-0.5539999999999996 0.0000000000041913
-0.5529999999999996 0.0000000000038790
-0.5519999999999996 0.0000000000035663
-0.5509999999999996 0.0000000000032532
-0.5499999999999996 0.0000000000029396
-0.5489999999999996 0.0000000000026259
-0.5479999999999996 0.0000000000023120
-0.5469999999999996 0.0000000000019980
-0.5459999999999996 0.0000000000016838
-0.5449999999999996 0.0000000000013695
-0.5439999999999996 0.0000000000010553
-0.5429999999999996 0.0000000000007411
-0.5419999999999996 0.0000000000004270
-0.5409999999999996 0.0000000000001132
-0.5399999999999996 0.0000000000002006
-0.5389999999999996 0.0000000000005139
-0.5379999999999996 0.0000000000008270
-0.5369999999999996 0.0000000000011399
-0.5359999999999996 0.0000000000014522
-0.5349999999999996 0.0000000000017640
-0.5339999999999996 0.0000000000020752
-0.5329999999999996 0.0000000000023859
-0.5319999999999996 0.0000000000026961
-0.5309999999999996 0.0000000000030054
-0.5299999999999996 0.0000000000033141
-0.5289999999999996 0.0000000000036220
-0.5279999999999996 0.0000000000039292
-0.5269999999999996 0.0000000000042353
-0.5259999999999996 0.0000000000045405
-0.5249999999999996 0.0000000000048448
-0.5239999999999996 0.0000000000051482
-0.5229999999999996 0.0000000000054502
-0.5219999999999996 0.0000000000057513
-0.5209999999999996 0.0000000000060513
-0.5199999999999996 0.0000000000063498
-0.5189999999999996 0.0000000000066473
-0.5179999999999996 0.0000000000069433
-0.5169999999999996 0.0000000000072382
-0.5159999999999996 0.0000000000075315
-0.5149999999999996 0.0000000000078234
-0.5139999999999996 0.0000000000081138
-0.5129999999999996 0.0000000000084027
-0.5119999999999996 0.0000000000086900
-0.5109999999999996 0.0000000000089758
-0.5099999999999996 0.0000000000092598
-0.5089999999999996 0.0000000000095421
-0.5079999999999996 0.0000000000098226
-0.5069999999999996 0.0000000000101014
-0.5059999999999996 0.0000000000103784
-0.5049999999999996 0.0000000000106535
-0.5039999999999996 0.0000000000109266
-0.5029999999999996 0.0000000000111979
-0.5019999999999996 0.0000000000114671
-0.5009999999999996 0.0000000000117342
-0.4999999999999996 0.0000000000119994
-0.4989999999999996 0.0000000000122625
-0.4979999999999996 0.0000000000125233
-0.4969999999999996 0.0000000000127821
-0.4959999999999996 0.0000000000130385
-0.4949999999999996 0.0000000000132925
-0.4939999999999996 0.0000000000135446
-0.4929999999999995 0.0000000000137941
-0.4919999999999995 0.0000000000140414
-0.4909999999999995 0.0000000000142862
-0.4899999999999995 0.0000000000145285
-0.4889999999999995 0.0000000000147685
-0.4879999999999995 0.0000000000150059
-0.4869999999999995 0.0000000000152408
-0.4859999999999995 0.0000000000154732
-0.4849999999999995 0.0000000000157028
-0.4839999999999995 0.0000000000159300
-0.4829999999999995 0.0000000000161545
-0.4819999999999995 0.0000000000163762
-0.4809999999999995 0.0000000000165952
-0.4799999999999995 0.0000000000168116
-0.4789999999999995 0.0000000000170250
-0.4779999999999995 0.0000000000172357
-0.4769999999999995 0.0000000000174437
-0.4759999999999995 0.0000000000176487
-0.4749999999999995 0.0000000000178509
-0.4739999999999995 0.0000000000180501
-0.4729999999999995 0.0000000000182464
-0.4719999999999995 0.0000000000184397
-0.4709999999999995 0.0000000000186300
-0.4699999999999995 0.0000000000188174
-0.4689999999999995 0.0000000000190017
-0.4679999999999995 0.0000000000191830
-0.4669999999999995 0.0000000000193612
-0.4659999999999995 0.0000000000195363
-0.4649999999999995 0.0000000000197083
-0.4639999999999995 0.0000000000198771
-0.4629999999999995 0.0000000000200427
-0.4619999999999995 0.0000000000202053
-0.4609999999999995 0.0000000000203645
-0.4599999999999995 0.0000000000205206
-0.4589999999999995 0.0000000000206734
-0.4579999999999995 0.0000000000208230
-0.4569999999999995 0.0000000000209692
-0.4559999999999995 0.0000000000211122
-0.4549999999999995 0.0000000000212519
-0.4539999999999995 0.0000000000213883
-0.4529999999999995 0.0000000000215213
-0.4519999999999995 0.0000000000216511
-0.4509999999999995 0.0000000000217774
-0.4499999999999995 0.0000000000219003
-0.4489999999999995 0.0000000000220199
-0.4479999999999995 0.0000000000221361
-0.4469999999999995 0.0000000000222488
-0.4459999999999995 0.0000000000223581
-0.4449999999999995 0.0000000000224640
-0.4439999999999995 0.0000000000225664
-0.4429999999999995 0.0000000000226654
-0.4419999999999995 0.0000000000227610
-0.4409999999999995 0.0000000000228530
-0.4399999999999995 0.0000000000229415
-0.4389999999999995 0.0000000000230266
-0.4379999999999995 0.0000000000231082
-0.4369999999999995 0.0000000000231863
-0.4359999999999995 0.0000000000232608
-0.4349999999999995 0.0000000000233319
-0.4339999999999995 0.0000000000233994
-0.4329999999999995 0.0000000000234635
-0.4319999999999995 0.0000000000235240
-0.4309999999999995 0.0000000000235809
-0.4299999999999995 0.0000000000236344
-0.4289999999999995 0.0000000000236842
-0.4279999999999995 0.0000000000237306
-0.4269999999999995 0.0000000000237734
-0.4259999999999995 0.0000000000238126
-0.4249999999999995 0.0000000000238484
-0.4239999999999995 0.0000000000238806
-0.4229999999999995 0.0000000000239092
-0.4219999999999995 0.0000000000239343
-0.4209999999999995 0.0000000000239559
-0.4199999999999995 0.0000000000239740
-0.4189999999999995 0.0000000000239885
-0.4179999999999995 0.0000000000239995
-0.4169999999999995 0.0000000000240070
-0.4159999999999995 0.0000000000240110
-0.4149999999999995 0.0000000000240113
-0.4139999999999995 0.0000000000240082
-0.4129999999999995 0.0000000000240017
-0.4119999999999995 0.0000000000239916
-0.4109999999999995 0.0000000000239780
-0.4099999999999995 0.0000000000239610
-0.4089999999999995 0.0000000000239405
-0.4079999999999995 0.0000000000239165
-0.4069999999999995 0.0000000000238890
-0.4059999999999995 0.0000000000238581
-0.4049999999999995 0.0000000000238238
-0.4039999999999995 0.0000000000237860
-0.4029999999999995 0.0000000000237448
-0.4019999999999995 0.0000000000237002
-0.4009999999999995 0.0000000000236522
-0.3999999999999995 0.0000000000236007
-0.3989999999999995 0.0000000000235461
-0.3979999999999995 0.0000000000234878
-0.3969999999999995 0.0000000000234264
-0.3959999999999995 0.0000000000233616
-0.3949999999999995 0.0000000000232934
-0.3939999999999995 0.0000000000232220
-0.3929999999999995 0.0000000000231472
-0.3919999999999995 0.0000000000230692
-0.3909999999999995 0.0000000000229880
-0.3899999999999995 0.0000000000229034
-0.3889999999999995 0.0000000000228157
-0.3879999999999995 0.0000000000227247
-0.3869999999999995 0.0000000000226305
-0.3859999999999995 0.0000000000225332
-0.3849999999999995 0.0000000000224327
-0.3839999999999995 0.0000000000223290
-0.3829999999999995 0.0000000000222223
-0.3819999999999995 0.0000000000221124
-0.3809999999999995 0.0000000000219995
-0.3799999999999994 0.0000000000218833
-0.3789999999999994 0.0000000000217643
-0.3779999999999994 0.0000000000216422
-0.3769999999999994 0.0000000000215171
-0.3759999999999994 0.0000000000213891
-0.3749999999999994 0.0000000000212581
-0.3739999999999994 0.0000000000211241
-0.3729999999999994 0.0000000000209873
-0.3719999999999994 0.0000000000208474
-0.3709999999999994 0.0000000000207047
-0.3699999999999994 0.0000000000205593
-0.3689999999999994 0.0000000000204110
-0.3679999999999994 0.0000000000202599
-0.3669999999999994 0.0000000000201060
-0.3659999999999994 0.0000000000199494
-0.3649999999999994 0.0000000000197901
-0.3639999999999994 0.0000000000196280
-0.3629999999999994 0.0000000000194633
-0.3619999999999994 0.0000000000192960
-0.3609999999999994 0.0000000000191260
-0.3599999999999994 0.0000000000189534
-0.3589999999999994 0.0000000000187783
-0.3579999999999994 0.0000000000186006
-0.3569999999999994 0.0000000000184204
-0.3559999999999994 0.0000000000182378
-0.3549999999999994 0.0000000000180526
-0.3539999999999994 0.0000000000178650
-0.3529999999999994 0.0000000000176752
-0.3519999999999994 0.0000000000174829
-0.3509999999999994 0.0000000000172882
-0.3499999999999994 0.0000000000170913
-0.3489999999999994 0.0000000000168921
-0.3479999999999994 0.0000000000166905
-0.3469999999999994 0.0000000000164869
-0.3459999999999994 0.0000000000162810
-0.3449999999999994 0.0000000000160729
-0.3439999999999994 0.0000000000158628
-0.3429999999999994 0.0000000000156505
-0.3419999999999994 0.0000000000154362
-0.3409999999999994 0.0000000000152198
-0.3399999999999994 0.0000000000150014
-0.3389999999999994 0.0000000000147810
-0.3379999999999994 0.0000000000145588
-0.3369999999999994 0.0000000000143346
-0.3359999999999994 0.0000000000141084
-0.3349999999999994 0.0000000000138807
-0.3339999999999994 0.0000000000136509
-0.3329999999999994 0.0000000000134194
-0.3319999999999994 0.0000000000131862
-0.3309999999999994 0.0000000000129513
-0.3299999999999994 0.0000000000127147
-0.3289999999999994 0.0000000000124764
-0.3279999999999994 0.0000000000122365
-0.3269999999999994 0.0000000000119951
-0.3259999999999994 0.0000000000117522
-0.3249999999999994 0.0000000000115077
-0.3239999999999994 0.0000000000112617
-0.3229999999999994 0.0000000000110144
-0.3219999999999994 0.0000000000107656
-0.3209999999999994 0.0000000000105155
-0.3199999999999994 0.0000000000102640
-0.3189999999999994 0.0000000000100112
-0.3179999999999994 0.0000000000097572
-0.3169999999999994 0.0000000000095020
-0.3159999999999994 0.0000000000092455
-0.3149999999999994 0.0000000000089879
-0.3139999999999994 0.0000000000087292
-0.3129999999999994 0.0000000000084693
-0.3119999999999994 0.0000000000082085
-0.3109999999999994 0.0000000000079466
-0.3099999999999994 0.0000000000076838
-0.3089999999999994 0.0000000000074200
-0.3079999999999994 0.0000000000071554
-0.3069999999999994 0.0000000000068898
-0.3059999999999994 0.0000000000066234
-0.3049999999999994 0.0000000000063562
-0.3039999999999994 0.0000000000060883
-0.3029999999999994 0.0000000000058196
-0.3019999999999994 0.0000000000055502
-0.3009999999999994 0.0000000000052803
-0.2999999999999994 0.0000000000050097
-0.2989999999999994 0.0000000000047385
-0.2979999999999994 0.0000000000044667
-0.2969999999999994 0.0000000000041944
-0.2959999999999994 0.0000000000039218
-0.2949999999999994 0.0000000000036486
-0.2939999999999994 0.0000000000033750
-0.2929999999999994 0.0000000000031011
-0.2919999999999994 0.0000000000028270
-0.2909999999999994 0.0000000000025523
-0.2899999999999994 0.0000000000022776
-0.2889999999999994 0.0000000000020026
-0.2879999999999994 0.0000000000017275
-0.2869999999999994 0.0000000000014521
-0.2859999999999994 0.0000000000011767
-0.2849999999999994 0.0000000000009012
-0.2839999999999994 0.0000000000006257
-0.2829999999999994 0.0000000000003502
-0.2819999999999994 0.0000000000000747
-0.2809999999999994 0.0000000000002008
-0.2799999999999994 0.0000000000004761
-0.2789999999999994 0.0000000000007512
-0.2779999999999994 0.0000000000010262
-0.2769999999999994 0.0000000000013010
-0.2759999999999994 0.0000000000015755
-0.2749999999999994 0.0000000000018497
-0.2739999999999994 0.0000000000021237
-0.2729999999999994 0.0000000000023972
-0.2719999999999994 0.0000000000026704
-0.2709999999999994 0.0000000000029431
-0.2699999999999994 0.0000000000032153
-0.2689999999999994 0.0000000000034872
-0.2679999999999993 0.0000000000037584
-0.2669999999999993 0.0000000000040291
-0.2659999999999993 0.0000000000042992
-0.2649999999999993 0.0000000000045686
-0.2639999999999993 0.0000000000048374
-0.2629999999999993 0.0000000000051054
-0.2619999999999993 0.0000000000053728
-0.2609999999999993 0.0000000000056393
-0.2599999999999993 0.0000000000059051
-0.2589999999999993 0.0000000000061700
-0.2579999999999993 0.0000000000064340
-0.2569999999999993 0.0000000000066971
-0.2559999999999993 0.0000000000069593
-0.2549999999999993 0.0000000000072206
-0.2539999999999993 0.0000000000074808
-0.2529999999999993 0.0000000000077400
-0.2519999999999993 0.0000000000079981
-0.2509999999999993 0.0000000000082551
-0.2499999999999993 0.0000000000085110
-0.2489999999999993 0.0000000000087657
-0.2479999999999993 0.0000000000090193
-0.2469999999999993 0.0000000000092716
-0.2459999999999993 0.0000000000095226
-0.2449999999999993 0.0000000000097723
-0.2439999999999993 0.0000000000100207
-0.2429999999999993 0.0000000000102678
-0.2419999999999993 0.0000000000105135
-0.2409999999999993 0.0000000000107578
-0.2399999999999993 0.0000000000110006
-0.2389999999999993 0.0000000000112420
-0.2379999999999993 0.0000000000114818
-0.2369999999999993 0.0000000000117202
-0.2359999999999993 0.0000000000119569
-0.2349999999999993 0.0000000000121921
-0.2339999999999993 0.0000000000124257
-0.2329999999999993 0.0000000000126576
-0.2319999999999993 0.0000000000128878
-0.2309999999999993 0.0000000000131163
-0.2299999999999993 0.0000000000133431
-0.2289999999999993 0.0000000000135682
-0.2279999999999993 0.0000000000137914
-0.2269999999999993 0.0000000000140128
-0.2259999999999993 0.0000000000142325
-0.2249999999999993 0.0000000000144502
-0.2239999999999993 0.0000000000146660
-0.2229999999999993 0.0000000000148800
-0.2219999999999993 0.0000000000150920
-0.2209999999999993 0.0000000000153020
-0.2199999999999993 0.0000000000155100
-0.2189999999999993 0.0000000000157160
-0.2179999999999993 0.0000000000159200
-0.2169999999999993 0.0000000000161218
-0.2159999999999993 0.0000000000163217
-0.2149999999999993 0.0000000000165193
-0.2139999999999993 0.0000000000167149
-0.2129999999999993 0.0000000000169083
-0.2119999999999993 0.0000000000170995
-0.2109999999999993 0.0000000000172884
-0.2099999999999993 0.0000000000174752
-0.2089999999999993 0.0000000000176597
-0.2079999999999993 0.0000000000178419
-0.2069999999999993 0.0000000000180219
-0.2059999999999993 0.0000000000181995
-0.2049999999999993 0.0000000000183748
-0.2039999999999993 0.0000000000185477
-0.2029999999999993 0.0000000000187182
-0.2019999999999993 0.0000000000188864
-0.2009999999999993 0.0000000000190521
-0.1999999999999993 0.0000000000192154
-0.1989999999999993 0.0000000000193763
-0.1979999999999993 0.0000000000195347
-0.1969999999999993 0.0000000000196905
-0.1959999999999993 0.0000000000198439
-0.1949999999999993 0.0000000000199947
-0.1939999999999993 0.0000000000201430
-0.1929999999999993 0.0000000000202887
-0.1919999999999993 0.0000000000204319
-0.1909999999999993 0.0000000000205725
-0.1899999999999993 0.0000000000207105
-0.1889999999999993 0.0000000000208458
-0.1879999999999993 0.0000000000209784
-0.1869999999999993 0.0000000000211084
-0.1859999999999993 0.0000000000212358
-0.1849999999999993 0.0000000000213605
-0.1839999999999993 0.0000000000214824
-0.1829999999999993 0.0000000000216017
-0.1819999999999993 0.0000000000217183
-0.1809999999999993 0.0000000000218320
-0.1799999999999993 0.0000000000219431
-0.1789999999999993 0.0000000000220514
-0.1779999999999993 0.0000000000221569
-0.1769999999999993 0.0000000000222595
-0.1759999999999993 0.0000000000223595
-0.1749999999999993 0.0000000000224566
-0.1739999999999993 0.0000000000225509
-0.1729999999999993 0.0000000000226423
-0.1719999999999993 0.0000000000227309
-0.1709999999999993 0.0000000000228167
-0.1699999999999993 0.0000000000228996
-0.1689999999999993 0.0000000000229796
-0.1679999999999993 0.0000000000230568
-0.1669999999999993 0.0000000000231311
-0.1659999999999993 0.0000000000232024
-0.1649999999999993 0.0000000000232709
-0.1639999999999993 0.0000000000233365
-0.1629999999999993 0.0000000000233992
-0.1619999999999993 0.0000000000234589
-0.1609999999999993 0.0000000000235157
-0.1599999999999993 0.0000000000235696
-0.1589999999999993 0.0000000000236206
-0.1579999999999993 0.0000000000236686
-0.1569999999999993 0.0000000000237137
-0.1559999999999993 0.0000000000237558
-0.1549999999999992 0.0000000000237950
-0.1539999999999992 0.0000000000238312
-0.1529999999999992 0.0000000000238644
-0.1519999999999992 0.0000000000238947
-0.1509999999999992 0.0000000000239221
-0.1499999999999992 0.0000000000239464
-0.1489999999999992 0.0000000000239678
-0.1479999999999992 0.0000000000239862
-0.1469999999999992 0.0000000000240017
-0.1459999999999992 0.0000000000240142
-0.1449999999999992 0.0000000000240237
-0.1439999999999992 0.0000000000240303
-0.1429999999999992 0.0000000000240338
-0.1419999999999992 0.0000000000240344
-0.1409999999999992 0.0000000000240321
-0.1399999999999992 0.0000000000240267
-0.1389999999999992 0.0000000000240184
-0.1379999999999992 0.0000000000240072
-0.1369999999999992 0.0000000000239929
-0.1359999999999992 0.0000000000239758
-0.1349999999999992 0.0000000000239556
-0.1339999999999992 0.0000000000239325
-0.1329999999999992 0.0000000000239065
-0.1319999999999992 0.0000000000238776
-0.1309999999999992 0.0000000000238456
-0.1299999999999992 0.0000000000238108
-0.1289999999999992 0.0000000000237731
-0.1279999999999992 0.0000000000237324
-0.1269999999999992 0.0000000000236888
-0.1259999999999992 0.0000000000236423
-0.1249999999999992 0.0000000000235929
-0.1239999999999992 0.0000000000235406
-0.1229999999999992 0.0000000000234854
-0.1219999999999992 0.0000000000234273
-0.1209999999999992 0.0000000000233664
-0.1199999999999992 0.0000000000233026
-0.1189999999999992 0.0000000000232359
-0.1179999999999992 0.0000000000231665
-0.1169999999999992 0.0000000000230941
-0.1159999999999992 0.0000000000230190
-0.1149999999999992 0.0000000000229410
-0.1139999999999992 0.0000000000228602
-0.1129999999999992 0.0000000000227767
-0.1119999999999992 0.0000000000226903
-0.1109999999999992 0.0000000000226012
-0.1099999999999992 0.0000000000225093
-0.1089999999999992 0.0000000000224147
-0.1079999999999992 0.0000000000223173
-0.1069999999999992 0.0000000000222173
-0.1059999999999992 0.0000000000221145
-0.1049999999999992 0.0000000000220090
-0.1039999999999992 0.0000000000219008
-0.1029999999999992 0.0000000000217900
-0.1019999999999992 0.0000000000216765
-0.1009999999999992 0.0000000000215604
-0.0999999999999992 0.0000000000214416
-0.0989999999999992 0.0000000000213202
-0.0979999999999992 0.0000000000211963
-0.0969999999999992 0.0000000000210698
-0.0959999999999992 0.0000000000209407
-0.0949999999999992 0.0000000000208090
-0.0939999999999992 0.0000000000206748
-0.0929999999999992 0.0000000000205382
-0.0919999999999992 0.0000000000203990
-0.0909999999999992 0.0000000000202573
-0.0899999999999992 0.0000000000201132
-0.0889999999999992 0.0000000000199667
-0.0879999999999992 0.0000000000198177
-0.0869999999999992 0.0000000000196663
-0.0859999999999992 0.0000000000195125
-0.0849999999999992 0.0000000000193564
-0.0839999999999992 0.0000000000191979
-0.0829999999999992 0.0000000000190371
-0.0819999999999992 0.0000000000188740
-0.0809999999999992 0.0000000000187086
-0.0799999999999992 0.0000000000185410
-0.0789999999999992 0.0000000000183711
-0.0779999999999992 0.0000000000181989
-0.0769999999999992 0.0000000000180246
-0.0759999999999992 0.0000000000178481
-0.0749999999999992 0.0000000000176694
-0.0739999999999992 0.0000000000174886
-0.0729999999999992 0.0000000000173057
-0.0719999999999992 0.0000000000171207
-0.0709999999999992 0.0000000000169336
-0.0699999999999992 0.0000000000167444
-0.0689999999999992 0.0000000000165533
-0.0679999999999992 0.0000000000163601
-0.0669999999999992 0.0000000000161650
-0.0659999999999992 0.0000000000159679
-0.0649999999999992 0.0000000000157689
-0.0639999999999992 0.0000000000155680
-0.0629999999999992 0.0000000000153652
-0.0619999999999992 0.0000000000151606
-0.0609999999999992 0.0000000000149541
-0.0599999999999992 0.0000000000147458
-0.0589999999999992 0.0000000000145357
-0.0579999999999992 0.0000000000143239
-0.0569999999999992 0.0000000000141104
-0.0559999999999992 0.0000000000138952
-0.0549999999999992 0.0000000000136782
-0.0539999999999992 0.0000000000134597
-0.0529999999999992 0.0000000000132395
-0.0519999999999992 0.0000000000130177
-0.0509999999999992 0.0000000000127943
-0.0499999999999992 0.0000000000125695
-0.0489999999999992 0.0000000000123431
-0.0479999999999992 0.0000000000121152
-0.0469999999999992 0.0000000000118858
-0.0459999999999992 0.0000000000116550
-0.0449999999999992 0.0000000000114228
-0.0439999999999992 0.0000000000111893
-0.0429999999999992 0.0000000000109544
-0.0419999999999991 0.0000000000107182
-0.0409999999999991 0.0000000000104807
-0.0399999999999991 0.0000000000102419
-0.0389999999999991 0.0000000000100019
-0.0379999999999991 0.0000000000097607
-0.0369999999999991 0.0000000000095183
-0.0359999999999991 0.0000000000092747
-0.0349999999999991 0.0000000000090301
-0.0339999999999991 0.0000000000087844
-0.0329999999999991 0.0000000000085376
-0.0319999999999991 0.0000000000082898
-0.0309999999999991 0.0000000000080410
-0.0299999999999991 0.0000000000077912
-0.0289999999999991 0.0000000000075405
-0.0279999999999991 0.0000000000072889
-0.0269999999999991 0.0000000000070364
-0.0259999999999991 0.0000000000067830
-0.0249999999999991 0.0000000000065289
-0.0239999999999991 0.0000000000062740
-0.0229999999999991 0.0000000000060183
-0.0219999999999991 0.0000000000057619
-0.0209999999999991 0.0000000000055048
-0.0199999999999991 0.0000000000052470
-0.0189999999999991 0.0000000000049886
-0.0179999999999991 0.0000000000047296
-0.0169999999999991 0.0000000000044700
-0.0159999999999991 0.0000000000042099
-0.0149999999999991 0.0000000000039493
-0.0139999999999991 0.0000000000036882
-0.0129999999999991 0.0000000000034267
-0.0119999999999991 0.0000000000031648
-0.0109999999999991 0.0000000000029025
-0.0099999999999991 0.0000000000026398
-0.0089999999999991 0.0000000000023768
-0.0079999999999991 0.0000000000021136
-0.0069999999999991 0.0000000000018500
-0.0059999999999991 0.0000000000015863
-0.0049999999999991 0.0000000000013224
-0.0039999999999991 0.0000000000010583
-0.0029999999999991 0.0000000000007941
-0.0019999999999991 0.0000000000005298
-0.0009999999999991 0.0000000000002654
0.0000000000000009 0.0000000000000010
0.0010000000000009 0.0000000000002634
0.0020000000000009 0.0000000000005278
0.0030000000000009 0.0000000000007921
0.0040000000000009 0.0000000000010563
0.0050000000000009 0.0000000000013204
0.0060000000000009 0.0000000000015844
0.0070000000000009 0.0000000000018481
0.0080000000000009 0.0000000000021116
0.0090000000000009 0.0000000000023749
0.0100000000000009 0.0000000000026379
0.0110000000000009 0.0000000000029005
0.0120000000000009 0.0000000000031628
0.0130000000000009 0.0000000000034248
0.0140000000000009 0.0000000000036863
0.0150000000000009 0.0000000000039474
0.0160000000000009 0.0000000000042080
0.0170000000000009 0.0000000000044681
0.0180000000000009 0.0000000000047277
0.0190000000000009 0.0000000000049867
0.0200000000000009 0.0000000000052451
0.0210000000000009 0.0000000000055028
0.0220000000000009 0.0000000000057599
0.0230000000000009 0.0000000000060164
0.0240000000000009 0.0000000000062721
0.0250000000000009 0.0000000000065270
0.0260000000000009 0.0000000000067812
0.0270000000000009 0.0000000000070345
0.0280000000000009 0.0000000000072870
0.0290000000000009 0.0000000000075386
0.0300000000000009 0.0000000000077893
0.0310000000000009 0.0000000000080391
0.0320000000000009 0.0000000000082879
0.0330000000000009 0.0000000000085357
0.0340000000000009 0.0000000000087825
0.0350000000000009 0.0000000000090283
0.0360000000000009 0.0000000000092729
0.0370000000000009 0.0000000000095165
0.0380000000000009 0.0000000000097588
0.0390000000000009 0.0000000000100001
0.0400000000000009 0.0000000000102401
0.0410000000000009 0.0000000000104788
0.0420000000000009 0.0000000000107164
0.0430000000000009 0.0000000000109526
0.0440000000000009 0.0000000000111875
0.0450000000000009 0.0000000000114211
0.0460000000000009 0.0000000000116533
0.0470000000000009 0.0000000000118841
0.0480000000000009 0.0000000000121134
0.0490000000000009 0.0000000000123413
0.0500000000000009 0.0000000000125677
0.0510000000000009 0.0000000000127926
0.0520000000000009 0.0000000000130160
0.0530000000000009 0.0000000000132378
0.0540000000000009 0.0000000000134580
0.0550000000000009 0.0000000000136766
0.0560000000000009 0.0000000000138935
0.0570000000000009 0.0000000000141087
0.0580000000000009 0.0000000000143223
0.0590000000000009 0.0000000000145341
0.0600000000000009 0.0000000000147442
0.0610000000000009 0.0000000000149525
0.0620000000000009 0.0000000000151590
0.0630000000000009 0.0000000000153636
0.0640000000000009 0.0000000000155664
0.0650000000000009 0.0000000000157673
0.0660000000000009 0.0000000000159664
0.0670000000000009 0.0000000000161635
0.0680000000000009 0.0000000000163586
0.0690000000000009 0.0000000000165518
0.0700000000000009 0.0000000000167430
0.0710000000000009 0.0000000000169321
0.0720000000000009 0.0000000000171192
0.0730000000000009 0.0000000000173042
0.0740000000000009 0.0000000000174872
0.0750000000000009 0.0000000000176680
0.0760000000000009 0.0000000000178467
0.0770000000000009 0.0000000000180232
0.0780000000000009 0.0000000000181975
0.0790000000000009 0.0000000000183697
0.0800000000000009 0.0000000000185396
0.0810000000000009 0.0000000000187073
0.0820000000000009 0.0000000000188727
0.0830000000000009 0.0000000000190358
0.0840000000000009 0.0000000000191966
0.0850000000000009 0.0000000000193551
0.0860000000000010 0.0000000000195113
0.0870000000000010 0.0000000000196650
0.0880000000000010 0.0000000000198164
0.0890000000000010 0.0000000000199654
0.0900000000000010 0.0000000000201120
0.0910000000000010 0.0000000000202561
0.0920000000000010 0.0000000000203978
0.0930000000000010 0.0000000000205370
0.0940000000000010 0.0000000000206737
0.0950000000000010 0.0000000000208079
0.0960000000000010 0.0000000000209395
0.0970000000000010 0.0000000000210686
0.0980000000000010 0.0000000000211952
0.0990000000000010 0.0000000000213192
0.1000000000000010 0.0000000000214405
0.1010000000000010 0.0000000000215593
0.1020000000000010 0.0000000000216754
0.1030000000000010 0.0000000000217889
0.1040000000000010 0.0000000000218998
0.1050000000000010 0.0000000000220080
0.1060000000000010 0.0000000000221135
0.1070000000000010 0.0000000000222163
0.1080000000000010 0.0000000000223164
0.1090000000000010 0.0000000000224138
0.1100000000000010 0.0000000000225084
0.1110000000000010 0.0000000000226003
0.1120000000000010 0.0000000000226894
0.1130000000000010 0.0000000000227758
0.1140000000000010 0.0000000000228594
0.1150000000000010 0.0000000000229402
0.1160000000000010 0.0000000000230182
0.1170000000000010 0.0000000000230933
0.1180000000000010 0.0000000000231657
0.1190000000000010 0.0000000000232352
0.1200000000000010 0.0000000000233019
0.1210000000000010 0.0000000000233657
0.1220000000000010 0.0000000000234266
0.1230000000000010 0.0000000000234847
0.1240000000000010 0.0000000000235399
0.1250000000000010 0.0000000000235922
0.1260000000000010 0.0000000000236417
0.1270000000000010 0.0000000000236882
0.1280000000000010 0.0000000000237318
0.1290000000000010 0.0000000000237725
0.1300000000000010 0.0000000000238103
0.1310000000000010 0.0000000000238451
0.1320000000000010 0.0000000000238770
0.1330000000000010 0.0000000000239060
0.1340000000000010 0.0000000000239321
0.1350000000000010 0.0000000000239551
0.1360000000000010 0.0000000000239753
0.1370000000000010 0.0000000000239925
0.1380000000000010 0.0000000000240067
0.1390000000000010 0.0000000000240180
0.1400000000000010 0.0000000000240263
0.1410000000000010 0.0000000000240317
0.1420000000000010 0.0000000000240341
0.1430000000000010 0.0000000000240335
0.1440000000000010 0.0000000000240299
0.1450000000000010 0.0000000000240234
0.1460000000000010 0.0000000000240139
0.1470000000000010 0.0000000000240014
0.1480000000000010 0.0000000000239860
0.1490000000000010 0.0000000000239676
0.1500000000000010 0.0000000000239462
0.1510000000000010 0.0000000000239219
0.1520000000000010 0.0000000000238946
0.1530000000000010 0.0000000000238643
0.1540000000000010 0.0000000000238310
0.1550000000000010 0.0000000000237949
0.1560000000000010 0.0000000000237557
0.1570000000000010 0.0000000000237136
0.1580000000000010 0.0000000000236685
0.1590000000000010 0.0000000000236205
0.1600000000000010 0.0000000000235696
0.1610000000000010 0.0000000000235157
0.1620000000000010 0.0000000000234589
0.1630000000000010 0.0000000000233992
0.1640000000000010 0.0000000000233366
0.1650000000000010 0.0000000000232710
0.1660000000000010 0.0000000000232025
0.1670000000000010 0.0000000000231312
0.1680000000000010 0.0000000000230569
0.1690000000000010 0.0000000000229798
0.1700000000000010 0.0000000000228997
0.1710000000000010 0.0000000000228168
0.1720000000000010 0.0000000000227312
0.1730000000000010 0.0000000000226425
0.1740000000000010 0.0000000000225511
0.1750000000000010 0.0000000000224568
0.1760000000000010 0.0000000000223598
0.1770000000000010 0.0000000000222599
0.1780000000000010 0.0000000000221572
0.1790000000000010 0.0000000000220517
0.1800000000000010 0.0000000000219434
0.1810000000000010 0.0000000000218324
0.1820000000000010 0.0000000000217186
0.1830000000000010 0.0000000000216021
0.1840000000000010 0.0000000000214829
0.1850000000000010 0.0000000000213609
0.1860000000000010 0.0000000000212363
0.1870000000000010 0.0000000000211089
0.1880000000000010 0.0000000000209789
0.1890000000000010 0.0000000000208463
0.1900000000000010 0.0000000000207110
0.1910000000000010 0.0000000000205731
0.1920000000000010 0.0000000000204325
0.1930000000000010 0.0000000000202894
0.1940000000000010 0.0000000000201437
0.1950000000000010 0.0000000000199954
0.1960000000000010 0.0000000000198446
0.1970000000000010 0.0000000000196912
0.1980000000000010 0.0000000000195353
0.1990000000000010 0.0000000000193770
0.2000000000000010 0.0000000000192162
0.2010000000000010 0.0000000000190529
0.2020000000000010 0.0000000000188872
0.2030000000000010 0.0000000000187191
0.2040000000000010 0.0000000000185485
0.2050000000000010 0.0000000000183756
0.2060000000000010 0.0000000000182003
0.2070000000000010 0.0000000000180227
0.2080000000000010 0.0000000000178428
0.2090000000000010 0.0000000000176606
0.2100000000000010 0.0000000000174761
0.2110000000000010 0.0000000000172894
0.2120000000000010 0.0000000000171004
0.2130000000000010 0.0000000000169092
0.2140000000000011 0.0000000000167159
0.2150000000000011 0.0000000000165203
0.2160000000000011 0.0000000000163226
0.2170000000000011 0.0000000000161229
0.2180000000000011 0.0000000000159210
0.2190000000000011 0.0000000000157171
0.2200000000000011 0.0000000000155111
0.2210000000000011 0.0000000000153031
0.2220000000000011 0.0000000000150931
0.2230000000000011 0.0000000000148811
0.2240000000000011 0.0000000000146672
0.2250000000000011 0.0000000000144513
0.2260000000000011 0.0000000000142336
0.2270000000000011 0.0000000000140141
0.2280000000000011 0.0000000000137926
0.2290000000000011 0.0000000000135694
0.2300000000000011 0.0000000000133444
0.2310000000000011 0.0000000000131175
0.2320000000000011 0.0000000000128891
0.2330000000000011 0.0000000000126588
0.2340000000000011 0.0000000000124269
0.2350000000000011 0.0000000000121934
0.2360000000000011 0.0000000000119582
0.2370000000000011 0.0000000000117215
0.2380000000000011 0.0000000000114832
0.2390000000000011 0.0000000000112433
0.2400000000000011 0.0000000000110019
0.2410000000000011 0.0000000000107591
0.2420000000000011 0.0000000000105149
0.2430000000000011 0.0000000000102692
0.2440000000000011 0.0000000000100221
0.2450000000000011 0.0000000000097737
0.2460000000000011 0.0000000000095240
0.2470000000000011 0.0000000000092730
0.2480000000000011 0.0000000000090207
0.2490000000000011 0.0000000000087672
0.2500000000000011 0.0000000000085125
0.2510000000000011 0.0000000000082566
0.2520000000000011 0.0000000000079996
0.2530000000000011 0.0000000000077415
0.2540000000000011 0.0000000000074823
0.2550000000000011 0.0000000000072221
0.2560000000000011 0.0000000000069609
0.2570000000000011 0.0000000000066988
0.2580000000000011 0.0000000000064356
0.2590000000000011 0.0000000000061716
0.2600000000000011 0.0000000000059067
0.2610000000000011 0.0000000000056409
0.2620000000000011 0.0000000000053744
0.2630000000000011 0.0000000000051070
0.2640000000000011 0.0000000000048390
0.2650000000000011 0.0000000000045702
0.2660000000000011 0.0000000000043008
0.2670000000000011 0.0000000000040307
0.2680000000000011 0.0000000000037600
0.2690000000000011 0.0000000000034888
0.2700000000000011 0.0000000000032171
0.2710000000000011 0.0000000000029448
0.2720000000000011 0.0000000000026721
0.2730000000000011 0.0000000000023989
0.2740000000000011 0.0000000000021254
0.2750000000000011 0.0000000000018515
0.2760000000000011 0.0000000000015773
0.2770000000000011 0.0000000000013027
0.2780000000000011 0.0000000000010280
0.2790000000000011 0.0000000000007530
0.2800000000000011 0.0000000000004778
0.2810000000000011 0.0000000000002025
0.2820000000000011 0.0000000000000728
0.2830000000000011 0.0000000000003483
0.2840000000000011 0.0000000000006239
0.2850000000000011 0.0000000000008993
0.2860000000000011 0.0000000000011748
0.2870000000000011 0.0000000000014503
0.2880000000000011 0.0000000000017256
0.2890000000000011 0.0000000000020008
0.2900000000000011 0.0000000000022757
0.2910000000000011 0.0000000000025505
0.2920000000000011 0.0000000000028250
0.2930000000000011 0.0000000000030992
0.2940000000000011 0.0000000000033731
0.2950000000000011 0.0000000000036467
0.2960000000000011 0.0000000000039199
0.2970000000000011 0.0000000000041926
0.2980000000000011 0.0000000000044648
0.2990000000000011 0.0000000000047365
0.3000000000000011 0.0000000000050078
0.3010000000000011 0.0000000000052784
0.3020000000000011 0.0000000000055484
0.3030000000000011 0.0000000000058177
0.3040000000000011 0.0000000000060864
0.3050000000000011 0.0000000000063543
0.3060000000000011 0.0000000000066215
0.3070000000000011 0.0000000000068879
0.3080000000000011 0.0000000000071534
0.3090000000000011 0.0000000000074182
0.3100000000000011 0.0000000000076819
0.3110000000000011 0.0000000000079447
0.3120000000000011 0.0000000000082065
0.3130000000000011 0.0000000000084674
0.3140000000000011 0.0000000000087272
0.3150000000000011 0.0000000000089859
0.3160000000000011 0.0000000000092436
0.3170000000000011 0.0000000000095000
0.3180000000000011 0.0000000000097553
0.3190000000000011 0.0000000000100093
0.3200000000000011 0.0000000000102621
0.3210000000000011 0.0000000000105136
0.3220000000000011 0.0000000000107637
0.3230000000000011 0.0000000000110125
0.3240000000000011 0.0000000000112599
0.3250000000000011 0.0000000000115058
0.3260000000000011 0.0000000000117503
0.3270000000000011 0.0000000000119932
0.3280000000000011 0.0000000000122346
0.3290000000000011 0.0000000000124745
0.3300000000000011 0.0000000000127127
0.3310000000000011 0.0000000000129494
0.3320000000000011 0.0000000000131843
0.3330000000000011 0.0000000000134175
0.3340000000000011 0.0000000000136490
0.3350000000000011 0.0000000000138787
0.3360000000000011 0.0000000000141067
0.3370000000000011 0.0000000000143328
0.3380000000000011 0.0000000000145570
0.3390000000000011 0.0000000000147792
0.3400000000000011 0.0000000000149996
0.3410000000000011 0.0000000000152179
0.3420000000000011 0.0000000000154343
0.3430000000000011 0.0000000000156486
0.3440000000000011 0.0000000000158609
0.3450000000000011 0.0000000000160711
0.3460000000000011 0.0000000000162792
0.3470000000000011 0.0000000000164851
0.3480000000000011 0.0000000000166888
0.3490000000000011 0.0000000000168903
0.3500000000000011 0.0000000000170895
0.3510000000000011 0.0000000000172865
0.3520000000000011 0.0000000000174811
0.3530000000000011 0.0000000000176735
0.3540000000000011 0.0000000000178633
0.3550000000000011 0.0000000000180509
0.3560000000000011 0.0000000000182361
0.3570000000000011 0.0000000000184188
0.3580000000000012 0.0000000000185990
0.3590000000000012 0.0000000000187766
0.3600000000000012 0.0000000000189517
0.3610000000000012 0.0000000000191243
0.3620000000000012 0.0000000000192943
0.3630000000000012 0.0000000000194617
0.3640000000000012 0.0000000000196264
0.3650000000000012 0.0000000000197884
0.3660000000000012 0.0000000000199478
0.3670000000000012 0.0000000000201044
0.3680000000000012 0.0000000000202584
0.3690000000000012 0.0000000000204094
0.3700000000000012 0.0000000000205577
0.3710000000000012 0.0000000000207033
0.3720000000000012 0.0000000000208459
0.3730000000000012 0.0000000000209857
0.3740000000000012 0.0000000000211226
0.3750000000000012 0.0000000000212566
0.3760000000000012 0.0000000000213876
0.3770000000000012 0.0000000000215157
0.3780000000000012 0.0000000000216408
0.3790000000000012 0.0000000000217629
0.3800000000000012 0.0000000000218820
0.3810000000000012 0.0000000000219980
0.3820000000000012 0.0000000000221110
0.3830000000000012 0.0000000000222209
0.3840000000000012 0.0000000000223276
0.3850000000000012 0.0000000000224313
0.3860000000000012 0.0000000000225318
0.3870000000000012 0.0000000000226292
0.3880000000000012 0.0000000000227234
0.3890000000000012 0.0000000000228144
0.3900000000000012 0.0000000000229021
0.3910000000000012 0.0000000000229867
0.3920000000000012 0.0000000000230679
0.3930000000000012 0.0000000000231460
0.3940000000000012 0.0000000000232207
0.3950000000000012 0.0000000000232922
0.3960000000000012 0.0000000000233603
0.3970000000000012 0.0000000000234253
0.3980000000000012 0.0000000000234868
0.3990000000000012 0.0000000000235449
0.4000000000000012 0.0000000000235997
0.4010000000000012 0.0000000000236511
0.4020000000000012 0.0000000000236990
0.4030000000000012 0.0000000000237436
0.4040000000000012 0.0000000000237849
0.4050000000000012 0.0000000000238227
0.4060000000000012 0.0000000000238571
0.4070000000000012 0.0000000000238880
0.4080000000000012 0.0000000000239154
0.4090000000000012 0.0000000000239395
0.4100000000000012 0.0000000000239600
0.4110000000000012 0.0000000000239770
0.4120000000000012 0.0000000000239906
0.4130000000000012 0.0000000000240007
0.4140000000000012 0.0000000000240074
0.4150000000000012 0.0000000000240105
0.4160000000000012 0.0000000000240101
0.4170000000000012 0.0000000000240061
0.4180000000000012 0.0000000000239987
0.4190000000000012 0.0000000000239877
0.4200000000000012 0.0000000000239733
0.4210000000000012 0.0000000000239552
0.4220000000000012 0.0000000000239336
0.4230000000000012 0.0000000000239085
0.4240000000000012 0.0000000000238798
0.4250000000000012 0.0000000000238478
0.4260000000000012 0.0000000000238120
0.4270000000000012 0.0000000000237727
0.4280000000000012 0.0000000000237300
0.4290000000000012 0.0000000000236836
0.4300000000000012 0.0000000000236338
0.4310000000000012 0.0000000000235803
0.4320000000000012 0.0000000000235235
0.4330000000000012 0.0000000000234630
0.4340000000000012 0.0000000000233989
0.4350000000000012 0.0000000000233314
0.4360000000000012 0.0000000000232604
0.4370000000000012 0.0000000000231858
0.4380000000000012 0.0000000000231078
0.4390000000000012 0.0000000000230263
0.4400000000000012 0.0000000000229412
0.4410000000000012 0.0000000000228527
0.4420000000000012 0.0000000000227607
0.4430000000000012 0.0000000000226651
0.4440000000000012 0.0000000000225662
0.4450000000000012 0.0000000000224638
0.4460000000000012 0.0000000000223578
0.4470000000000012 0.0000000000222486
0.4480000000000012 0.0000000000221358
0.4490000000000012 0.0000000000220197
0.4500000000000012 0.0000000000219002
0.4510000000000012 0.0000000000217773
0.4520000000000012 0.0000000000216509
0.4530000000000012 0.0000000000215213
0.4540000000000012 0.0000000000213882
0.4550000000000012 0.0000000000212519
0.4560000000000012 0.0000000000211123
0.4570000000000012 0.0000000000209692
0.4580000000000012 0.0000000000208230
0.4590000000000012 0.0000000000206735
0.4600000000000012 0.0000000000205206
0.4610000000000012 0.0000000000203646
0.4620000000000012 0.0000000000202054
0.4630000000000012 0.0000000000200429
0.4640000000000012 0.0000000000198773
0.4650000000000012 0.0000000000197085
0.4660000000000012 0.0000000000195365
0.4670000000000012 0.0000000000193615
0.4680000000000012 0.0000000000191833
0.4690000000000012 0.0000000000190021
0.4700000000000013 0.0000000000188178
0.4710000000000013 0.0000000000186304
0.4720000000000013 0.0000000000184401
0.4730000000000013 0.0000000000182468
0.4740000000000013 0.0000000000180505
0.4750000000000013 0.0000000000178512
0.4760000000000013 0.0000000000176492
0.4770000000000013 0.0000000000174441
0.4780000000000013 0.0000000000172363
0.4790000000000013 0.0000000000170256
0.4800000000000013 0.0000000000168121
0.4810000000000013 0.0000000000165957
0.4820000000000013 0.0000000000163768
0.4830000000000013 0.0000000000161550
0.4840000000000013 0.0000000000159306
0.4850000000000013 0.0000000000157035
0.4860000000000013 0.0000000000154738
0.4870000000000013 0.0000000000152415
0.4880000000000013 0.0000000000150066
0.4890000000000013 0.0000000000147692
0.4900000000000013 0.0000000000145293
0.4910000000000013 0.0000000000142869
0.4920000000000013 0.0000000000140420
0.4930000000000013 0.0000000000137949
0.4940000000000013 0.0000000000135453
0.4950000000000013 0.0000000000132934
0.4960000000000013 0.0000000000130392
0.4970000000000013 0.0000000000127828
0.4980000000000013 0.0000000000125242
0.4990000000000013 0.0000000000122633
0.5000000000000012 0.0000000000120003
0.5010000000000012 0.0000000000117352
0.5020000000000012 0.0000000000114681
0.5030000000000012 0.0000000000111989
0.5040000000000012 0.0000000000109276
0.5050000000000012 0.0000000000106545
0.5060000000000012 0.0000000000103794
0.5070000000000012 0.0000000000101026
0.5080000000000012 0.0000000000098237
0.5090000000000012 0.0000000000095431
0.5100000000000012 0.0000000000092609
0.5110000000000012 0.0000000000089769
0.5120000000000012 0.0000000000086912
0.5130000000000012 0.0000000000084038
0.5140000000000012 0.0000000000081151
0.5150000000000012 0.0000000000078246
0.5160000000000012 0.0000000000075328
0.5170000000000012 0.0000000000072394
0.5180000000000012 0.0000000000069446
0.5190000000000012 0.0000000000066486
0.5200000000000012 0.0000000000063512
0.5210000000000012 0.0000000000060525
0.5220000000000012 0.0000000000057527
0.5230000000000012 0.0000000000054516
0.5240000000000012 0.0000000000051495
0.5250000000000012 0.0000000000048462
0.5260000000000012 0.0000000000045419
0.5270000000000012 0.0000000000042367
0.5280000000000012 0.0000000000039306
0.5290000000000012 0.0000000000036235
0.5300000000000012 0.0000000000033156
0.5310000000000012 0.0000000000030069
0.5320000000000012 0.0000000000026976
0.5330000000000013 0.0000000000023875
0.5340000000000013 0.0000000000020768
0.5350000000000013 0.0000000000017655
0.5360000000000013 0.0000000000014537
0.5370000000000013 0.0000000000011414
0.5380000000000013 0.0000000000008287
0.5390000000000013 0.0000000000005157
0.5400000000000013 0.0000000000002023
0.5410000000000013 0.0000000000001114
0.5420000000000013 0.0000000000004252
0.5430000000000013 0.0000000000007394
0.5440000000000013 0.0000000000010535
0.5450000000000013 0.0000000000013678
0.5460000000000013 0.0000000000016820
0.5470000000000013 0.0000000000019962
0.5480000000000013 0.0000000000023103
0.5490000000000013 0.0000000000026242
0.5500000000000013 0.0000000000029380
0.5510000000000013 0.0000000000032513
0.5520000000000013 0.0000000000035645
0.5530000000000013 0.0000000000038771
0.5540000000000013 0.0000000000041894
0.5550000000000013 0.0000000000045013
0.5560000000000013 0.0000000000048126
0.5570000000000013 0.0000000000051232
0.5580000000000013 0.0000000000054332
0.5590000000000013 0.0000000000057426
0.5600000000000013 0.0000000000060513
0.5610000000000013 0.0000000000063588
0.5620000000000013 0.0000000000066658
0.5630000000000013 0.0000000000069716
0.5640000000000013 0.0000000000072766
0.5650000000000013 0.0000000000075805
0.5660000000000013 0.0000000000078834
0.5670000000000013 0.0000000000081849
0.5680000000000013 0.0000000000084854
0.5690000000000013 0.0000000000087845
0.5700000000000013 0.0000000000090824
0.5710000000000013 0.0000000000093788
0.5720000000000013 0.0000000000096738
0.5730000000000013 0.0000000000099674
0.5740000000000013 0.0000000000102593
0.5750000000000013 0.0000000000105498
0.5760000000000013 0.0000000000108383
0.5770000000000013 0.0000000000111254
0.5780000000000013 0.0000000000114107
0.5790000000000013 0.0000000000116940
0.5800000000000013 0.0000000000119755
0.5810000000000013 0.0000000000122550
0.5820000000000013 0.0000000000125325
0.5830000000000013 0.0000000000128081
0.5840000000000013 0.0000000000130814
0.5850000000000013 0.0000000000133527
0.5860000000000013 0.0000000000136218
0.5870000000000013 0.0000000000138884
0.5880000000000013 0.0000000000141527
0.5890000000000013 0.0000000000144148
0.5900000000000013 0.0000000000146744
0.5910000000000013 0.0000000000149314
0.5920000000000013 0.0000000000151859
0.5930000000000013 0.0000000000154378
0.5940000000000013 0.0000000000156871
0.5950000000000013 0.0000000000159336
0.5960000000000013 0.0000000000161775
0.5970000000000013 0.0000000000164185
0.5980000000000013 0.0000000000166567
0.5990000000000013 0.0000000000168918
0.6000000000000013 0.0000000000171242
0.6010000000000013 0.0000000000173532
0.6020000000000013 0.0000000000175794
0.6030000000000013 0.0000000000178023
0.6040000000000013 0.0000000000180221
0.6050000000000013 0.0000000000182386
0.6060000000000013 0.0000000000184520
0.6070000000000013 0.0000000000186618
0.6080000000000013 0.0000000000188687
0.6090000000000013 0.0000000000190716
0.6100000000000013 0.0000000000192715
0.6110000000000013 0.0000000000194676
0.6120000000000013 0.0000000000196603
0.6130000000000013 0.0000000000198491
0.6140000000000013 0.0000000000200344
0.6150000000000013 0.0000000000202161
0.6160000000000013 0.0000000000203939
0.6170000000000013 0.0000000000205679
0.6180000000000013 0.0000000000207381
0.6190000000000013 0.0000000000209043
0.6200000000000013 0.0000000000210668
0.6210000000000013 0.0000000000212251
0.6220000000000013 0.0000000000213793
0.6230000000000013 0.0000000000215297
0.6240000000000013 0.0000000000216759
0.6250000000000013 0.0000000000218179
0.6260000000000013 0.0000000000219558
0.6270000000000013 0.0000000000220893
0.6280000000000013 0.0000000000222187
0.6290000000000013 0.0000000000223436
0.6300000000000013 0.0000000000224644
0.6310000000000013 0.0000000000225805
0.6320000000000013 0.0000000000226925
0.6330000000000013 0.0000000000227999
0.6340000000000013 0.0000000000229028
0.6350000000000013 0.0000000000230012
0.6360000000000013 0.0000000000230950
0.6370000000000013 0.0000000000231842
0.6380000000000013 0.0000000000232686
0.6390000000000013 0.0000000000233487
0.6400000000000013 0.0000000000234238
0.6410000000000013 0.0000000000234944
0.6420000000000013 0.0000000000235603
0.6430000000000013 0.0000000000236212
0.6440000000000013 0.0000000000236773
0.6450000000000014 0.0000000000237286
0.6460000000000014 0.0000000000237750
0.6470000000000014 0.0000000000238167
0.6480000000000014 0.0000000000238534
0.6490000000000014 0.0000000000238851
0.6500000000000014 0.0000000000239118
0.6510000000000014 0.0000000000239336
0.6520000000000014 0.0000000000239503
0.6530000000000014 0.0000000000239621
0.6540000000000014 0.0000000000239688
0.6550000000000014 0.0000000000239705
0.6560000000000014 0.0000000000239671
0.6570000000000014 0.0000000000239585
0.6580000000000014 0.0000000000239447
0.6590000000000014 0.0000000000239261
0.6600000000000014 0.0000000000239023
0.6610000000000014 0.0000000000238731
0.6620000000000014 0.0000000000238388
0.6630000000000014 0.0000000000237994
0.6640000000000014 0.0000000000237548
0.6650000000000014 0.0000000000237050
0.6660000000000014 0.0000000000236500
0.6670000000000014 0.0000000000235898
0.6680000000000014 0.0000000000235243
0.6690000000000014 0.0000000000234537
0.6700000000000014 0.0000000000233777
0.6710000000000014 0.0000000000232967
0.6720000000000014 0.0000000000232104
0.6730000000000014 0.0000000000231188
0.6740000000000014 0.0000000000230220
0.6750000000000014 0.0000000000229199
0.6760000000000014 0.0000000000228128
0.6770000000000014 0.0000000000227003
0.6780000000000014 0.0000000000225826
0.6790000000000014 0.0000000000224598
0.6800000000000014 0.0000000000223317
0.6810000000000014 0.0000000000221985
0.6820000000000014 0.0000000000220600
0.6830000000000014 0.0000000000219164
0.6840000000000014 0.0000000000217676
0.6850000000000014 0.0000000000216137
0.6860000000000014 0.0000000000214546
0.6870000000000014 0.0000000000212905
0.6880000000000014 0.0000000000211212
0.6890000000000014 0.0000000000209470
0.6900000000000014 0.0000000000207676
0.6910000000000014 0.0000000000205832
0.6920000000000014 0.0000000000203938
0.6930000000000014 0.0000000000201994
0.6940000000000014 0.0000000000200000
0.6950000000000014 0.0000000000197958
0.6960000000000014 0.0000000000195867
0.6970000000000014 0.0000000000193726
0.6980000000000014 0.0000000000191537
0.6990000000000014 0.0000000000189299
0.7000000000000014 0.0000000000187014
0.7010000000000014 0.0000000000184680
0.7020000000000014 0.0000000000182301
0.7030000000000014 0.0000000000179874
0.7040000000000014 0.0000000000177401
0.7050000000000014 0.0000000000174882
0.7060000000000014 0.0000000000172317
0.7070000000000014 0.0000000000169706
0.7080000000000014 0.0000000000167053
0.7090000000000014 0.0000000000164355
0.7100000000000014 0.0000000000161611
0.7110000000000014 0.0000000000158825
0.7120000000000014 0.0000000000155996
0.7130000000000014 0.0000000000153126
0.7140000000000014 0.0000000000150214
0.7150000000000014 0.0000000000147258
0.7160000000000014 0.0000000000144263
0.7170000000000014 0.0000000000141228
0.7180000000000014 0.0000000000138154
0.7190000000000014 0.0000000000135040
0.7200000000000014 0.0000000000131888
0.7210000000000014 0.0000000000128697
0.7220000000000014 0.0000000000125470
0.7230000000000014 0.0000000000122207
0.7240000000000014 0.0000000000118906
0.7250000000000014 0.0000000000115572
0.7260000000000014 0.0000000000112202
0.7270000000000014 0.0000000000108800
0.7280000000000014 0.0000000000105362
0.7290000000000014 0.0000000000101893
0.7300000000000014 0.0000000000098392
0.7310000000000014 0.0000000000094861
0.7320000000000014 0.0000000000091300
0.7330000000000014 0.0000000000087709
0.7340000000000014 0.0000000000084088
0.7350000000000014 0.0000000000080442
0.7360000000000014 0.0000000000076767
0.7370000000000014 0.0000000000073067
0.7380000000000014 0.0000000000069341
0.7390000000000014 0.0000000000065591
0.7400000000000014 0.0000000000061818
0.7410000000000014 0.0000000000058021
0.7420000000000014 0.0000000000054203
0.7430000000000014 0.0000000000050365
0.7440000000000014 0.0000000000046507
0.7450000000000014 0.0000000000042628
0.7460000000000014 0.0000000000038732
0.7470000000000014 0.0000000000034820
0.7480000000000014 0.0000000000030891
0.7490000000000014 0.0000000000026947
0.7500000000000014 0.0000000000022988
0.7510000000000014 0.0000000000019017
0.7520000000000014 0.0000000000015035
0.7530000000000014 0.0000000000011039
0.7540000000000014 0.0000000000007035
0.7550000000000014 0.0000000000003023
0.7560000000000014 0.0000000000000997
0.7570000000000014 0.0000000000005026
0.7580000000000015 0.0000000000009058
0.7590000000000015 0.0000000000013097
0.7600000000000015 0.0000000000017137
0.7610000000000015 0.0000000000021182
0.7620000000000015 0.0000000000025228
0.7630000000000015 0.0000000000029271
0.7640000000000015 0.0000000000033314
0.7650000000000015 0.0000000000037356
0.7660000000000015 0.0000000000041395
0.7670000000000015 0.0000000000045427
0.7680000000000015 0.0000000000049453
0.7690000000000015 0.0000000000053474
0.7700000000000015 0.0000000000057484
0.7710000000000015 0.0000000000061485
0.7720000000000015 0.0000000000065478
0.7730000000000015 0.0000000000069458
0.7740000000000015 0.0000000000073422
0.7750000000000015 0.0000000000077374
0.7760000000000015 0.0000000000081309
0.7770000000000015 0.0000000000085226
0.7780000000000015 0.0000000000089126
0.7790000000000015 0.0000000000093007
0.7800000000000015 0.0000000000096866
0.7810000000000015 0.0000000000100701
0.7820000000000015 0.0000000000104514
0.7830000000000015 0.0000000000108302
0.7840000000000015 0.0000000000112064
0.7850000000000015 0.0000000000115798
0.7860000000000015 0.0000000000119503
0.7870000000000015 0.0000000000123178
0.7880000000000015 0.0000000000126821
0.7890000000000015 0.0000000000130430
0.7900000000000015 0.0000000000134006
0.7910000000000015 0.0000000000137546
0.7920000000000015 0.0000000000141049
0.7930000000000015 0.0000000000144514
0.7940000000000015 0.0000000000147938
0.7950000000000015 0.0000000000151320
0.7960000000000015 0.0000000000154662
0.7970000000000015 0.0000000000157958
0.7980000000000015 0.0000000000161209
0.7990000000000015 0.0000000000164414
0.8000000000000015 0.0000000000167573
0.8010000000000015 0.0000000000170679
0.8020000000000015 0.0000000000173737
0.8030000000000015 0.0000000000176740
0.8040000000000015 0.0000000000179690
0.8050000000000015 0.0000000000182586
0.8060000000000015 0.0000000000185425
0.8070000000000015 0.0000000000188208
0.8080000000000015 0.0000000000190931
0.8090000000000015 0.0000000000193594
0.8100000000000015 0.0000000000196195
0.8110000000000015 0.0000000000198733
0.8120000000000015 0.0000000000201207
0.8130000000000015 0.0000000000203616
0.8140000000000015 0.0000000000205956
0.8150000000000015 0.0000000000208228
0.8160000000000015 0.0000000000210432
0.8170000000000015 0.0000000000212563
0.8180000000000015 0.0000000000214623
0.8190000000000015 0.0000000000216610
0.8200000000000015 0.0000000000218521
0.8210000000000015 0.0000000000220355
0.8220000000000015 0.0000000000222113
0.8230000000000015 0.0000000000223793
0.8240000000000015 0.0000000000225393
0.8250000000000015 0.0000000000226912
0.8260000000000015 0.0000000000228348
0.8270000000000015 0.0000000000229703
0.8280000000000015 0.0000000000230971
0.8290000000000015 0.0000000000232153
0.8300000000000015 0.0000000000233249
0.8310000000000015 0.0000000000234258
0.8320000000000015 0.0000000000235177
0.8330000000000015 0.0000000000236007
0.8340000000000015 0.0000000000236745
0.8350000000000015 0.0000000000237390
0.8360000000000015 0.0000000000237943
0.8370000000000015 0.0000000000238400
0.8380000000000015 0.0000000000238765
0.8390000000000015 0.0000000000239031
0.8400000000000015 0.0000000000239202
0.8410000000000015 0.0000000000239273
0.8420000000000015 0.0000000000239246
0.8430000000000015 0.0000000000239120
0.8440000000000015 0.0000000000238893
0.8450000000000015 0.0000000000238565
0.8460000000000015 0.0000000000238135
0.8470000000000015 0.0000000000237600
0.8480000000000015 0.0000000000236963
0.8490000000000015 0.0000000000236223
0.8500000000000015 0.0000000000235377
0.8510000000000015 0.0000000000234427
0.8520000000000015 0.0000000000233371
0.8530000000000015 0.0000000000232206
0.8540000000000015 0.0000000000230937
0.8550000000000015 0.0000000000229560
0.8560000000000015 0.0000000000228074
0.8570000000000015 0.0000000000226480
0.8580000000000015 0.0000000000224778
0.8590000000000015 0.0000000000222969
0.8600000000000015 0.0000000000221049
0.8610000000000015 0.0000000000219019
0.8620000000000015 0.0000000000216882
0.8630000000000015 0.0000000000214634
0.8640000000000015 0.0000000000212277
0.8650000000000015 0.0000000000209810
0.8660000000000015 0.0000000000207233
0.8670000000000015 0.0000000000204549
0.8680000000000015 0.0000000000201754
0.8690000000000015 0.0000000000198851
0.8700000000000015 0.0000000000195839
0.8710000000000016 0.0000000000192719
0.8720000000000016 0.0000000000189490
0.8730000000000016 0.0000000000186154
0.8740000000000016 0.0000000000182712
0.8750000000000016 0.0000000000179162
0.8760000000000016 0.0000000000175506
0.8770000000000016 0.0000000000171747
0.8780000000000016 0.0000000000167881
0.8790000000000016 0.0000000000163911
0.8800000000000016 0.0000000000159841
0.8810000000000016 0.0000000000155669
0.8820000000000016 0.0000000000151396
0.8830000000000016 0.0000000000147021
0.8840000000000016 0.0000000000142550
0.8850000000000016 0.0000000000137982
0.8860000000000016 0.0000000000133316
0.8870000000000016 0.0000000000128558
0.8880000000000016 0.0000000000123709
0.8890000000000016 0.0000000000118765
0.8900000000000016 0.0000000000113732
0.8910000000000016 0.0000000000108612
0.8920000000000016 0.0000000000103406
0.8930000000000016 0.0000000000098115
0.8940000000000016 0.0000000000092746
0.8950000000000016 0.0000000000087292
0.8960000000000016 0.0000000000081763
0.8970000000000016 0.0000000000076158
0.8980000000000016 0.0000000000070480
0.8990000000000016 0.0000000000064733
0.9000000000000016 0.0000000000058916
0.9010000000000016 0.0000000000053036
0.9020000000000016 0.0000000000047093
0.9030000000000016 0.0000000000041090
0.9040000000000016 0.0000000000035031
0.9050000000000016 0.0000000000028920
0.9060000000000016 0.0000000000022758
0.9070000000000016 0.0000000000016549
0.9080000000000016 0.0000000000010298
0.9090000000000016 0.0000000000004006
0.9100000000000016 0.0000000000002319
0.9110000000000016 0.0000000000008678
0.9120000000000016 0.0000000000015064
0.9130000000000016 0.0000000000021473
0.9140000000000016 0.0000000000027902
0.9150000000000016 0.0000000000034347
0.9160000000000016 0.0000000000040801
0.9170000000000016 0.0000000000047260
0.9180000000000016 0.0000000000053724
0.9190000000000016 0.0000000000060182
0.9200000000000016 0.0000000000066631
0.9210000000000016 0.0000000000073066
0.9220000000000016 0.0000000000079480
0.9230000000000016 0.0000000000085872
0.9240000000000016 0.0000000000092232
0.9250000000000016 0.0000000000098554
0.9260000000000016 0.0000000000104838
0.9270000000000016 0.0000000000111069
0.9280000000000016 0.0000000000117250
0.9290000000000016 0.0000000000123364
0.9300000000000016 0.0000000000129413
0.9310000000000016 0.0000000000135388
0.9320000000000016 0.0000000000141280
0.9330000000000016 0.0000000000147083
0.9340000000000016 0.0000000000152791
0.9350000000000016 0.0000000000158396
0.9360000000000016 0.0000000000163889
0.9370000000000016 0.0000000000169261
0.9380000000000016 0.0000000000174509
0.9390000000000016 0.0000000000179620
0.9400000000000016 0.0000000000184587
0.9410000000000016 0.0000000000189402
0.9420000000000016 0.0000000000194054
0.9430000000000016 0.0000000000198539
0.9440000000000016 0.0000000000202842
0.9450000000000016 0.0000000000206956
0.9460000000000016 0.0000000000210872
0.9470000000000016 0.0000000000214578
0.9480000000000016 0.0000000000218067
0.9490000000000016 0.0000000000221326
0.9500000000000016 0.0000000000224347
0.9510000000000016 0.0000000000227117
0.9520000000000016 0.0000000000229625
0.9530000000000016 0.0000000000231861
0.9540000000000016 0.0000000000233812
0.9550000000000016 0.0000000000235471
0.9560000000000016 0.0000000000236818
0.9570000000000016 0.0000000000237846
0.9580000000000016 0.0000000000238545
0.9590000000000016 0.0000000000238896
0.9600000000000016 0.0000000000238890
0.9610000000000016 0.0000000000238514
0.9620000000000016 0.0000000000237752
0.9630000000000016 0.0000000000236593
0.9640000000000016 0.0000000000235021
0.9650000000000016 0.0000000000233022
0.9660000000000016 0.0000000000230583
0.9670000000000016 0.0000000000227689
0.9680000000000016 0.0000000000224324
0.9690000000000016 0.0000000000220471
0.9700000000000016 0.0000000000216117
0.9710000000000016 0.0000000000211245
0.9720000000000016 0.0000000000205838
0.9730000000000016 0.0000000000199881
0.9740000000000016 0.0000000000193356
0.9750000000000016 0.0000000000186245
0.9760000000000016 0.0000000000178532
0.9770000000000016 0.0000000000170199
0.9780000000000016 0.0000000000161229
0.9790000000000016 0.0000000000151600
0.9800000000000016 0.0000000000141295
0.9810000000000016 0.0000000000130296
0.9820000000000016 0.0000000000118581
0.9830000000000017 0.0000000000106133
0.9840000000000017 0.0000000000092931
0.9850000000000017 0.0000000000078952
0.9860000000000017 0.0000000000064178
0.9870000000000017 0.0000000000048588
0.9880000000000017 0.0000000000032159
0.9890000000000017 0.0000000000014869
0.9900000000000017 0.0000000000003305
0.9910000000000017 0.0000000000022387
0.9920000000000017 0.0000000000042395
0.9930000000000017 0.0000000000063354
0.9940000000000017 0.0000000000085293
0.9950000000000017 0.0000000000108231
0.9960000000000017 0.0000000000132194
0.9970000000000017 0.0000000000157210
0.9980000000000017 0.0000000000183299
0.9990000000000017 0.0000000000210491
