-1.0000000000000000 0.0000000009407740
-0.9990000000000000 0.0000000001149801
-0.9980000000000000 0.0000000001123034
-0.9970000000000000 0.0000000000210199
-0.9960000000000000 0.0000000000697377
-0.9950000000000000 0.0000000000471760
-0.9940000000000000 0.0000000000049253
-0.9930000000000000 0.0000000000244372
-0.9920000000000000 0.0000000000323901
-0.9910000000000000 0.0000000000245458
-0.9900000000000000 0.0000000000105987
-0.9890000000000000 0.0000000000016506
-0.9880000000000000 0.0000000000083585
-0.9870000000000000 0.0000000000092467
-0.9860000000000000 0.0000000000061832
-0.9850000000000000 0.0000000000017032
-0.9840000000000000 0.0000000000020516
-0.9830000000000000 0.0000000000038511
-0.9820000000000000 0.0000000000034424
-0.9810000000000000 0.0000000000013171
-0.9800000000000000 0.0000000000016344
-0.9790000000000000 0.0000000000044652
-0.9780000000000000 0.0000000000064263
-0.9770000000000000 0.0000000000071013
-0.9760000000000000 0.0000000000064342
-0.9750000000000000 0.0000000000046688
-0.9740000000000000 0.0000000000022444
-0.9730000000000000 0.0000000000003282
-0.9720000000000000 0.0000000000025748
-0.9710000000000000 0.0000000000041395
-0.9700000000000000 0.0000000000048272
-0.9690000000000000 0.0000000000046140
-0.9680000000000000 0.0000000000036244
-0.9670000000000000 0.0000000000020912
-0.9660000000000000 0.0000000000003050
-0.9650000000000000 0.0000000000014381
-0.9640000000000000 0.0000000000028783
-0.9630000000000000 0.0000000000038244
-0.9620000000000000 0.0000000000041730
-0.9610000000000000 0.0000000000039089
-0.9600000000000000 0.0000000000030982
-0.9590000000000000 0.0000000000018714
-0.9580000000000000 0.0000000000003982
-0.9570000000000000 0.0000000000011353
-0.9560000000000000 0.0000000000025517
-0.9550000000000000 0.0000000000037013
-0.9540000000000000 0.0000000000044744
-0.9530000000000000 0.0000000000048125
-0.9520000000000000 0.0000000000047065
-0.9510000000000000 0.0000000000041942
-0.9500000000000000 0.0000000000033518
-0.9490000000000000 0.0000000000022814
-0.9480000000000000 0.0000000000011001
-0.9470000000000000 0.0000000000000744
-0.9460000000000000 0.0000000000011345
-0.9450000000000000 0.0000000000019929
-0.9440000000000000 0.0000000000025877
-0.9429999999999999 0.0000000000028874
-0.9419999999999999 0.0000000000028901
-0.9409999999999999 0.0000000000026212
-0.9399999999999999 0.0000000000021303
-0.9389999999999999 0.0000000000014826
-0.9379999999999999 0.0000000000007540
-0.9369999999999999 0.0000000000000218
-0.9359999999999999 0.0000000000006398
-0.9349999999999999 0.0000000000011686
-0.9339999999999999 0.0000000000015170
-0.9329999999999999 0.0000000000016549
-0.9319999999999999 0.0000000000015729
-0.9309999999999999 0.0000000000012803
-0.9299999999999999 0.0000000000008044
-0.9289999999999999 0.0000000000001865
-0.9279999999999999 0.0000000000005204
-0.9269999999999999 0.0000000000012577
-0.9259999999999999 0.0000000000019649
-0.9249999999999999 0.0000000000025847
-0.9239999999999999 0.0000000000030658
-0.9229999999999999 0.0000000000033683
-0.9219999999999999 0.0000000000034645
-0.9209999999999999 0.0000000000033408
-0.9199999999999999 0.0000000000029989
-0.9189999999999999 0.0000000000024544
-0.9179999999999999 0.0000000000017364
-0.9169999999999999 0.0000000000008840
-0.9159999999999999 0.0000000000000551
-0.9149999999999999 0.0000000000010278
-0.9139999999999999 0.0000000000019801
-0.9129999999999999 0.0000000000028585
-0.9119999999999999 0.0000000000036148
-0.9109999999999999 0.0000000000042071
-0.9099999999999999 0.0000000000046035
-0.9089999999999999 0.0000000000047825
-0.9079999999999999 0.0000000000047342
-0.9069999999999999 0.0000000000044605
-0.9059999999999999 0.0000000000039758
-0.9049999999999999 0.0000000000033038
-0.9039999999999999 0.0000000000024778
-0.9029999999999999 0.0000000000015384
-0.9019999999999999 0.0000000000005311
-0.9009999999999999 0.0000000000004963
-0.8999999999999999 0.0000000000014951
-0.8989999999999999 0.0000000000024196
-0.8979999999999999 0.0000000000032276
-0.8969999999999999 0.0000000000038832
-0.8959999999999999 0.0000000000043581
-0.8949999999999999 0.0000000000046319
-0.8939999999999999 0.0000000000046949
-0.8929999999999999 0.0000000000045458
-0.8919999999999999 0.0000000000041934
-0.8909999999999999 0.0000000000036541
-0.8899999999999999 0.0000000000029530
-0.8889999999999999 0.0000000000021215
-0.8879999999999999 0.0000000000011955
-0.8869999999999999 0.0000000000002142
-0.8859999999999999 0.0000000000007808
-0.8849999999999999 0.0000000000017490
-0.8839999999999999 0.0000000000026515
-0.8829999999999999 0.0000000000034526
-0.8819999999999999 0.0000000000041210
-0.8809999999999999 0.0000000000046322
-0.8799999999999999 0.0000000000049668
-0.8789999999999999 0.0000000000051137
-0.8779999999999999 0.0000000000050692
-0.8769999999999999 0.0000000000048360
-0.8759999999999999 0.0000000000044243
-0.8749999999999999 0.0000000000038509
-0.8739999999999999 0.0000000000031382
-0.8729999999999999 0.0000000000023124
-0.8719999999999999 0.0000000000014041
-0.8709999999999999 0.0000000000004459
-0.8699999999999999 0.0000000000005288
-0.8689999999999999 0.0000000000014865
-0.8679999999999999 0.0000000000023946
-0.8669999999999999 0.0000000000032243
-0.8659999999999999 0.0000000000039487
-0.8649999999999999 0.0000000000045457
-0.8639999999999999 0.0000000000049981
-0.8629999999999999 0.0000000000052941
-0.8619999999999999 0.0000000000054267
-0.8609999999999999 0.0000000000053947
-0.8599999999999999 0.0000000000052027
-0.8589999999999999 0.0000000000048598
-0.8579999999999999 0.0000000000043799
-0.8569999999999999 0.0000000000037808
-0.8559999999999999 0.0000000000030834
-0.8549999999999999 0.0000000000023118
-0.8539999999999999 0.0000000000014904
-0.8529999999999999 0.0000000000006457
-0.8519999999999999 0.0000000000001970
-0.8509999999999999 0.0000000000010122
-0.8499999999999999 0.0000000000017769
-0.8489999999999999 0.0000000000024700
-0.8479999999999999 0.0000000000030735
-0.8469999999999999 0.0000000000035723
-0.8459999999999999 0.0000000000039552
-0.8449999999999999 0.0000000000042152
-0.8439999999999999 0.0000000000043482
-0.8429999999999999 0.0000000000043552
-0.8419999999999999 0.0000000000042397
-0.8409999999999999 0.0000000000040097
-0.8399999999999999 0.0000000000036762
-0.8389999999999999 0.0000000000032516
-0.8379999999999999 0.0000000000027520
-0.8369999999999999 0.0000000000021942
-0.8359999999999999 0.0000000000015963
-0.8349999999999999 0.0000000000009767
-0.8339999999999999 0.0000000000003544
-0.8329999999999999 0.0000000000002536
-0.8319999999999999 0.0000000000008296
-0.8309999999999998 0.0000000000013590
-0.8299999999999998 0.0000000000018284
-0.8289999999999998 0.0000000000022267
-0.8279999999999998 0.0000000000025452
-0.8269999999999998 0.0000000000027778
-0.8259999999999998 0.0000000000029212
-0.8249999999999998 0.0000000000029746
-0.8239999999999998 0.0000000000029399
-0.8229999999999998 0.0000000000028210
-0.8219999999999998 0.0000000000026246
-0.8209999999999998 0.0000000000023588
-0.8199999999999998 0.0000000000020334
-0.8189999999999998 0.0000000000016598
-0.8179999999999998 0.0000000000012501
-0.8169999999999998 0.0000000000008166
-0.8159999999999998 0.0000000000003724
-0.8149999999999998 0.0000000000000703
-0.8139999999999998 0.0000000000004993
-0.8129999999999998 0.0000000000009029
-0.8119999999999998 0.0000000000012714
-0.8109999999999998 0.0000000000015959
-0.8099999999999998 0.0000000000018693
-0.8089999999999998 0.0000000000020854
-0.8079999999999998 0.0000000000022408
-0.8069999999999998 0.0000000000023330
-0.8059999999999998 0.0000000000023617
-0.8049999999999998 0.0000000000023280
-0.8039999999999998 0.0000000000022350
-0.8029999999999998 0.0000000000020866
-0.8019999999999998 0.0000000000018887
-0.8009999999999998 0.0000000000016477
-0.7999999999999998 0.0000000000013713
-0.7989999999999998 0.0000000000010675
-0.7979999999999998 0.0000000000007447
-0.7969999999999998 0.0000000000004118
-0.7959999999999998 0.0000000000000774
-0.7949999999999998 0.0000000000002506
-0.7939999999999998 0.0000000000005639
-0.7929999999999998 0.0000000000008554
-0.7919999999999998 0.0000000000011191
-0.7909999999999998 0.0000000000013496
-0.7899999999999998 0.0000000000015423
-0.7889999999999998 0.0000000000016943
-0.7879999999999998 0.0000000000018031
-0.7869999999999998 0.0000000000018681
-0.7859999999999998 0.0000000000018897
-0.7849999999999998 0.0000000000018688
-0.7839999999999998 0.0000000000018079
-0.7829999999999998 0.0000000000017101
-0.7819999999999998 0.0000000000015794
-0.7809999999999998 0.0000000000014203
-0.7799999999999998 0.0000000000012379
-0.7789999999999998 0.0000000000010377
-0.7779999999999998 0.0000000000008252
-0.7769999999999998 0.0000000000006061
-0.7759999999999998 0.0000000000003859
-0.7749999999999998 0.0000000000001704
-0.7739999999999998 0.0000000000000360
-0.7729999999999998 0.0000000000002284
-0.7719999999999998 0.0000000000004032
-0.7709999999999998 0.0000000000005569
-0.7699999999999998 0.0000000000006870
-0.7689999999999998 0.0000000000007913
-0.7679999999999998 0.0000000000008690
-0.7669999999999998 0.0000000000009198
-0.7659999999999998 0.0000000000009439
-0.7649999999999998 0.0000000000009420
-0.7639999999999998 0.0000000000009163
-0.7629999999999998 0.0000000000008684
-0.7619999999999998 0.0000000000008015
-0.7609999999999998 0.0000000000007185
-0.7599999999999998 0.0000000000006226
-0.7589999999999998 0.0000000000005178
-0.7579999999999998 0.0000000000004071
-0.7569999999999998 0.0000000000002948
-0.7559999999999998 0.0000000000001840
-0.7549999999999998 0.0000000000000784
-0.7539999999999998 0.0000000000000193
-0.7529999999999998 0.0000000000001061
-0.7519999999999998 0.0000000000001796
-0.7509999999999998 0.0000000000002380
-0.7499999999999998 0.0000000000002802
-0.7489999999999998 0.0000000000003049
-0.7479999999999998 0.0000000000003120
-0.7469999999999998 0.0000000000003015
-0.7459999999999998 0.0000000000002743
-0.7449999999999998 0.0000000000002315
-0.7439999999999998 0.0000000000001746
-0.7429999999999998 0.0000000000001056
-0.7419999999999998 0.0000000000000269
-0.7409999999999998 0.0000000000000592
-0.7399999999999998 0.0000000000001497
-0.7389999999999998 0.0000000000002418
-0.7379999999999998 0.0000000000003326
-0.7369999999999998 0.0000000000004193
-0.7359999999999998 0.0000000000004990
-0.7349999999999998 0.0000000000005691
-0.7339999999999998 0.0000000000006273
-0.7329999999999998 0.0000000000006715
-0.7319999999999998 0.0000000000007001
-0.7309999999999998 0.0000000000007113
-0.7299999999999998 0.0000000000007047
-0.7289999999999998 0.0000000000006793
-0.7279999999999998 0.0000000000006355
-0.7269999999999998 0.0000000000005734
-0.7259999999999998 0.0000000000004937
-0.7249999999999998 0.0000000000003980
-0.7239999999999998 0.0000000000002877
-0.7229999999999998 0.0000000000001649
-0.7219999999999998 0.0000000000000318
-0.7209999999999998 0.0000000000001092
-0.7199999999999998 0.0000000000002551
-0.7189999999999998 0.0000000000004031
-0.7179999999999997 0.0000000000005503
-0.7169999999999997 0.0000000000006936
-0.7159999999999997 0.0000000000008299
-0.7149999999999997 0.0000000000009565
-0.7139999999999997 0.0000000000010708
-0.7129999999999997 0.0000000000011702
-0.7119999999999997 0.0000000000012522
-0.7109999999999997 0.0000000000013155
-0.7099999999999997 0.0000000000013580
-0.7089999999999997 0.0000000000013789
-0.7079999999999997 0.0000000000013773
-0.7069999999999997 0.0000000000013527
-0.7059999999999997 0.0000000000013056
-0.7049999999999997 0.0000000000012359
-0.7039999999999997 0.0000000000011450
-0.7029999999999997 0.0000000000010338
-0.7019999999999997 0.0000000000009044
-0.7009999999999997 0.0000000000007585
-0.6999999999999997 0.0000000000005984
-0.6989999999999997 0.0000000000004270
-0.6979999999999997 0.0000000000002466
-0.6969999999999997 0.0000000000000603
-0.6959999999999997 0.0000000000001287
-0.6949999999999997 0.0000000000003173
-0.6939999999999997 0.0000000000005028
-0.6929999999999997 0.0000000000006820
-0.6919999999999997 0.0000000000008520
-0.6909999999999997 0.0000000000010101
-0.6899999999999997 0.0000000000011536
-0.6889999999999997 0.0000000000012804
-0.6879999999999997 0.0000000000013886
-0.6869999999999997 0.0000000000014764
-0.6859999999999997 0.0000000000015425
-0.6849999999999997 0.0000000000015863
-0.6839999999999997 0.0000000000016068
-0.6829999999999997 0.0000000000016039
-0.6819999999999997 0.0000000000015780
-0.6809999999999997 0.0000000000015296
-0.6799999999999997 0.0000000000014595
-0.6789999999999997 0.0000000000013690
-0.6779999999999997 0.0000000000012600
-0.6769999999999997 0.0000000000011340
-0.6759999999999997 0.0000000000009933
-0.6749999999999997 0.0000000000008404
-0.6739999999999997 0.0000000000006778
-0.6729999999999997 0.0000000000005077
-0.6719999999999997 0.0000000000003334
-0.6709999999999997 0.0000000000001573
-0.6699999999999997 0.0000000000000179
-0.6689999999999997 0.0000000000001892
-0.6679999999999997 0.0000000000003542
-0.6669999999999997 0.0000000000005105
-0.6659999999999997 0.0000000000006557
-0.6649999999999997 0.0000000000007879
-0.6639999999999997 0.0000000000009052
-0.6629999999999997 0.0000000000010059
-0.6619999999999997 0.0000000000010892
-0.6609999999999997 0.0000000000011535
-0.6599999999999997 0.0000000000011987
-0.6589999999999997 0.0000000000012241
-0.6579999999999997 0.0000000000012300
-0.6569999999999997 0.0000000000012165
-0.6559999999999997 0.0000000000011843
-0.6549999999999997 0.0000000000011341
-0.6539999999999997 0.0000000000010673
-0.6529999999999997 0.0000000000009849
-0.6519999999999997 0.0000000000008891
-0.6509999999999997 0.0000000000007814
-0.6499999999999997 0.0000000000006635
-0.6489999999999997 0.0000000000005376
-0.6479999999999997 0.0000000000004060
-0.6469999999999997 0.0000000000002708
-0.6459999999999997 0.0000000000001341
-0.6449999999999997 0.0000000000000018
-0.6439999999999997 0.0000000000001346
-0.6429999999999997 0.0000000000002623
-0.6419999999999997 0.0000000000003835
-0.6409999999999997 0.0000000000004958
-0.6399999999999997 0.0000000000005980
-0.6389999999999997 0.0000000000006886
-0.6379999999999997 0.0000000000007663
-0.6369999999999997 0.0000000000008303
-0.6359999999999997 0.0000000000008799
-0.6349999999999997 0.0000000000009143
-0.6339999999999997 0.0000000000009335
-0.6329999999999997 0.0000000000009377
-0.6319999999999997 0.0000000000009265
-0.6309999999999997 0.0000000000009012
-0.6299999999999997 0.0000000000008618
-0.6289999999999997 0.0000000000008095
-0.6279999999999997 0.0000000000007453
-0.6269999999999997 0.0000000000006702
-0.6259999999999997 0.0000000000005859
-0.6249999999999997 0.0000000000004938
-0.6239999999999997 0.0000000000003952
-0.6229999999999997 0.0000000000002920
-0.6219999999999997 0.0000000000001860
-0.6209999999999997 0.0000000000000780
-0.6199999999999997 0.0000000000000293
-0.6189999999999997 0.0000000000001350
-0.6179999999999997 0.0000000000002373
-0.6169999999999997 0.0000000000003347
-0.6159999999999997 0.0000000000004261
-0.6149999999999997 0.0000000000005103
-0.6139999999999997 0.0000000000005861
-0.6129999999999997 0.0000000000006526
-0.6119999999999997 0.0000000000007092
-0.6109999999999997 0.0000000000007553
-0.6099999999999997 0.0000000000007904
-0.6089999999999997 0.0000000000008141
-0.6079999999999997 0.0000000000008269
-0.6069999999999997 0.0000000000008283
-0.6059999999999997 0.0000000000008193
-0.6049999999999996 0.0000000000007998
-0.6039999999999996 0.0000000000007708
-0.6029999999999996 0.0000000000007326
-0.6019999999999996 0.0000000000006863
-0.6009999999999996 0.0000000000006327
-0.5999999999999996 0.0000000000005732
-0.5989999999999996 0.0000000000005083
-0.5979999999999996 0.0000000000004394
-0.5969999999999996 0.0000000000003678
-0.5959999999999996 0.0000000000002942
-0.5949999999999996 0.0000000000002202
-0.5939999999999996 0.0000000000001468
-0.5929999999999996 0.0000000000000748
-0.5919999999999996 0.0000000000000056
-0.5909999999999996 0.0000000000000604
-0.5899999999999996 0.0000000000001221
-0.5889999999999996 0.0000000000001787
-0.5879999999999996 0.0000000000002299
-0.5869999999999996 0.0000000000002750
-0.5859999999999996 0.0000000000003135
-0.5849999999999996 0.0000000000003456
-0.5839999999999996 0.0000000000003706
-0.5829999999999996 0.0000000000003890
-0.5819999999999996 0.0000000000004005
-0.5809999999999996 0.0000000000004057
-0.5799999999999996 0.0000000000004049
-0.5789999999999996 0.0000000000003981
-0.5779999999999996 0.0000000000003862
-0.5769999999999996 0.0000000000003700
-0.5759999999999996 0.0000000000003496
-0.5749999999999996 0.0000000000003261
-0.5739999999999996 0.0000000000003001
-0.5729999999999996 0.0000000000002722
-0.5719999999999996 0.0000000000002432
-0.5709999999999996 0.0000000000002142
-0.5699999999999996 0.0000000000001854
-0.5689999999999996 0.0000000000001578
-0.5679999999999996 0.0000000000001317
-0.5669999999999996 0.0000000000001082
-0.5659999999999996 0.0000000000000875
-0.5649999999999996 0.0000000000000698
-0.5639999999999996 0.0000000000000562
-0.5629999999999996 0.0000000000000461
-0.5619999999999996 0.0000000000000400
-0.5609999999999996 0.0000000000000381
-0.5599999999999996 0.0000000000000403
-0.5589999999999996 0.0000000000000464
-0.5579999999999996 0.0000000000000562
-0.5569999999999996 0.0000000000000696
-0.5559999999999996 0.0000000000000858
-0.5549999999999996 0.0000000000001049
-0.5539999999999996 0.0000000000001261
-0.5529999999999996 0.0000000000001489
-0.5519999999999996 0.0000000000001724
-0.5509999999999996 0.0000000000001964
-0.5499999999999996 0.0000000000002196
-0.5489999999999996 0.0000000000002423
-0.5479999999999996 0.0000000000002630
-0.5469999999999996 0.0000000000002814
-0.5459999999999996 0.0000000000002967
-0.5449999999999996 0.0000000000003082
-0.5439999999999996 0.0000000000003157
-0.5429999999999996 0.0000000000003187
-0.5419999999999996 0.0000000000003166
-0.5409999999999996 0.0000000000003090
-0.5399999999999996 0.0000000000002960
-0.5389999999999996 0.0000000000002769
-0.5379999999999996 0.0000000000002522
-0.5369999999999996 0.0000000000002216
-0.5359999999999996 0.0000000000001854
-0.5349999999999996 0.0000000000001436
-0.5339999999999996 0.0000000000000967
-0.5329999999999996 0.0000000000000452
-0.5319999999999996 0.0000000000000107
-0.5309999999999996 0.0000000000000702
-0.5299999999999996 0.0000000000001324
-0.5289999999999996 0.0000000000001972
-0.5279999999999996 0.0000000000002631
-0.5269999999999996 0.0000000000003300
-0.5259999999999996 0.0000000000003963
-0.5249999999999996 0.0000000000004619
-0.5239999999999996 0.0000000000005249
-0.5229999999999996 0.0000000000005852
-0.5219999999999996 0.0000000000006417
-0.5209999999999996 0.0000000000006938
-0.5199999999999996 0.0000000000007400
-0.5189999999999996 0.0000000000007803
-0.5179999999999996 0.0000000000008136
-0.5169999999999996 0.0000000000008391
-0.5159999999999996 0.0000000000008570
-0.5149999999999996 0.0000000000008660
-0.5139999999999996 0.0000000000008663
-0.5129999999999996 0.0000000000008575
-0.5119999999999996 0.0000000000008393
-0.5109999999999996 0.0000000000008120
-0.5099999999999996 0.0000000000007756
-0.5089999999999996 0.0000000000007303
-0.5079999999999996 0.0000000000006761
-0.5069999999999996 0.0000000000006138
-0.5059999999999996 0.0000000000005439
-0.5049999999999996 0.0000000000004671
-0.5039999999999996 0.0000000000003840
-0.5029999999999996 0.0000000000002952
-0.5019999999999996 0.0000000000002021
-0.5009999999999996 0.0000000000001054
-0.4999999999999996 0.0000000000000061
-0.4989999999999996 0.0000000000000948
-0.4979999999999996 0.0000000000001961
-0.4969999999999996 0.0000000000002965
-0.4959999999999996 0.0000000000003956
-0.4949999999999996 0.0000000000004914
-0.4939999999999996 0.0000000000005834
-0.4929999999999995 0.0000000000006704
-0.4919999999999995 0.0000000000007513
-0.4909999999999995 0.0000000000008256
-0.4899999999999995 0.0000000000008918
-0.4889999999999995 0.0000000000009499
-0.4879999999999995 0.0000000000009986
-0.4869999999999995 0.0000000000010375
-0.4859999999999995 0.0000000000010663
-0.4849999999999995 0.0000000000010845
-0.4839999999999995 0.0000000000010919
-0.4829999999999995 0.0000000000010884
-0.4819999999999995 0.0000000000010738
-0.4809999999999995 0.0000000000010485
-0.4799999999999995 0.0000000000010129
-0.4789999999999995 0.0000000000009669
-0.4779999999999995 0.0000000000009113
-0.4769999999999995 0.0000000000008465
-0.4759999999999995 0.0000000000007736
-0.4749999999999995 0.0000000000006930
-0.4739999999999995 0.0000000000006055
-0.4729999999999995 0.0000000000005125
-0.4719999999999995 0.0000000000004146
-0.4709999999999995 0.0000000000003131
-0.4699999999999995 0.0000000000002088
-0.4689999999999995 0.0000000000001033
-0.4679999999999995 0.0000000000000029
-0.4669999999999995 0.0000000000001080
-0.4659999999999995 0.0000000000002111
-0.4649999999999995 0.0000000000003114
-0.4639999999999995 0.0000000000004075
-0.4629999999999995 0.0000000000004986
-0.4619999999999995 0.0000000000005835
-0.4609999999999995 0.0000000000006616
-0.4599999999999995 0.0000000000007320
-0.4589999999999995 0.0000000000007938
-0.4579999999999995 0.0000000000008465
-0.4569999999999995 0.0000000000008901
-0.4559999999999995 0.0000000000009234
-0.4549999999999995 0.0000000000009466
-0.4539999999999995 0.0000000000009595
-0.4529999999999995 0.0000000000009618
-0.4519999999999995 0.0000000000009538
-0.4509999999999995 0.0000000000009357
-0.4499999999999995 0.0000000000009077
-0.4489999999999995 0.0000000000008703
-0.4479999999999995 0.0000000000008238
-0.4469999999999995 0.0000000000007693
-0.4459999999999995 0.0000000000007068
-0.4449999999999995 0.0000000000006376
-0.4439999999999995 0.0000000000005623
-0.4429999999999995 0.0000000000004819
-0.4419999999999995 0.0000000000003972
-0.4409999999999995 0.0000000000003095
-0.4399999999999995 0.0000000000002197
-0.4389999999999995 0.0000000000001285
-0.4379999999999995 0.0000000000000374
-0.4369999999999995 0.0000000000000527
-0.4359999999999995 0.0000000000001410
-0.4349999999999995 0.0000000000002263
-0.4339999999999995 0.0000000000003079
-0.4329999999999995 0.0000000000003848
-0.4319999999999995 0.0000000000004559
-0.4309999999999995 0.0000000000005209
-0.4299999999999995 0.0000000000005789
-0.4289999999999995 0.0000000000006294
-0.4279999999999995 0.0000000000006718
-0.4269999999999995 0.0000000000007057
-0.4259999999999995 0.0000000000007313
-0.4249999999999995 0.0000000000007476
-0.4239999999999995 0.0000000000007551
-0.4229999999999995 0.0000000000007535
-0.4219999999999995 0.0000000000007431
-0.4209999999999995 0.0000000000007241
-0.4199999999999995 0.0000000000006967
-0.4189999999999995 0.0000000000006614
-0.4179999999999995 0.0000000000006186
-0.4169999999999995 0.0000000000005691
-0.4159999999999995 0.0000000000005135
-0.4149999999999995 0.0000000000004521
-0.4139999999999995 0.0000000000003861
-0.4129999999999995 0.0000000000003161
-0.4119999999999995 0.0000000000002431
-0.4109999999999995 0.0000000000001681
-0.4099999999999995 0.0000000000000917
-0.4089999999999995 0.0000000000000148
-0.4079999999999995 0.0000000000000618
-0.4069999999999995 0.0000000000001367
-0.4059999999999995 0.0000000000002096
-0.4049999999999995 0.0000000000002794
-0.4039999999999995 0.0000000000003455
-0.4029999999999995 0.0000000000004070
-0.4019999999999995 0.0000000000004634
-0.4009999999999995 0.0000000000005139
-0.3999999999999995 0.0000000000005583
-0.3989999999999995 0.0000000000005960
-0.3979999999999995 0.0000000000006262
-0.3969999999999995 0.0000000000006493
-0.3959999999999995 0.0000000000006646
-0.3949999999999995 0.0000000000006724
-0.3939999999999995 0.0000000000006722
-0.3929999999999995 0.0000000000006647
-0.3919999999999995 0.0000000000006494
-0.3909999999999995 0.0000000000006271
-0.3899999999999995 0.0000000000005979
-0.3889999999999995 0.0000000000005619
-0.3879999999999995 0.0000000000005200
-0.3869999999999995 0.0000000000004727
-0.3859999999999995 0.0000000000004206
-0.3849999999999995 0.0000000000003638
-0.3839999999999995 0.0000000000003036
-0.3829999999999995 0.0000000000002405
-0.3819999999999995 0.0000000000001753
-0.3809999999999995 0.0000000000001086
-0.3799999999999994 0.0000000000000414
-0.3789999999999994 0.0000000000000258
-0.3779999999999994 0.0000000000000920
-0.3769999999999994 0.0000000000001565
-0.3759999999999994 0.0000000000002187
-0.3749999999999994 0.0000000000002780
-0.3739999999999994 0.0000000000003337
-0.3729999999999994 0.0000000000003852
-0.3719999999999994 0.0000000000004319
-0.3709999999999994 0.0000000000004732
-0.3699999999999994 0.0000000000005089
-0.3689999999999994 0.0000000000005388
-0.3679999999999994 0.0000000000005623
-0.3669999999999994 0.0000000000005795
-0.3659999999999994 0.0000000000005901
-0.3649999999999994 0.0000000000005942
-0.3639999999999994 0.0000000000005915
-0.3629999999999994 0.0000000000005825
-0.3619999999999994 0.0000000000005674
-0.3609999999999994 0.0000000000005462
-0.3599999999999994 0.0000000000005194
-0.3589999999999994 0.0000000000004873
-0.3579999999999994 0.0000000000004502
-0.3569999999999994 0.0000000000004088
-0.3559999999999994 0.0000000000003635
-0.3549999999999994 0.0000000000003150
-0.3539999999999994 0.0000000000002639
-0.3529999999999994 0.0000000000002106
-0.3519999999999994 0.0000000000001560
-0.3509999999999994 0.0000000000001006
-0.3499999999999994 0.0000000000000450
-0.3489999999999994 0.0000000000000101
-0.3479999999999994 0.0000000000000639
-0.3469999999999994 0.0000000000001161
-0.3459999999999994 0.0000000000001659
-0.3449999999999994 0.0000000000002128
-0.3439999999999994 0.0000000000002564
-0.3429999999999994 0.0000000000002962
-0.3419999999999994 0.0000000000003314
-0.3409999999999994 0.0000000000003623
-0.3399999999999994 0.0000000000003884
-0.3389999999999994 0.0000000000004092
-0.3379999999999994 0.0000000000004245
-0.3369999999999994 0.0000000000004348
-0.3359999999999994 0.0000000000004395
-0.3349999999999994 0.0000000000004386
-0.3339999999999994 0.0000000000004324
-0.3329999999999994 0.0000000000004212
-0.3319999999999994 0.0000000000004048
-0.3309999999999994 0.0000000000003840
-0.3299999999999994 0.0000000000003585
-0.3289999999999994 0.0000000000003290
-0.3279999999999994 0.0000000000002962
-0.3269999999999994 0.0000000000002600
-0.3259999999999994 0.0000000000002214
-0.3249999999999994 0.0000000000001803
-0.3239999999999994 0.0000000000001379
-0.3229999999999994 0.0000000000000944
-0.3219999999999994 0.0000000000000503
-0.3209999999999994 0.0000000000000064
-0.3199999999999994 0.0000000000000369
-0.3189999999999994 0.0000000000000792
-0.3179999999999994 0.0000000000001197
-0.3169999999999994 0.0000000000001579
-0.3159999999999994 0.0000000000001934
-0.3149999999999994 0.0000000000002260
-0.3139999999999994 0.0000000000002551
-0.3129999999999994 0.0000000000002802
-0.3119999999999994 0.0000000000003013
-0.3109999999999994 0.0000000000003180
-0.3099999999999994 0.0000000000003300
-0.3089999999999994 0.0000000000003373
-0.3079999999999994 0.0000000000003398
-0.3069999999999994 0.0000000000003376
-0.3059999999999994 0.0000000000003307
-0.3049999999999994 0.0000000000003190
-0.3039999999999994 0.0000000000003029
-0.3029999999999994 0.0000000000002823
-0.3019999999999994 0.0000000000002578
-0.3009999999999994 0.0000000000002296
-0.2999999999999994 0.0000000000001980
-0.2989999999999994 0.0000000000001633
-0.2979999999999994 0.0000000000001263
-0.2969999999999994 0.0000000000000870
-0.2959999999999994 0.0000000000000465
-0.2949999999999994 0.0000000000000047
-0.2939999999999994 0.0000000000000376
-0.2929999999999994 0.0000000000000799
-0.2919999999999994 0.0000000000001217
-0.2909999999999994 0.0000000000001625
-0.2899999999999994 0.0000000000002016
-0.2889999999999994 0.0000000000002385
-0.2879999999999994 0.0000000000002729
-0.2869999999999994 0.0000000000003043
-0.2859999999999994 0.0000000000003322
-0.2849999999999994 0.0000000000003562
-0.2839999999999994 0.0000000000003763
-0.2829999999999994 0.0000000000003917
-0.2819999999999994 0.0000000000004027
-0.2809999999999994 0.0000000000004085
-0.2799999999999994 0.0000000000004095
-0.2789999999999994 0.0000000000004053
-0.2779999999999994 0.0000000000003960
-0.2769999999999994 0.0000000000003818
-0.2759999999999994 0.0000000000003626
-0.2749999999999994 0.0000000000003386
-0.2739999999999994 0.0000000000003101
-0.2729999999999994 0.0000000000002772
-0.2719999999999994 0.0000000000002405
-0.2709999999999994 0.0000000000001998
-0.2699999999999994 0.0000000000001562
-0.2689999999999994 0.0000000000001098
-0.2679999999999993 0.0000000000000612
-0.2669999999999993 0.0000000000000109
-0.2659999999999993 0.0000000000000409
-0.2649999999999993 0.0000000000000930
-0.2639999999999993 0.0000000000001454
-0.2629999999999993 0.0000000000001974
-0.2619999999999993 0.0000000000002482
-0.2609999999999993 0.0000000000002975
-0.2599999999999993 0.0000000000003446
-0.2589999999999993 0.0000000000003888
-0.2579999999999993 0.0000000000004300
-0.2569999999999993 0.0000000000004674
-0.2559999999999993 0.0000000000005007
-0.2549999999999993 0.0000000000005296
-0.2539999999999993 0.0000000000005534
-0.2529999999999993 0.0000000000005721
-0.2519999999999993 0.0000000000005853
-0.2509999999999993 0.0000000000005930
-0.2499999999999993 0.0000000000005947
-0.2489999999999993 0.0000000000005906
-0.2479999999999993 0.0000000000005804
-0.2469999999999993 0.0000000000005648
-0.2459999999999993 0.0000000000005429
-0.2449999999999993 0.0000000000005157
-0.2439999999999993 0.0000000000004832
-0.2429999999999993 0.0000000000004453
-0.2419999999999993 0.0000000000004029
-0.2409999999999993 0.0000000000003558
-0.2399999999999993 0.0000000000003049
-0.2389999999999993 0.0000000000002505
-0.2379999999999993 0.0000000000001931
-0.2369999999999993 0.0000000000001329
-0.2359999999999993 0.0000000000000712
-0.2349999999999993 0.0000000000000078
-0.2339999999999993 0.0000000000000561
-0.2329999999999993 0.0000000000001200
-0.2319999999999993 0.0000000000001834
-0.2309999999999993 0.0000000000002457
-0.2299999999999993 0.0000000000003062
-0.2289999999999993 0.0000000000003644
-0.2279999999999993 0.0000000000004198
-0.2269999999999993 0.0000000000004715
-0.2259999999999993 0.0000000000005193
-0.2249999999999993 0.0000000000005627
-0.2239999999999993 0.0000000000006010
-0.2229999999999993 0.0000000000006342
-0.2219999999999993 0.0000000000006617
-0.2209999999999993 0.0000000000006832
-0.2199999999999993 0.0000000000006989
-0.2189999999999993 0.0000000000007080
-0.2179999999999993 0.0000000000007107
-0.2169999999999993 0.0000000000007070
-0.2159999999999993 0.0000000000006970
-0.2149999999999993 0.0000000000006805
-0.2139999999999993 0.0000000000006578
-0.2129999999999993 0.0000000000006291
-0.2119999999999993 0.0000000000005946
-0.2109999999999993 0.0000000000005549
-0.2099999999999993 0.0000000000005100
-0.2089999999999993 0.0000000000004606
-0.2079999999999993 0.0000000000004068
-0.2069999999999993 0.0000000000003495
-0.2059999999999993 0.0000000000002891
-0.2049999999999993 0.0000000000002263
-0.2039999999999993 0.0000000000001611
-0.2029999999999993 0.0000000000000949
-0.2019999999999993 0.0000000000000280
-0.2009999999999993 0.0000000000000392
-0.1999999999999993 0.0000000000001056
-0.1989999999999993 0.0000000000001710
-0.1979999999999993 0.0000000000002346
-0.1969999999999993 0.0000000000002958
-0.1959999999999993 0.0000000000003541
-0.1949999999999993 0.0000000000004087
-0.1939999999999993 0.0000000000004595
-0.1929999999999993 0.0000000000005057
-0.1919999999999993 0.0000000000005470
-0.1909999999999993 0.0000000000005831
-0.1899999999999993 0.0000000000006135
-0.1889999999999993 0.0000000000006382
-0.1879999999999993 0.0000000000006568
-0.1869999999999993 0.0000000000006690
-0.1859999999999993 0.0000000000006750
-0.1849999999999993 0.0000000000006746
-0.1839999999999993 0.0000000000006679
-0.1829999999999993 0.0000000000006550
-0.1819999999999993 0.0000000000006359
-0.1809999999999993 0.0000000000006111
-0.1799999999999993 0.0000000000005806
-0.1789999999999993 0.0000000000005448
-0.1779999999999993 0.0000000000005040
-0.1769999999999993 0.0000000000004589
-0.1759999999999993 0.0000000000004096
-0.1749999999999993 0.0000000000003567
-0.1739999999999993 0.0000000000003010
-0.1729999999999993 0.0000000000002426
-0.1719999999999993 0.0000000000001822
-0.1709999999999993 0.0000000000001206
-0.1699999999999993 0.0000000000000584
-0.1689999999999993 0.0000000000000041
-0.1679999999999993 0.0000000000000661
-0.1669999999999993 0.0000000000001270
-0.1659999999999993 0.0000000000001861
-0.1649999999999993 0.0000000000002429
-0.1639999999999993 0.0000000000002972
-0.1629999999999993 0.0000000000003479
-0.1619999999999993 0.0000000000003952
-0.1609999999999993 0.0000000000004382
-0.1599999999999993 0.0000000000004766
-0.1589999999999993 0.0000000000005101
-0.1579999999999993 0.0000000000005383
-0.1569999999999993 0.0000000000005612
-0.1559999999999993 0.0000000000005784
-0.1549999999999992 0.0000000000005898
-0.1539999999999992 0.0000000000005953
-0.1529999999999992 0.0000000000005951
-0.1519999999999992 0.0000000000005889
-0.1509999999999992 0.0000000000005771
-0.1499999999999992 0.0000000000005597
-0.1489999999999992 0.0000000000005368
-0.1479999999999992 0.0000000000005089
-0.1469999999999992 0.0000000000004762
-0.1459999999999992 0.0000000000004391
-0.1449999999999992 0.0000000000003979
-0.1439999999999992 0.0000000000003532
-0.1429999999999992 0.0000000000003051
-0.1419999999999992 0.0000000000002545
-0.1409999999999992 0.0000000000002016
-0.1399999999999992 0.0000000000001473
-0.1389999999999992 0.0000000000000918
-0.1379999999999992 0.0000000000000360
-0.1369999999999992 0.0000000000000200
-0.1359999999999992 0.0000000000000752
-0.1349999999999992 0.0000000000001292
-0.1339999999999992 0.0000000000001816
-0.1329999999999992 0.0000000000002319
-0.1319999999999992 0.0000000000002796
-0.1309999999999992 0.0000000000003239
-0.1299999999999992 0.0000000000003646
-0.1289999999999992 0.0000000000004016
-0.1279999999999992 0.0000000000004342
-0.1269999999999992 0.0000000000004623
-0.1259999999999992 0.0000000000004854
-0.1249999999999992 0.0000000000005036
-0.1239999999999992 0.0000000000005165
-0.1229999999999992 0.0000000000005242
-0.1219999999999992 0.0000000000005267
-0.1209999999999992 0.0000000000005238
-0.1199999999999992 0.0000000000005156
-0.1189999999999992 0.0000000000005023
-0.1179999999999992 0.0000000000004841
-0.1169999999999992 0.0000000000004611
-0.1159999999999992 0.0000000000004334
-0.1149999999999992 0.0000000000004018
-0.1139999999999992 0.0000000000003664
-0.1129999999999992 0.0000000000003273
-0.1119999999999992 0.0000000000002853
-0.1109999999999992 0.0000000000002406
-0.1099999999999992 0.0000000000001938
-0.1089999999999992 0.0000000000001454
-0.1079999999999992 0.0000000000000958
-0.1069999999999992 0.0000000000000456
-0.1059999999999992 0.0000000000000049
-0.1049999999999992 0.0000000000000547
-0.1039999999999992 0.0000000000001039
-0.1029999999999992 0.0000000000001515
-0.1019999999999992 0.0000000000001974
-0.1009999999999992 0.0000000000002409
-0.0999999999999992 0.0000000000002817
-0.0989999999999992 0.0000000000003195
-0.0979999999999992 0.0000000000003537
-0.0969999999999992 0.0000000000003839
-0.0959999999999992 0.0000000000004101
-0.0949999999999992 0.0000000000004321
-0.0939999999999992 0.0000000000004493
-0.0929999999999992 0.0000000000004620
-0.0919999999999992 0.0000000000004697
-0.0909999999999992 0.0000000000004724
-0.0899999999999992 0.0000000000004704
-0.0889999999999992 0.0000000000004635
-0.0879999999999992 0.0000000000004519
-0.0869999999999992 0.0000000000004358
-0.0859999999999992 0.0000000000004151
-0.0849999999999992 0.0000000000003904
-0.0839999999999992 0.0000000000003616
-0.0829999999999992 0.0000000000003293
-0.0819999999999992 0.0000000000002938
-0.0809999999999992 0.0000000000002552
-0.0799999999999992 0.0000000000002145
-0.0789999999999992 0.0000000000001713
-0.0779999999999992 0.0000000000001269
-0.0769999999999992 0.0000000000000812
-0.0759999999999992 0.0000000000000350
-0.0749999999999992 0.0000000000000118
-0.0739999999999992 0.0000000000000577
-0.0729999999999992 0.0000000000001033
-0.0719999999999992 0.0000000000001473
-0.0709999999999992 0.0000000000001898
-0.0699999999999992 0.0000000000002301
-0.0689999999999992 0.0000000000002681
-0.0679999999999992 0.0000000000003030
-0.0669999999999992 0.0000000000003346
-0.0659999999999992 0.0000000000003626
-0.0649999999999992 0.0000000000003869
-0.0639999999999992 0.0000000000004070
-0.0629999999999992 0.0000000000004230
-0.0619999999999992 0.0000000000004343
-0.0609999999999992 0.0000000000004413
-0.0599999999999992 0.0000000000004435
-0.0589999999999992 0.0000000000004411
-0.0579999999999992 0.0000000000004342
-0.0569999999999992 0.0000000000004227
-0.0559999999999992 0.0000000000004068
-0.0549999999999992 0.0000000000003869
-0.0539999999999992 0.0000000000003629
-0.0529999999999992 0.0000000000003352
-0.0519999999999992 0.0000000000003039
-0.0509999999999992 0.0000000000002698
-0.0499999999999992 0.0000000000002327
-0.0489999999999992 0.0000000000001933
-0.0479999999999992 0.0000000000001519
-0.0469999999999992 0.0000000000001090
-0.0459999999999992 0.0000000000000649
-0.0449999999999992 0.0000000000000204
-0.0439999999999992 0.0000000000000245
-0.0429999999999992 0.0000000000000691
-0.0419999999999991 0.0000000000001128
-0.0409999999999991 0.0000000000001554
-0.0399999999999991 0.0000000000001964
-0.0389999999999991 0.0000000000002355
-0.0379999999999991 0.0000000000002719
-0.0369999999999991 0.0000000000003059
-0.0359999999999991 0.0000000000003365
-0.0349999999999991 0.0000000000003637
-0.0339999999999991 0.0000000000003872
-0.0329999999999991 0.0000000000004068
-0.0319999999999991 0.0000000000004220
-0.0309999999999991 0.0000000000004331
-0.0299999999999991 0.0000000000004398
-0.0289999999999991 0.0000000000004419
-0.0279999999999991 0.0000000000004398
-0.0269999999999991 0.0000000000004329
-0.0259999999999991 0.0000000000004216
-0.0249999999999991 0.0000000000004061
-0.0239999999999991 0.0000000000003865
-0.0229999999999991 0.0000000000003629
-0.0219999999999991 0.0000000000003358
-0.0209999999999991 0.0000000000003052
-0.0199999999999991 0.0000000000002716
-0.0189999999999991 0.0000000000002350
-0.0179999999999991 0.0000000000001963
-0.0169999999999991 0.0000000000001552
-0.0159999999999991 0.0000000000001130
-0.0149999999999991 0.0000000000000695
-0.0139999999999991 0.0000000000000252
-0.0129999999999991 0.0000000000000193
-0.0119999999999991 0.0000000000000635
-0.0109999999999991 0.0000000000001071
-0.0099999999999991 0.0000000000001495
-0.0089999999999991 0.0000000000001906
-0.0079999999999991 0.0000000000002298
-0.0069999999999991 0.0000000000002665
-0.0059999999999991 0.0000000000003005
-0.0049999999999991 0.0000000000003315
-0.0039999999999991 0.0000000000003593
-0.0029999999999991 0.0000000000003834
-0.0019999999999991 0.0000000000004035
-0.0009999999999991 0.0000000000004196
0.0000000000000009 0.0000000000004315
0.0010000000000009 0.0000000000004390
0.0020000000000009 0.0000000000004421
0.0030000000000009 0.0000000000004409
0.0040000000000009 0.0000000000004351
0.0050000000000009 0.0000000000004250
0.0060000000000009 0.0000000000004107
0.0070000000000009 0.0000000000003922
0.0080000000000009 0.0000000000003697
0.0090000000000009 0.0000000000003436
0.0100000000000009 0.0000000000003141
0.0110000000000009 0.0000000000002813
0.0120000000000009 0.0000000000002458
0.0130000000000009 0.0000000000002079
0.0140000000000009 0.0000000000001680
0.0150000000000009 0.0000000000001262
0.0160000000000009 0.0000000000000835
0.0170000000000009 0.0000000000000399
0.0180000000000009 0.0000000000000042
0.0190000000000009 0.0000000000000482
0.0200000000000009 0.0000000000000916
0.0210000000000009 0.0000000000001341
0.0220000000000009 0.0000000000001751
0.0230000000000009 0.0000000000002143
0.0240000000000009 0.0000000000002514
0.0250000000000009 0.0000000000002858
0.0260000000000009 0.0000000000003174
0.0270000000000009 0.0000000000003456
0.0280000000000009 0.0000000000003704
0.0290000000000009 0.0000000000003912
0.0300000000000009 0.0000000000004081
0.0310000000000009 0.0000000000004211
0.0320000000000009 0.0000000000004297
0.0330000000000009 0.0000000000004338
0.0340000000000009 0.0000000000004334
0.0350000000000009 0.0000000000004289
0.0360000000000009 0.0000000000004201
0.0370000000000009 0.0000000000004068
0.0380000000000009 0.0000000000003894
0.0390000000000009 0.0000000000003681
0.0400000000000009 0.0000000000003432
0.0410000000000009 0.0000000000003147
0.0420000000000009 0.0000000000002830
0.0430000000000009 0.0000000000002486
0.0440000000000009 0.0000000000002116
0.0450000000000009 0.0000000000001725
0.0460000000000009 0.0000000000001317
0.0470000000000009 0.0000000000000894
0.0480000000000009 0.0000000000000463
0.0490000000000009 0.0000000000000030
0.0500000000000009 0.0000000000000405
0.0510000000000009 0.0000000000000837
0.0520000000000009 0.0000000000001258
0.0530000000000009 0.0000000000001668
0.0540000000000009 0.0000000000002059
0.0550000000000009 0.0000000000002429
0.0560000000000009 0.0000000000002774
0.0570000000000009 0.0000000000003092
0.0580000000000009 0.0000000000003376
0.0590000000000009 0.0000000000003627
0.0600000000000009 0.0000000000003839
0.0610000000000009 0.0000000000004015
0.0620000000000009 0.0000000000004147
0.0630000000000009 0.0000000000004239
0.0640000000000009 0.0000000000004287
0.0650000000000009 0.0000000000004290
0.0660000000000009 0.0000000000004251
0.0670000000000009 0.0000000000004167
0.0680000000000009 0.0000000000004040
0.0690000000000009 0.0000000000003874
0.0700000000000009 0.0000000000003667
0.0710000000000009 0.0000000000003423
0.0720000000000009 0.0000000000003146
0.0730000000000009 0.0000000000002834
0.0740000000000009 0.0000000000002495
0.0750000000000009 0.0000000000002131
0.0760000000000009 0.0000000000001745
0.0770000000000009 0.0000000000001341
0.0780000000000009 0.0000000000000924
0.0790000000000009 0.0000000000000498
0.0800000000000009 0.0000000000000068
0.0810000000000009 0.0000000000000363
0.0820000000000009 0.0000000000000789
0.0830000000000009 0.0000000000001208
0.0840000000000009 0.0000000000001613
0.0850000000000009 0.0000000000002000
0.0860000000000010 0.0000000000002367
0.0870000000000010 0.0000000000002708
0.0880000000000010 0.0000000000003021
0.0890000000000010 0.0000000000003303
0.0900000000000010 0.0000000000003549
0.0910000000000010 0.0000000000003758
0.0920000000000010 0.0000000000003928
0.0930000000000010 0.0000000000004056
0.0940000000000010 0.0000000000004141
0.0950000000000010 0.0000000000004186
0.0960000000000010 0.0000000000004183
0.0970000000000010 0.0000000000004137
0.0980000000000010 0.0000000000004048
0.0990000000000010 0.0000000000003915
0.1000000000000010 0.0000000000003741
0.1010000000000010 0.0000000000003531
0.1020000000000010 0.0000000000003280
0.1030000000000010 0.0000000000002995
0.1040000000000010 0.0000000000002677
0.1050000000000010 0.0000000000002331
0.1060000000000010 0.0000000000001961
0.1070000000000010 0.0000000000001568
0.1080000000000010 0.0000000000001161
0.1090000000000010 0.0000000000000739
0.1100000000000010 0.0000000000000311
0.1110000000000010 0.0000000000000124
0.1120000000000010 0.0000000000000554
0.1130000000000010 0.0000000000000981
0.1140000000000010 0.0000000000001398
0.1150000000000010 0.0000000000001801
0.1160000000000010 0.0000000000002184
0.1170000000000010 0.0000000000002545
0.1180000000000010 0.0000000000002879
0.1190000000000010 0.0000000000003182
0.1200000000000010 0.0000000000003452
0.1210000000000010 0.0000000000003683
0.1220000000000010 0.0000000000003876
0.1230000000000010 0.0000000000004026
0.1240000000000010 0.0000000000004134
0.1250000000000010 0.0000000000004197
0.1260000000000010 0.0000000000004212
0.1270000000000010 0.0000000000004182
0.1280000000000010 0.0000000000004106
0.1290000000000010 0.0000000000003982
0.1300000000000010 0.0000000000003814
0.1310000000000010 0.0000000000003605
0.1320000000000010 0.0000000000003353
0.1330000000000010 0.0000000000003063
0.1340000000000010 0.0000000000002734
0.1350000000000010 0.0000000000002374
0.1360000000000010 0.0000000000001983
0.1370000000000010 0.0000000000001567
0.1380000000000010 0.0000000000001129
0.1390000000000010 0.0000000000000675
0.1400000000000010 0.0000000000000207
0.1410000000000010 0.0000000000000268
0.1420000000000010 0.0000000000000746
0.1430000000000010 0.0000000000001223
0.1440000000000010 0.0000000000001690
0.1450000000000010 0.0000000000002149
0.1460000000000010 0.0000000000002590
0.1470000000000010 0.0000000000003011
0.1480000000000010 0.0000000000003403
0.1490000000000010 0.0000000000003768
0.1500000000000010 0.0000000000004097
0.1510000000000010 0.0000000000004391
0.1520000000000010 0.0000000000004642
0.1530000000000010 0.0000000000004848
0.1540000000000010 0.0000000000005009
0.1550000000000010 0.0000000000005123
0.1560000000000010 0.0000000000005184
0.1570000000000010 0.0000000000005197
0.1580000000000010 0.0000000000005157
0.1590000000000010 0.0000000000005066
0.1600000000000010 0.0000000000004923
0.1610000000000010 0.0000000000004730
0.1620000000000010 0.0000000000004490
0.1630000000000010 0.0000000000004200
0.1640000000000010 0.0000000000003869
0.1650000000000010 0.0000000000003496
0.1660000000000010 0.0000000000003086
0.1670000000000010 0.0000000000002641
0.1680000000000010 0.0000000000002166
0.1690000000000010 0.0000000000001666
0.1700000000000010 0.0000000000001145
0.1710000000000010 0.0000000000000608
0.1720000000000010 0.0000000000000061
0.1730000000000010 0.0000000000000493
0.1740000000000010 0.0000000000001046
0.1750000000000010 0.0000000000001593
0.1760000000000010 0.0000000000002129
0.1770000000000010 0.0000000000002651
0.1780000000000010 0.0000000000003151
0.1790000000000010 0.0000000000003624
0.1800000000000010 0.0000000000004067
0.1810000000000010 0.0000000000004475
0.1820000000000010 0.0000000000004842
0.1830000000000010 0.0000000000005167
0.1840000000000010 0.0000000000005446
0.1850000000000010 0.0000000000005674
0.1860000000000010 0.0000000000005852
0.1870000000000010 0.0000000000005975
0.1880000000000010 0.0000000000006043
0.1890000000000010 0.0000000000006055
0.1900000000000010 0.0000000000006010
0.1910000000000010 0.0000000000005909
0.1920000000000010 0.0000000000005754
0.1930000000000010 0.0000000000005542
0.1940000000000010 0.0000000000005282
0.1950000000000010 0.0000000000004969
0.1960000000000010 0.0000000000004612
0.1970000000000010 0.0000000000004209
0.1980000000000010 0.0000000000003765
0.1990000000000010 0.0000000000003288
0.2000000000000010 0.0000000000002778
0.2010000000000010 0.0000000000002243
0.2020000000000010 0.0000000000001686
0.2030000000000010 0.0000000000001115
0.2040000000000010 0.0000000000000533
0.2050000000000010 0.0000000000000056
0.2060000000000010 0.0000000000000642
0.2070000000000010 0.0000000000001221
0.2080000000000010 0.0000000000001789
0.2090000000000010 0.0000000000002339
0.2100000000000010 0.0000000000002867
0.2110000000000010 0.0000000000003365
0.2120000000000010 0.0000000000003830
0.2130000000000010 0.0000000000004260
0.2140000000000011 0.0000000000004646
0.2150000000000011 0.0000000000004988
0.2160000000000011 0.0000000000005280
0.2170000000000011 0.0000000000005523
0.2180000000000011 0.0000000000005711
0.2190000000000011 0.0000000000005843
0.2200000000000011 0.0000000000005920
0.2210000000000011 0.0000000000005941
0.2220000000000011 0.0000000000005901
0.2230000000000011 0.0000000000005806
0.2240000000000011 0.0000000000005657
0.2250000000000011 0.0000000000005452
0.2260000000000011 0.0000000000005196
0.2270000000000011 0.0000000000004891
0.2280000000000011 0.0000000000004539
0.2290000000000011 0.0000000000004146
0.2300000000000011 0.0000000000003713
0.2310000000000011 0.0000000000003245
0.2320000000000011 0.0000000000002751
0.2330000000000011 0.0000000000002232
0.2340000000000011 0.0000000000001692
0.2350000000000011 0.0000000000001141
0.2360000000000011 0.0000000000000580
0.2370000000000011 0.0000000000000018
0.2380000000000011 0.0000000000000542
0.2390000000000011 0.0000000000001091
0.2400000000000011 0.0000000000001626
0.2410000000000011 0.0000000000002143
0.2420000000000011 0.0000000000002635
0.2430000000000011 0.0000000000003095
0.2440000000000011 0.0000000000003522
0.2450000000000011 0.0000000000003911
0.2460000000000011 0.0000000000004259
0.2470000000000011 0.0000000000004560
0.2480000000000011 0.0000000000004813
0.2490000000000011 0.0000000000005016
0.2500000000000011 0.0000000000005166
0.2510000000000011 0.0000000000005262
0.2520000000000011 0.0000000000005305
0.2530000000000011 0.0000000000005295
0.2540000000000011 0.0000000000005229
0.2550000000000011 0.0000000000005111
0.2560000000000011 0.0000000000004943
0.2570000000000011 0.0000000000004725
0.2580000000000011 0.0000000000004461
0.2590000000000011 0.0000000000004154
0.2600000000000011 0.0000000000003807
0.2610000000000011 0.0000000000003426
0.2620000000000011 0.0000000000003012
0.2630000000000011 0.0000000000002571
0.2640000000000011 0.0000000000002108
0.2650000000000011 0.0000000000001629
0.2660000000000011 0.0000000000001139
0.2670000000000011 0.0000000000000643
0.2680000000000011 0.0000000000000147
0.2690000000000011 0.0000000000000346
0.2700000000000011 0.0000000000000828
0.2710000000000011 0.0000000000001297
0.2720000000000011 0.0000000000001743
0.2730000000000011 0.0000000000002164
0.2740000000000011 0.0000000000002558
0.2750000000000011 0.0000000000002915
0.2760000000000011 0.0000000000003237
0.2770000000000011 0.0000000000003517
0.2780000000000011 0.0000000000003755
0.2790000000000011 0.0000000000003946
0.2800000000000011 0.0000000000004089
0.2810000000000011 0.0000000000004184
0.2820000000000011 0.0000000000004230
0.2830000000000011 0.0000000000004224
0.2840000000000011 0.0000000000004171
0.2850000000000011 0.0000000000004069
0.2860000000000011 0.0000000000003919
0.2870000000000011 0.0000000000003726
0.2880000000000011 0.0000000000003488
0.2890000000000011 0.0000000000003213
0.2900000000000011 0.0000000000002900
0.2910000000000011 0.0000000000002557
0.2920000000000011 0.0000000000002185
0.2930000000000011 0.0000000000001791
0.2940000000000011 0.0000000000001378
0.2950000000000011 0.0000000000000950
0.2960000000000011 0.0000000000000516
0.2970000000000011 0.0000000000000078
0.2980000000000011 0.0000000000000357
0.2990000000000011 0.0000000000000787
0.3000000000000011 0.0000000000001201
0.3010000000000011 0.0000000000001598
0.3020000000000011 0.0000000000001975
0.3030000000000011 0.0000000000002321
0.3040000000000011 0.0000000000002639
0.3050000000000011 0.0000000000002921
0.3060000000000011 0.0000000000003164
0.3070000000000011 0.0000000000003364
0.3080000000000011 0.0000000000003522
0.3090000000000011 0.0000000000003632
0.3100000000000011 0.0000000000003695
0.3110000000000011 0.0000000000003708
0.3120000000000011 0.0000000000003675
0.3130000000000011 0.0000000000003590
0.3140000000000011 0.0000000000003461
0.3150000000000011 0.0000000000003283
0.3160000000000011 0.0000000000003061
0.3170000000000011 0.0000000000002797
0.3180000000000011 0.0000000000002495
0.3190000000000011 0.0000000000002157
0.3200000000000011 0.0000000000001787
0.3210000000000011 0.0000000000001392
0.3220000000000011 0.0000000000000974
0.3230000000000011 0.0000000000000537
0.3240000000000011 0.0000000000000089
0.3250000000000011 0.0000000000000365
0.3260000000000011 0.0000000000000820
0.3270000000000011 0.0000000000001271
0.3280000000000011 0.0000000000001713
0.3290000000000011 0.0000000000002137
0.3300000000000011 0.0000000000002544
0.3310000000000011 0.0000000000002922
0.3320000000000011 0.0000000000003270
0.3330000000000011 0.0000000000003582
0.3340000000000011 0.0000000000003852
0.3350000000000011 0.0000000000004081
0.3360000000000011 0.0000000000004263
0.3370000000000011 0.0000000000004393
0.3380000000000011 0.0000000000004473
0.3390000000000011 0.0000000000004500
0.3400000000000011 0.0000000000004470
0.3410000000000011 0.0000000000004385
0.3420000000000011 0.0000000000004249
0.3430000000000011 0.0000000000004056
0.3440000000000011 0.0000000000003813
0.3450000000000011 0.0000000000003518
0.3460000000000011 0.0000000000003176
0.3470000000000011 0.0000000000002790
0.3480000000000011 0.0000000000002364
0.3490000000000011 0.0000000000001902
0.3500000000000011 0.0000000000001409
0.3510000000000011 0.0000000000000890
0.3520000000000011 0.0000000000000352
0.3530000000000011 0.0000000000000201
0.3540000000000011 0.0000000000000762
0.3550000000000011 0.0000000000001322
0.3560000000000011 0.0000000000001881
0.3570000000000011 0.0000000000002425
0.3580000000000012 0.0000000000002953
0.3590000000000012 0.0000000000003459
0.3600000000000012 0.0000000000003932
0.3610000000000012 0.0000000000004372
0.3620000000000012 0.0000000000004771
0.3630000000000012 0.0000000000005123
0.3640000000000012 0.0000000000005423
0.3650000000000012 0.0000000000005671
0.3660000000000012 0.0000000000005861
0.3670000000000012 0.0000000000005989
0.3680000000000012 0.0000000000006054
0.3690000000000012 0.0000000000006055
0.3700000000000012 0.0000000000005990
0.3710000000000012 0.0000000000005861
0.3720000000000012 0.0000000000005667
0.3730000000000012 0.0000000000005409
0.3740000000000012 0.0000000000005090
0.3750000000000012 0.0000000000004714
0.3760000000000012 0.0000000000004281
0.3770000000000012 0.0000000000003798
0.3780000000000012 0.0000000000003271
0.3790000000000012 0.0000000000002701
0.3800000000000012 0.0000000000002099
0.3810000000000012 0.0000000000001468
0.3820000000000012 0.0000000000000812
0.3830000000000012 0.0000000000000145
0.3840000000000012 0.0000000000000532
0.3850000000000012 0.0000000000001208
0.3860000000000012 0.0000000000001878
0.3870000000000012 0.0000000000002535
0.3880000000000012 0.0000000000003170
0.3890000000000012 0.0000000000003777
0.3900000000000012 0.0000000000004347
0.3910000000000012 0.0000000000004876
0.3920000000000012 0.0000000000005359
0.3930000000000012 0.0000000000005788
0.3940000000000012 0.0000000000006156
0.3950000000000012 0.0000000000006466
0.3960000000000012 0.0000000000006707
0.3970000000000012 0.0000000000006879
0.3980000000000012 0.0000000000006980
0.3990000000000012 0.0000000000007009
0.4000000000000012 0.0000000000006963
0.4010000000000012 0.0000000000006845
0.4020000000000012 0.0000000000006652
0.4030000000000012 0.0000000000006390
0.4040000000000012 0.0000000000006062
0.4050000000000012 0.0000000000005667
0.4060000000000012 0.0000000000005210
0.4070000000000012 0.0000000000004700
0.4080000000000012 0.0000000000004139
0.4090000000000012 0.0000000000003534
0.4100000000000012 0.0000000000002889
0.4110000000000012 0.0000000000002214
0.4120000000000012 0.0000000000001517
0.4130000000000012 0.0000000000000803
0.4140000000000012 0.0000000000000080
0.4150000000000012 0.0000000000000642
0.4160000000000012 0.0000000000001356
0.4170000000000012 0.0000000000002055
0.4180000000000012 0.0000000000002731
0.4190000000000012 0.0000000000003375
0.4200000000000012 0.0000000000003982
0.4210000000000012 0.0000000000004544
0.4220000000000012 0.0000000000005055
0.4230000000000012 0.0000000000005509
0.4240000000000012 0.0000000000005902
0.4250000000000012 0.0000000000006229
0.4260000000000012 0.0000000000006487
0.4270000000000012 0.0000000000006674
0.4280000000000012 0.0000000000006785
0.4290000000000012 0.0000000000006822
0.4300000000000012 0.0000000000006782
0.4310000000000012 0.0000000000006670
0.4320000000000012 0.0000000000006485
0.4330000000000012 0.0000000000006227
0.4340000000000012 0.0000000000005902
0.4350000000000012 0.0000000000005516
0.4360000000000012 0.0000000000005069
0.4370000000000012 0.0000000000004570
0.4380000000000012 0.0000000000004023
0.4390000000000012 0.0000000000003437
0.4400000000000012 0.0000000000002816
0.4410000000000012 0.0000000000002169
0.4420000000000012 0.0000000000001504
0.4430000000000012 0.0000000000000828
0.4440000000000012 0.0000000000000152
0.4450000000000012 0.0000000000000518
0.4460000000000012 0.0000000000001177
0.4470000000000012 0.0000000000001813
0.4480000000000012 0.0000000000002421
0.4490000000000012 0.0000000000002991
0.4500000000000012 0.0000000000003519
0.4510000000000012 0.0000000000003996
0.4520000000000012 0.0000000000004419
0.4530000000000012 0.0000000000004784
0.4540000000000012 0.0000000000005086
0.4550000000000012 0.0000000000005318
0.4560000000000012 0.0000000000005483
0.4570000000000012 0.0000000000005577
0.4580000000000012 0.0000000000005597
0.4590000000000012 0.0000000000005546
0.4600000000000012 0.0000000000005426
0.4610000000000012 0.0000000000005238
0.4620000000000012 0.0000000000004984
0.4630000000000012 0.0000000000004667
0.4640000000000012 0.0000000000004294
0.4650000000000012 0.0000000000003869
0.4660000000000012 0.0000000000003397
0.4670000000000012 0.0000000000002887
0.4680000000000012 0.0000000000002344
0.4690000000000012 0.0000000000001772
0.4700000000000013 0.0000000000001185
0.4710000000000013 0.0000000000000587
0.4720000000000013 0.0000000000000011
0.4730000000000013 0.0000000000000603
0.4740000000000013 0.0000000000001181
0.4750000000000013 0.0000000000001739
0.4760000000000013 0.0000000000002266
0.4770000000000013 0.0000000000002753
0.4780000000000013 0.0000000000003201
0.4790000000000013 0.0000000000003599
0.4800000000000013 0.0000000000003940
0.4810000000000013 0.0000000000004224
0.4820000000000013 0.0000000000004445
0.4830000000000013 0.0000000000004599
0.4840000000000013 0.0000000000004684
0.4850000000000013 0.0000000000004698
0.4860000000000013 0.0000000000004645
0.4870000000000013 0.0000000000004521
0.4880000000000013 0.0000000000004328
0.4890000000000013 0.0000000000004071
0.4900000000000013 0.0000000000003751
0.4910000000000013 0.0000000000003374
0.4920000000000013 0.0000000000002944
0.4930000000000013 0.0000000000002469
0.4940000000000013 0.0000000000001954
0.4950000000000013 0.0000000000001402
0.4960000000000013 0.0000000000000826
0.4970000000000013 0.0000000000000233
0.4980000000000013 0.0000000000000372
0.4990000000000013 0.0000000000000976
0.5000000000000012 0.0000000000001577
0.5010000000000012 0.0000000000002159
0.5020000000000012 0.0000000000002719
0.5030000000000012 0.0000000000003249
0.5040000000000012 0.0000000000003739
0.5050000000000012 0.0000000000004183
0.5060000000000012 0.0000000000004577
0.5070000000000012 0.0000000000004914
0.5080000000000012 0.0000000000005189
0.5090000000000012 0.0000000000005396
0.5100000000000012 0.0000000000005533
0.5110000000000012 0.0000000000005597
0.5120000000000012 0.0000000000005587
0.5130000000000012 0.0000000000005506
0.5140000000000012 0.0000000000005351
0.5150000000000012 0.0000000000005126
0.5160000000000012 0.0000000000004832
0.5170000000000012 0.0000000000004472
0.5180000000000012 0.0000000000004053
0.5190000000000012 0.0000000000003580
0.5200000000000012 0.0000000000003058
0.5210000000000012 0.0000000000002496
0.5220000000000012 0.0000000000001900
0.5230000000000012 0.0000000000001276
0.5240000000000012 0.0000000000000636
0.5250000000000012 0.0000000000000013
0.5260000000000012 0.0000000000000661
0.5270000000000012 0.0000000000001298
0.5280000000000012 0.0000000000001920
0.5290000000000012 0.0000000000002512
0.5300000000000012 0.0000000000003071
0.5310000000000012 0.0000000000003586
0.5320000000000012 0.0000000000004053
0.5330000000000013 0.0000000000004460
0.5340000000000013 0.0000000000004805
0.5350000000000013 0.0000000000005085
0.5360000000000013 0.0000000000005292
0.5370000000000013 0.0000000000005426
0.5380000000000013 0.0000000000005481
0.5390000000000013 0.0000000000005463
0.5400000000000013 0.0000000000005365
0.5410000000000013 0.0000000000005193
0.5420000000000013 0.0000000000004948
0.5430000000000013 0.0000000000004635
0.5440000000000013 0.0000000000004257
0.5450000000000013 0.0000000000003818
0.5460000000000013 0.0000000000003327
0.5470000000000013 0.0000000000002792
0.5480000000000013 0.0000000000002220
0.5490000000000013 0.0000000000001622
0.5500000000000013 0.0000000000001000
0.5510000000000013 0.0000000000000373
0.5520000000000013 0.0000000000000258
0.5530000000000013 0.0000000000000878
0.5540000000000013 0.0000000000001480
0.5550000000000013 0.0000000000002053
0.5560000000000013 0.0000000000002587
0.5570000000000013 0.0000000000003076
0.5580000000000013 0.0000000000003512
0.5590000000000013 0.0000000000003885
0.5600000000000013 0.0000000000004191
0.5610000000000013 0.0000000000004424
0.5620000000000013 0.0000000000004582
0.5630000000000013 0.0000000000004656
0.5640000000000013 0.0000000000004652
0.5650000000000013 0.0000000000004563
0.5660000000000013 0.0000000000004393
0.5670000000000013 0.0000000000004142
0.5680000000000013 0.0000000000003815
0.5690000000000013 0.0000000000003417
0.5700000000000013 0.0000000000002949
0.5710000000000013 0.0000000000002423
0.5720000000000013 0.0000000000001842
0.5730000000000013 0.0000000000001217
0.5740000000000013 0.0000000000000558
0.5750000000000013 0.0000000000000127
0.5760000000000013 0.0000000000000825
0.5770000000000013 0.0000000000001527
0.5780000000000013 0.0000000000002222
0.5790000000000013 0.0000000000002898
0.5800000000000013 0.0000000000003544
0.5810000000000013 0.0000000000004149
0.5820000000000013 0.0000000000004703
0.5830000000000013 0.0000000000005199
0.5840000000000013 0.0000000000005627
0.5850000000000013 0.0000000000005974
0.5860000000000013 0.0000000000006242
0.5870000000000013 0.0000000000006418
0.5880000000000013 0.0000000000006503
0.5890000000000013 0.0000000000006490
0.5900000000000013 0.0000000000006380
0.5910000000000013 0.0000000000006172
0.5920000000000013 0.0000000000005866
0.5930000000000013 0.0000000000005470
0.5940000000000013 0.0000000000004982
0.5950000000000013 0.0000000000004411
0.5960000000000013 0.0000000000003766
0.5970000000000013 0.0000000000003051
0.5980000000000013 0.0000000000002280
0.5990000000000013 0.0000000000001461
0.6000000000000013 0.0000000000000607
0.6010000000000013 0.0000000000000271
0.6020000000000013 0.0000000000001161
0.6030000000000013 0.0000000000002048
0.6040000000000013 0.0000000000002921
0.6050000000000013 0.0000000000003765
0.6060000000000013 0.0000000000004569
0.6070000000000013 0.0000000000005319
0.6080000000000013 0.0000000000006002
0.6090000000000013 0.0000000000006612
0.6100000000000013 0.0000000000007134
0.6110000000000013 0.0000000000007564
0.6120000000000013 0.0000000000007889
0.6130000000000013 0.0000000000008111
0.6140000000000013 0.0000000000008219
0.6150000000000013 0.0000000000008215
0.6160000000000013 0.0000000000008092
0.6170000000000013 0.0000000000007859
0.6180000000000013 0.0000000000007512
0.6190000000000013 0.0000000000007060
0.6200000000000013 0.0000000000006506
0.6210000000000013 0.0000000000005860
0.6220000000000013 0.0000000000005127
0.6230000000000013 0.0000000000004323
0.6240000000000013 0.0000000000003456
0.6250000000000013 0.0000000000002542
0.6260000000000013 0.0000000000001592
0.6270000000000013 0.0000000000000621
0.6280000000000013 0.0000000000000355
0.6290000000000013 0.0000000000001324
0.6300000000000013 0.0000000000002269
0.6310000000000013 0.0000000000003176
0.6320000000000013 0.0000000000004031
0.6330000000000013 0.0000000000004822
0.6340000000000013 0.0000000000005533
0.6350000000000013 0.0000000000006156
0.6360000000000013 0.0000000000006681
0.6370000000000013 0.0000000000007099
0.6380000000000013 0.0000000000007405
0.6390000000000013 0.0000000000007593
0.6400000000000013 0.0000000000007661
0.6410000000000013 0.0000000000007607
0.6420000000000013 0.0000000000007434
0.6430000000000013 0.0000000000007144
0.6440000000000013 0.0000000000006741
0.6450000000000014 0.0000000000006236
0.6460000000000014 0.0000000000005634
0.6470000000000014 0.0000000000004947
0.6480000000000014 0.0000000000004186
0.6490000000000014 0.0000000000003366
0.6500000000000014 0.0000000000002498
0.6510000000000014 0.0000000000001602
0.6520000000000014 0.0000000000000689
0.6530000000000014 0.0000000000000223
0.6540000000000014 0.0000000000001118
0.6550000000000014 0.0000000000001981
0.6560000000000014 0.0000000000002796
0.6570000000000014 0.0000000000003549
0.6580000000000014 0.0000000000004229
0.6590000000000014 0.0000000000004819
0.6600000000000014 0.0000000000005312
0.6610000000000014 0.0000000000005702
0.6620000000000014 0.0000000000005976
0.6630000000000014 0.0000000000006131
0.6640000000000014 0.0000000000006168
0.6650000000000014 0.0000000000006080
0.6660000000000014 0.0000000000005876
0.6670000000000014 0.0000000000005556
0.6680000000000014 0.0000000000005128
0.6690000000000014 0.0000000000004597
0.6700000000000014 0.0000000000003977
0.6710000000000014 0.0000000000003278
0.6720000000000014 0.0000000000002515
0.6730000000000014 0.0000000000001701
0.6740000000000014 0.0000000000000855
0.6750000000000014 0.0000000000000012
0.6760000000000014 0.0000000000000876
0.6770000000000014 0.0000000000001724
0.6780000000000014 0.0000000000002537
0.6790000000000014 0.0000000000003300
0.6800000000000014 0.0000000000003993
0.6810000000000014 0.0000000000004609
0.6820000000000014 0.0000000000005125
0.6830000000000014 0.0000000000005536
0.6840000000000014 0.0000000000005831
0.6850000000000014 0.0000000000006003
0.6860000000000014 0.0000000000006043
0.6870000000000014 0.0000000000005955
0.6880000000000014 0.0000000000005732
0.6890000000000014 0.0000000000005383
0.6900000000000014 0.0000000000004911
0.6910000000000014 0.0000000000004319
0.6920000000000014 0.0000000000003624
0.6930000000000014 0.0000000000002833
0.6940000000000014 0.0000000000001963
0.6950000000000014 0.0000000000001030
0.6960000000000014 0.0000000000000051
0.6970000000000014 0.0000000000000954
0.6980000000000014 0.0000000000001966
0.6990000000000014 0.0000000000002962
0.7000000000000014 0.0000000000003928
0.7010000000000014 0.0000000000004841
0.7020000000000014 0.0000000000005680
0.7030000000000014 0.0000000000006429
0.7040000000000014 0.0000000000007071
0.7050000000000014 0.0000000000007592
0.7060000000000014 0.0000000000007975
0.7070000000000014 0.0000000000008216
0.7080000000000014 0.0000000000008302
0.7090000000000014 0.0000000000008238
0.7100000000000014 0.0000000000008012
0.7110000000000014 0.0000000000007632
0.7120000000000014 0.0000000000007099
0.7130000000000014 0.0000000000006425
0.7140000000000014 0.0000000000005619
0.7150000000000014 0.0000000000004691
0.7160000000000014 0.0000000000003664
0.7170000000000014 0.0000000000002552
0.7180000000000014 0.0000000000001378
0.7190000000000014 0.0000000000000161
0.7200000000000014 0.0000000000001074
0.7210000000000014 0.0000000000002301
0.7220000000000014 0.0000000000003499
0.7230000000000014 0.0000000000004644
0.7240000000000014 0.0000000000005713
0.7250000000000014 0.0000000000006684
0.7260000000000014 0.0000000000007535
0.7270000000000014 0.0000000000008253
0.7280000000000014 0.0000000000008820
0.7290000000000014 0.0000000000009225
0.7300000000000014 0.0000000000009457
0.7310000000000014 0.0000000000009512
0.7320000000000014 0.0000000000009390
0.7330000000000014 0.0000000000009091
0.7340000000000014 0.0000000000008620
0.7350000000000014 0.0000000000007987
0.7360000000000014 0.0000000000007206
0.7370000000000014 0.0000000000006296
0.7380000000000014 0.0000000000005269
0.7390000000000014 0.0000000000004151
0.7400000000000014 0.0000000000002967
0.7410000000000014 0.0000000000001739
0.7420000000000014 0.0000000000000498
0.7430000000000014 0.0000000000000733
0.7440000000000014 0.0000000000001924
0.7450000000000014 0.0000000000003050
0.7460000000000014 0.0000000000004085
0.7470000000000014 0.0000000000005007
0.7480000000000014 0.0000000000005793
0.7490000000000014 0.0000000000006428
0.7500000000000014 0.0000000000006896
0.7510000000000014 0.0000000000007185
0.7520000000000014 0.0000000000007291
0.7530000000000014 0.0000000000007209
0.7540000000000014 0.0000000000006944
0.7550000000000014 0.0000000000006500
0.7560000000000014 0.0000000000005886
0.7570000000000014 0.0000000000005125
0.7580000000000015 0.0000000000004226
0.7590000000000015 0.0000000000003219
0.7600000000000015 0.0000000000002123
0.7610000000000015 0.0000000000000968
0.7620000000000015 0.0000000000000214
0.7630000000000015 0.0000000000001394
0.7640000000000015 0.0000000000002546
0.7650000000000015 0.0000000000003634
0.7660000000000015 0.0000000000004629
0.7670000000000015 0.0000000000005504
0.7680000000000015 0.0000000000006239
0.7690000000000015 0.0000000000006806
0.7700000000000015 0.0000000000007190
0.7710000000000015 0.0000000000007382
0.7720000000000015 0.0000000000007369
0.7730000000000015 0.0000000000007147
0.7740000000000015 0.0000000000006720
0.7750000000000015 0.0000000000006098
0.7760000000000015 0.0000000000005290
0.7770000000000015 0.0000000000004315
0.7780000000000015 0.0000000000003196
0.7790000000000015 0.0000000000001960
0.7800000000000015 0.0000000000000635
0.7810000000000015 0.0000000000000745
0.7820000000000015 0.0000000000002143
0.7830000000000015 0.0000000000003524
0.7840000000000015 0.0000000000004855
0.7850000000000015 0.0000000000006094
0.7860000000000015 0.0000000000007212
0.7870000000000015 0.0000000000008175
0.7880000000000015 0.0000000000008956
0.7890000000000015 0.0000000000009532
0.7900000000000015 0.0000000000009883
0.7910000000000015 0.0000000000010001
0.7920000000000015 0.0000000000009873
0.7930000000000015 0.0000000000009504
0.7940000000000015 0.0000000000008897
0.7950000000000015 0.0000000000008068
0.7960000000000015 0.0000000000007035
0.7970000000000015 0.0000000000005823
0.7980000000000015 0.0000000000004466
0.7990000000000015 0.0000000000002996
0.8000000000000015 0.0000000000001454
0.8010000000000015 0.0000000000000120
0.8020000000000015 0.0000000000001681
0.8030000000000015 0.0000000000003185
0.8040000000000015 0.0000000000004593
0.8050000000000015 0.0000000000005859
0.8060000000000015 0.0000000000006949
0.8070000000000015 0.0000000000007833
0.8080000000000015 0.0000000000008481
0.8090000000000015 0.0000000000008872
0.8100000000000015 0.0000000000008995
0.8110000000000015 0.0000000000008843
0.8120000000000015 0.0000000000008423
0.8130000000000015 0.0000000000007739
0.8140000000000015 0.0000000000006816
0.8150000000000015 0.0000000000005680
0.8160000000000015 0.0000000000004365
0.8170000000000015 0.0000000000002911
0.8180000000000015 0.0000000000001361
0.8190000000000015 0.0000000000000232
0.8200000000000015 0.0000000000001819
0.8210000000000015 0.0000000000003350
0.8220000000000015 0.0000000000004772
0.8230000000000015 0.0000000000006037
0.8240000000000015 0.0000000000007102
0.8250000000000015 0.0000000000007929
0.8260000000000015 0.0000000000008488
0.8270000000000015 0.0000000000008757
0.8280000000000015 0.0000000000008719
0.8290000000000015 0.0000000000008377
0.8300000000000015 0.0000000000007737
0.8310000000000015 0.0000000000006815
0.8320000000000015 0.0000000000005640
0.8330000000000015 0.0000000000004251
0.8340000000000015 0.0000000000002695
0.8350000000000015 0.0000000000001023
0.8360000000000015 0.0000000000000709
0.8370000000000015 0.0000000000002434
0.8380000000000015 0.0000000000004092
0.8390000000000015 0.0000000000005623
0.8400000000000015 0.0000000000006963
0.8410000000000015 0.0000000000008065
0.8420000000000015 0.0000000000008881
0.8430000000000015 0.0000000000009375
0.8440000000000015 0.0000000000009520
0.8450000000000015 0.0000000000009310
0.8460000000000015 0.0000000000008745
0.8470000000000015 0.0000000000007838
0.8480000000000015 0.0000000000006625
0.8490000000000015 0.0000000000005141
0.8500000000000015 0.0000000000003448
0.8510000000000015 0.0000000000001611
0.8520000000000015 0.0000000000000300
0.8530000000000015 0.0000000000002203
0.8540000000000015 0.0000000000004017
0.8550000000000015 0.0000000000005658
0.8560000000000015 0.0000000000007051
0.8570000000000015 0.0000000000008124
0.8580000000000015 0.0000000000008820
0.8590000000000015 0.0000000000009088
0.8600000000000015 0.0000000000008903
0.8610000000000015 0.0000000000008255
0.8620000000000015 0.0000000000007147
0.8630000000000015 0.0000000000005611
0.8640000000000015 0.0000000000003696
0.8650000000000015 0.0000000000001472
0.8660000000000015 0.0000000000000976
0.8670000000000015 0.0000000000003544
0.8680000000000015 0.0000000000006125
0.8690000000000015 0.0000000000008594
0.8700000000000015 0.0000000000010832
0.8710000000000016 0.0000000000012722
0.8720000000000016 0.0000000000014149
0.8730000000000016 0.0000000000015017
0.8740000000000016 0.0000000000015250
0.8750000000000016 0.0000000000014797
0.8760000000000016 0.0000000000013625
0.8770000000000016 0.0000000000011744
0.8780000000000016 0.0000000000009188
0.8790000000000016 0.0000000000006029
0.8800000000000016 0.0000000000002368
0.8810000000000016 0.0000000000001664
0.8820000000000016 0.0000000000005909
0.8830000000000016 0.0000000000010187
0.8840000000000016 0.0000000000014314
0.8850000000000016 0.0000000000018087
0.8860000000000016 0.0000000000021319
0.8870000000000016 0.0000000000023825
0.8880000000000016 0.0000000000025449
0.8890000000000016 0.0000000000026059
0.8900000000000016 0.0000000000025575
0.8910000000000016 0.0000000000023944
0.8920000000000016 0.0000000000021176
0.8930000000000016 0.0000000000017338
0.8940000000000016 0.0000000000012541
0.8950000000000016 0.0000000000006957
0.8960000000000016 0.0000000000000803
0.8970000000000016 0.0000000000005662
0.8980000000000016 0.0000000000012147
0.8990000000000016 0.0000000000018343
0.9000000000000016 0.0000000000023938
0.9010000000000016 0.0000000000028629
0.9020000000000016 0.0000000000032135
0.9030000000000016 0.0000000000034232
0.9040000000000016 0.0000000000034739
0.9050000000000016 0.0000000000033550
0.9060000000000016 0.0000000000030645
0.9070000000000016 0.0000000000026087
0.9080000000000016 0.0000000000020031
0.9090000000000016 0.0000000000012721
0.9100000000000016 0.0000000000004480
0.9110000000000016 0.0000000000004297
0.9120000000000016 0.0000000000013169
0.9130000000000016 0.0000000000021657
0.9140000000000016 0.0000000000029279
0.9150000000000016 0.0000000000035575
0.9160000000000016 0.0000000000040132
0.9170000000000016 0.0000000000042615
0.9180000000000016 0.0000000000042787
0.9190000000000016 0.0000000000040535
0.9200000000000016 0.0000000000035880
0.9210000000000016 0.0000000000028990
0.9220000000000016 0.0000000000020174
0.9230000000000016 0.0000000000009880
0.9240000000000016 0.0000000000001338
0.9250000000000016 0.0000000000012821
0.9260000000000016 0.0000000000023878
0.9270000000000016 0.0000000000033789
0.9280000000000016 0.0000000000041890
0.9290000000000016 0.0000000000047581
0.9300000000000016 0.0000000000050405
0.9310000000000016 0.0000000000050075
0.9320000000000016 0.0000000000046499
0.9330000000000016 0.0000000000039814
0.9340000000000016 0.0000000000030378
0.9350000000000016 0.0000000000018771
0.9360000000000016 0.0000000000005763
0.9370000000000016 0.0000000000007742
0.9380000000000016 0.0000000000020749
0.9390000000000016 0.0000000000032256
0.9400000000000016 0.0000000000041332
0.9410000000000016 0.0000000000047198
0.9420000000000016 0.0000000000049301
0.9430000000000016 0.0000000000047375
0.9440000000000016 0.0000000000041502
0.9450000000000016 0.0000000000032108
0.9460000000000016 0.0000000000019957
0.9470000000000016 0.0000000000006121
0.9480000000000016 0.0000000000008120
0.9490000000000016 0.0000000000021371
0.9500000000000016 0.0000000000032262
0.9510000000000016 0.0000000000039583
0.9520000000000016 0.0000000000042437
0.9530000000000016 0.0000000000040360
0.9540000000000016 0.0000000000033403
0.9550000000000016 0.0000000000022202
0.9560000000000016 0.0000000000007944
0.9570000000000016 0.0000000000007713
0.9580000000000016 0.0000000000022795
0.9590000000000016 0.0000000000035223
0.9600000000000016 0.0000000000043078
0.9610000000000016 0.0000000000044885
0.9620000000000016 0.0000000000039870
0.9630000000000016 0.0000000000028185
0.9640000000000016 0.0000000000011005
0.9650000000000016 0.0000000000009481
0.9660000000000016 0.0000000000030252
0.9670000000000016 0.0000000000047791
0.9680000000000016 0.0000000000058589
0.9690000000000016 0.0000000000059748
0.9700000000000016 0.0000000000049600
0.9710000000000016 0.0000000000028272
0.9720000000000016 0.0000000000001974
0.9730000000000016 0.0000000000036690
0.9740000000000016 0.0000000000069627
0.9750000000000016 0.0000000000093592
0.9760000000000016 0.0000000000101739
0.9770000000000016 0.0000000000089168
0.9780000000000016 0.0000000000054556
0.9790000000000016 0.0000000000001487
0.9800000000000016 0.0000000000061021
0.9810000000000016 0.0000000000119210
0.9820000000000016 0.0000000000156816
0.9830000000000017 0.0000000000158885
0.9840000000000017 0.0000000000116759
0.9850000000000017 0.0000000000033153
0.9860000000000017 0.0000000000074341
0.9870000000000017 0.0000000000173550
0.9880000000000017 0.0000000000223973
0.9890000000000017 0.0000000000190233
0.9900000000000017 0.0000000000061513
0.9910000000000017 0.0000000000128453
0.9920000000000017 0.0000000000292125
0.9930000000000017 0.0000000000306600
0.9940000000000017 0.0000000000077962
0.9950000000000017 0.0000000000343534
0.9960000000000017 0.0000000000639421
0.9970000000000017 0.0000000000247649
0.9980000000000017 0.0000000001061601
0.9990000000000017 0.0000000001180303
