-1.0000000000000000 0.0000000009537823
-0.9990000000000000 0.0000000008908494
-0.9980000000000000 0.0000000008297868
-0.9970000000000000 0.0000000007705599
-0.9960000000000000 0.0000000007131354
-0.9950000000000000 0.0000000006574793
-0.9940000000000000 0.0000000006035590
-0.9930000000000000 0.0000000005513418
-0.9920000000000000 0.0000000005007953
-0.9910000000000000 0.0000000004518882
-0.9900000000000000 0.0000000004045887
-0.9890000000000000 0.0000000003588663
-0.9880000000000000 0.0000000003146902
-0.9870000000000000 0.0000000002720303
-0.9860000000000000 0.0000000002308571
-0.9850000000000000 0.0000000001911412
-0.9840000000000000 0.0000000001528534
-0.9830000000000000 0.0000000001159656
-0.9820000000000000 0.0000000000804491
-0.9810000000000000 0.0000000000462763
-0.9800000000000000 0.0000000000134199
-0.9790000000000000 0.0000000000181472
-0.9780000000000000 0.0000000000484516
-0.9770000000000000 0.0000000000775198
-0.9760000000000000 0.0000000001053777
-0.9750000000000000 0.0000000001320509
-0.9740000000000000 0.0000000001575647
-0.9730000000000000 0.0000000001819441
-0.9720000000000000 0.0000000002052133
-0.9710000000000000 0.0000000002273969
-0.9700000000000000 0.0000000002485187
-0.9690000000000000 0.0000000002686019
-0.9680000000000000 0.0000000002876702
-0.9670000000000000 0.0000000003057463
-0.9660000000000000 0.0000000003228525
-0.9650000000000000 0.0000000003390115
-0.9640000000000000 0.0000000003542447
-0.9630000000000000 0.0000000003685742
-0.9620000000000000 0.0000000003820210
-0.9610000000000000 0.0000000003946061
-0.9600000000000000 0.0000000004063501
-0.9590000000000000 0.0000000004172733
-0.9580000000000000 0.0000000004273961
-0.9570000000000000 0.0000000004367382
-0.9560000000000000 0.0000000004453184
-0.9550000000000000 0.0000000004531570
-0.9540000000000000 0.0000000004602720
-0.9530000000000000 0.0000000004666824
-0.9520000000000000 0.0000000004724062
-0.9510000000000000 0.0000000004774618
-0.9500000000000000 0.0000000004818669
-0.9490000000000000 0.0000000004856389
-0.9480000000000000 0.0000000004887949
-0.9470000000000000 0.0000000004913521
-0.9460000000000000 0.0000000004933267
-0.9450000000000000 0.0000000004947359
-0.9440000000000000 0.0000000004955952
-0.9429999999999999 0.0000000004959210
-0.9419999999999999 0.0000000004957282
-0.9409999999999999 0.0000000004950331
-0.9399999999999999 0.0000000004938504
-0.9389999999999999 0.0000000004921950
-0.9379999999999999 0.0000000004900814
-0.9369999999999999 0.0000000004875245
-0.9359999999999999 0.0000000004845381
-0.9349999999999999 0.0000000004811359
-0.9339999999999999 0.0000000004773323
-0.9329999999999999 0.0000000004731405
-0.9319999999999999 0.0000000004685733
-0.9309999999999999 0.0000000004636445
-0.9299999999999999 0.0000000004583661
-0.9289999999999999 0.0000000004527513
-0.9279999999999999 0.0000000004468123
-0.9269999999999999 0.0000000004405609
-0.9259999999999999 0.0000000004340098
-0.9249999999999999 0.0000000004271700
-0.9239999999999999 0.0000000004200530
-0.9229999999999999 0.0000000004126706
-0.9219999999999999 0.0000000004050336
-0.9209999999999999 0.0000000003971531
-0.9199999999999999 0.0000000003890396
-0.9189999999999999 0.0000000003807037
-0.9179999999999999 0.0000000003721556
-0.9169999999999999 0.0000000003634057
-0.9159999999999999 0.0000000003544637
-0.9149999999999999 0.0000000003453391
-0.9139999999999999 0.0000000003360420
-0.9129999999999999 0.0000000003265815
-0.9119999999999999 0.0000000003169669
-0.9109999999999999 0.0000000003072069
-0.9099999999999999 0.0000000002973106
-0.9089999999999999 0.0000000002872865
-0.9079999999999999 0.0000000002771433
-0.9069999999999999 0.0000000002668893
-0.9059999999999999 0.0000000002565325
-0.9049999999999999 0.0000000002460809
-0.9039999999999999 0.0000000002355423
-0.9029999999999999 0.0000000002249244
-0.9019999999999999 0.0000000002142349
-0.9009999999999999 0.0000000002034806
-0.8999999999999999 0.0000000001926691
-0.8989999999999999 0.0000000001818075
-0.8979999999999999 0.0000000001709023
-0.8969999999999999 0.0000000001599605
-0.8959999999999999 0.0000000001489886
-0.8949999999999999 0.0000000001379930
-0.8939999999999999 0.0000000001269798
-0.8929999999999999 0.0000000001159555
-0.8919999999999999 0.0000000001049257
-0.8909999999999999 0.0000000000938968
-0.8899999999999999 0.0000000000828737
-0.8889999999999999 0.0000000000718625
-0.8879999999999999 0.0000000000608689
-0.8869999999999999 0.0000000000498979
-0.8859999999999999 0.0000000000389543
-0.8849999999999999 0.0000000000280439
-0.8839999999999999 0.0000000000171710
-0.8829999999999999 0.0000000000063407
-0.8819999999999999 0.0000000000044422
-0.8809999999999999 0.0000000000151735
-0.8799999999999999 0.0000000000258487
-0.8789999999999999 0.0000000000364635
-0.8779999999999999 0.0000000000470132
-0.8769999999999999 0.0000000000574942
-0.8759999999999999 0.0000000000679029
-0.8749999999999999 0.0000000000782346
-0.8739999999999999 0.0000000000884860
-0.8729999999999999 0.0000000000986534
-0.8719999999999999 0.0000000001087335
-0.8709999999999999 0.0000000001187226
-0.8699999999999999 0.0000000001286175
-0.8689999999999999 0.0000000001384149
-0.8679999999999999 0.0000000001481121
-0.8669999999999999 0.0000000001577054
-0.8659999999999999 0.0000000001671927
-0.8649999999999999 0.0000000001765702
-0.8639999999999999 0.0000000001858362
-0.8629999999999999 0.0000000001949876
-0.8619999999999999 0.0000000002040217
-0.8609999999999999 0.0000000002129364
-0.8599999999999999 0.0000000002217294
-0.8589999999999999 0.0000000002303980
-0.8579999999999999 0.0000000002389405
-0.8569999999999999 0.0000000002473545
-0.8559999999999999 0.0000000002556384
-0.8549999999999999 0.0000000002637899
-0.8539999999999999 0.0000000002718072
-0.8529999999999999 0.0000000002796888
-0.8519999999999999 0.0000000002874329
-0.8509999999999999 0.0000000002950380
-0.8499999999999999 0.0000000003025024
-0.8489999999999999 0.0000000003098251
-0.8479999999999999 0.0000000003170041
-0.8469999999999999 0.0000000003240385
-0.8459999999999999 0.0000000003309271
-0.8449999999999999 0.0000000003376686
-0.8439999999999999 0.0000000003442621
-0.8429999999999999 0.0000000003507065
-0.8419999999999999 0.0000000003570010
-0.8409999999999999 0.0000000003631445
-0.8399999999999999 0.0000000003691364
-0.8389999999999999 0.0000000003749758
-0.8379999999999999 0.0000000003806622
-0.8369999999999999 0.0000000003861950
-0.8359999999999999 0.0000000003915733
-0.8349999999999999 0.0000000003967972
-0.8339999999999999 0.0000000004018657
-0.8329999999999999 0.0000000004067786
-0.8319999999999999 0.0000000004115358
-0.8309999999999998 0.0000000004161369
-0.8299999999999998 0.0000000004205816
-0.8289999999999998 0.0000000004248698
-0.8279999999999998 0.0000000004290014
-0.8269999999999998 0.0000000004329765
-0.8259999999999998 0.0000000004367952
-0.8249999999999998 0.0000000004404569
-0.8239999999999998 0.0000000004439625
-0.8229999999999998 0.0000000004473115
-0.8219999999999998 0.0000000004505047
-0.8209999999999998 0.0000000004535418
-0.8199999999999998 0.0000000004564235
-0.8189999999999998 0.0000000004591501
-0.8179999999999998 0.0000000004617214
-0.8169999999999998 0.0000000004641385
-0.8159999999999998 0.0000000004664015
-0.8149999999999998 0.0000000004685111
-0.8139999999999998 0.0000000004704676
-0.8129999999999998 0.0000000004722718
-0.8119999999999998 0.0000000004739243
-0.8109999999999998 0.0000000004754257
-0.8099999999999998 0.0000000004767765
-0.8089999999999998 0.0000000004779779
-0.8079999999999998 0.0000000004790300
-0.8069999999999998 0.0000000004799342
-0.8059999999999998 0.0000000004806910
-0.8049999999999998 0.0000000004813014
-0.8039999999999998 0.0000000004817662
-0.8029999999999998 0.0000000004820864
-0.8019999999999998 0.0000000004822628
-0.8009999999999998 0.0000000004822966
-0.7999999999999998 0.0000000004821886
-0.7989999999999998 0.0000000004819399
-0.7979999999999998 0.0000000004815515
-0.7969999999999998 0.0000000004810248
-0.7959999999999998 0.0000000004803606
-0.7949999999999998 0.0000000004795601
-0.7939999999999998 0.0000000004786245
-0.7929999999999998 0.0000000004775550
-0.7919999999999998 0.0000000004763527
-0.7909999999999998 0.0000000004750190
-0.7899999999999998 0.0000000004735554
-0.7889999999999998 0.0000000004719625
-0.7879999999999998 0.0000000004702421
-0.7869999999999998 0.0000000004683951
-0.7859999999999998 0.0000000004664233
-0.7849999999999998 0.0000000004643280
-0.7839999999999998 0.0000000004621101
-0.7829999999999998 0.0000000004597714
-0.7819999999999998 0.0000000004573134
-0.7809999999999998 0.0000000004547372
-0.7799999999999998 0.0000000004520446
-0.7789999999999998 0.0000000004492364
-0.7779999999999998 0.0000000004463148
-0.7769999999999998 0.0000000004432809
-0.7759999999999998 0.0000000004401361
-0.7749999999999998 0.0000000004368823
-0.7739999999999998 0.0000000004335204
-0.7729999999999998 0.0000000004300525
-0.7719999999999998 0.0000000004264802
-0.7709999999999998 0.0000000004228046
-0.7699999999999998 0.0000000004190271
-0.7689999999999998 0.0000000004151501
-0.7679999999999998 0.0000000004111746
-0.7669999999999998 0.0000000004071021
-0.7659999999999998 0.0000000004029346
-0.7649999999999998 0.0000000003986732
-0.7639999999999998 0.0000000003943199
-0.7629999999999998 0.0000000003898761
-0.7619999999999998 0.0000000003853438
-0.7609999999999998 0.0000000003807241
-0.7599999999999998 0.0000000003760190
-0.7589999999999998 0.0000000003712299
-0.7579999999999998 0.0000000003663586
-0.7569999999999998 0.0000000003614066
-0.7559999999999998 0.0000000003563757
-0.7549999999999998 0.0000000003512676
-0.7539999999999998 0.0000000003460837
-0.7529999999999998 0.0000000003408260
-0.7519999999999998 0.0000000003354961
-0.7509999999999998 0.0000000003300953
-0.7499999999999998 0.0000000003246254
-0.7489999999999998 0.0000000003190883
-0.7479999999999998 0.0000000003134855
-0.7469999999999998 0.0000000003078188
-0.7459999999999998 0.0000000003020896
-0.7449999999999998 0.0000000002962995
-0.7439999999999998 0.0000000002904508
-0.7429999999999998 0.0000000002845444
-0.7419999999999998 0.0000000002785825
-0.7409999999999998 0.0000000002725665
-0.7399999999999998 0.0000000002664983
-0.7389999999999998 0.0000000002603792
-0.7379999999999998 0.0000000002542109
-0.7369999999999998 0.0000000002479952
-0.7359999999999998 0.0000000002417336
-0.7349999999999998 0.0000000002354281
-0.7339999999999998 0.0000000002290796
-0.7329999999999998 0.0000000002226906
-0.7319999999999998 0.0000000002162622
-0.7309999999999998 0.0000000002097964
-0.7299999999999998 0.0000000002032943
-0.7289999999999998 0.0000000001967576
-0.7279999999999998 0.0000000001901883
-0.7269999999999998 0.0000000001835879
-0.7259999999999998 0.0000000001769578
-0.7249999999999998 0.0000000001702994
-0.7239999999999998 0.0000000001636146
-0.7229999999999998 0.0000000001569050
-0.7219999999999998 0.0000000001501720
-0.7209999999999998 0.0000000001434173
-0.7199999999999998 0.0000000001366423
-0.7189999999999998 0.0000000001298486
-0.7179999999999997 0.0000000001230378
-0.7169999999999997 0.0000000001162114
-0.7159999999999997 0.0000000001093707
-0.7149999999999997 0.0000000001025177
-0.7139999999999997 0.0000000000956532
-0.7129999999999997 0.0000000000887792
-0.7119999999999997 0.0000000000818972
-0.7109999999999997 0.0000000000750084
-0.7099999999999997 0.0000000000681144
-0.7089999999999997 0.0000000000612167
-0.7079999999999997 0.0000000000543168
-0.7069999999999997 0.0000000000474157
-0.7059999999999997 0.0000000000405155
-0.7049999999999997 0.0000000000336169
-0.7039999999999997 0.0000000000267217
-0.7029999999999997 0.0000000000198315
-0.7019999999999997 0.0000000000129472
-0.7009999999999997 0.0000000000060705
-0.6999999999999997 0.0000000000007975
-0.6989999999999997 0.0000000000076553
-0.6979999999999997 0.0000000000145015
-0.6969999999999997 0.0000000000213352
-0.6959999999999997 0.0000000000281541
-0.6949999999999997 0.0000000000349581
-0.6939999999999997 0.0000000000417452
-0.6929999999999997 0.0000000000485144
-0.6919999999999997 0.0000000000552642
-0.6909999999999997 0.0000000000619937
-0.6899999999999997 0.0000000000687014
-0.6889999999999997 0.0000000000753860
-0.6879999999999997 0.0000000000820465
-0.6869999999999997 0.0000000000886818
-0.6859999999999997 0.0000000000952903
-0.6849999999999997 0.0000000001018712
-0.6839999999999997 0.0000000001084232
-0.6829999999999997 0.0000000001149452
-0.6819999999999997 0.0000000001214360
-0.6809999999999997 0.0000000001278945
-0.6799999999999997 0.0000000001343197
-0.6789999999999997 0.0000000001407104
-0.6779999999999997 0.0000000001470655
-0.6769999999999997 0.0000000001533840
-0.6759999999999997 0.0000000001596646
-0.6749999999999997 0.0000000001659067
-0.6739999999999997 0.0000000001721092
-0.6729999999999997 0.0000000001782707
-0.6719999999999997 0.0000000001843907
-0.6709999999999997 0.0000000001904679
-0.6699999999999997 0.0000000001965013
-0.6689999999999997 0.0000000002024899
-0.6679999999999997 0.0000000002084333
-0.6669999999999997 0.0000000002143299
-0.6659999999999997 0.0000000002201791
-0.6649999999999997 0.0000000002259800
-0.6639999999999997 0.0000000002317317
-0.6629999999999997 0.0000000002374334
-0.6619999999999997 0.0000000002430839
-0.6609999999999997 0.0000000002486829
-0.6599999999999997 0.0000000002542293
-0.6589999999999997 0.0000000002597220
-0.6579999999999997 0.0000000002651607
-0.6569999999999997 0.0000000002705444
-0.6559999999999997 0.0000000002758721
-0.6549999999999997 0.0000000002811434
-0.6539999999999997 0.0000000002863575
-0.6529999999999997 0.0000000002915135
-0.6519999999999997 0.0000000002966110
-0.6509999999999997 0.0000000003016487
-0.6499999999999997 0.0000000003066265
-0.6489999999999997 0.0000000003115436
-0.6479999999999997 0.0000000003163992
-0.6469999999999997 0.0000000003211929
-0.6459999999999997 0.0000000003259234
-0.6449999999999997 0.0000000003305909
-0.6439999999999997 0.0000000003351946
-0.6429999999999997 0.0000000003397338
-0.6419999999999997 0.0000000003442078
-0.6409999999999997 0.0000000003486164
-0.6399999999999997 0.0000000003529584
-0.6389999999999997 0.0000000003572340
-0.6379999999999997 0.0000000003614424
-0.6369999999999997 0.0000000003655830
-0.6359999999999997 0.0000000003696555
-0.6349999999999997 0.0000000003736592
-0.6339999999999997 0.0000000003775940
-0.6329999999999997 0.0000000003814591
-0.6319999999999997 0.0000000003852543
-0.6309999999999997 0.0000000003889788
-0.6299999999999997 0.0000000003926328
-0.6289999999999997 0.0000000003962154
-0.6279999999999997 0.0000000003997266
-0.6269999999999997 0.0000000004031657
-0.6259999999999997 0.0000000004065327
-0.6249999999999997 0.0000000004098268
-0.6239999999999997 0.0000000004130482
-0.6229999999999997 0.0000000004161961
-0.6219999999999997 0.0000000004192708
-0.6209999999999997 0.0000000004222714
-0.6199999999999997 0.0000000004251981
-0.6189999999999997 0.0000000004280503
-0.6179999999999997 0.0000000004308280
-0.6169999999999997 0.0000000004335310
-0.6159999999999997 0.0000000004361588
-0.6149999999999997 0.0000000004387114
-0.6139999999999997 0.0000000004411889
-0.6129999999999997 0.0000000004435904
-0.6119999999999997 0.0000000004459163
-0.6109999999999997 0.0000000004481662
-0.6099999999999997 0.0000000004503402
-0.6089999999999997 0.0000000004524381
-0.6079999999999997 0.0000000004544597
-0.6069999999999997 0.0000000004564047
-0.6059999999999997 0.0000000004582735
-0.6049999999999996 0.0000000004600658
-0.6039999999999996 0.0000000004617813
-0.6029999999999996 0.0000000004634203
-0.6019999999999996 0.0000000004649826
-0.6009999999999996 0.0000000004664683
-0.5999999999999996 0.0000000004678772
-0.5989999999999996 0.0000000004692092
-0.5979999999999996 0.0000000004704648
-0.5969999999999996 0.0000000004716436
-0.5959999999999996 0.0000000004727457
-0.5949999999999996 0.0000000004737712
-0.5939999999999996 0.0000000004747203
-0.5929999999999996 0.0000000004755927
-0.5919999999999996 0.0000000004763890
-0.5909999999999996 0.0000000004771087
-0.5899999999999996 0.0000000004777523
-0.5889999999999996 0.0000000004783199
-0.5879999999999996 0.0000000004788113
-0.5869999999999996 0.0000000004792271
-0.5859999999999996 0.0000000004795672
-0.5849999999999996 0.0000000004798318
-0.5839999999999996 0.0000000004800209
-0.5829999999999996 0.0000000004801349
-0.5819999999999996 0.0000000004801739
-0.5809999999999996 0.0000000004801383
-0.5799999999999996 0.0000000004800277
-0.5789999999999996 0.0000000004798428
-0.5779999999999996 0.0000000004795839
-0.5769999999999996 0.0000000004792512
-0.5759999999999996 0.0000000004788447
-0.5749999999999996 0.0000000004783649
-0.5739999999999996 0.0000000004778119
-0.5729999999999996 0.0000000004771860
-0.5719999999999996 0.0000000004764875
-0.5709999999999996 0.0000000004757168
-0.5699999999999996 0.0000000004748745
-0.5689999999999996 0.0000000004739601
-0.5679999999999996 0.0000000004729745
-0.5669999999999996 0.0000000004719179
-0.5659999999999996 0.0000000004707909
-0.5649999999999996 0.0000000004695934
-0.5639999999999996 0.0000000004683259
-0.5629999999999996 0.0000000004669890
-0.5619999999999996 0.0000000004655827
-0.5609999999999996 0.0000000004641076
-0.5599999999999996 0.0000000004625644
-0.5589999999999996 0.0000000004609529
-0.5579999999999996 0.0000000004592740
-0.5569999999999996 0.0000000004575278
-0.5559999999999996 0.0000000004557149
-0.5549999999999996 0.0000000004538355
-0.5539999999999996 0.0000000004518905
-0.5529999999999996 0.0000000004498799
-0.5519999999999996 0.0000000004478042
-0.5509999999999996 0.0000000004456644
-0.5499999999999996 0.0000000004434602
-0.5489999999999996 0.0000000004411925
-0.5479999999999996 0.0000000004388619
-0.5469999999999996 0.0000000004364685
-0.5459999999999996 0.0000000004340133
-0.5449999999999996 0.0000000004314962
-0.5439999999999996 0.0000000004289181
-0.5429999999999996 0.0000000004262796
-0.5419999999999996 0.0000000004235808
-0.5409999999999996 0.0000000004208228
-0.5399999999999996 0.0000000004180056
-0.5389999999999996 0.0000000004151300
-0.5379999999999996 0.0000000004121967
-0.5369999999999996 0.0000000004092060
-0.5359999999999996 0.0000000004061586
-0.5349999999999996 0.0000000004030548
-0.5339999999999996 0.0000000003998957
-0.5329999999999996 0.0000000003966812
-0.5319999999999996 0.0000000003934125
-0.5309999999999996 0.0000000003900900
-0.5299999999999996 0.0000000003867141
-0.5289999999999996 0.0000000003832856
-0.5279999999999996 0.0000000003798049
-0.5269999999999996 0.0000000003762730
-0.5259999999999996 0.0000000003726900
-0.5249999999999996 0.0000000003690568
-0.5239999999999996 0.0000000003653738
-0.5229999999999996 0.0000000003616423
-0.5219999999999996 0.0000000003578622
-0.5209999999999996 0.0000000003540345
-0.5199999999999996 0.0000000003501595
-0.5189999999999996 0.0000000003462383
-0.5179999999999996 0.0000000003422712
-0.5169999999999996 0.0000000003382590
-0.5159999999999996 0.0000000003342021
-0.5149999999999996 0.0000000003301015
-0.5139999999999996 0.0000000003259579
-0.5129999999999996 0.0000000003217717
-0.5119999999999996 0.0000000003175438
-0.5109999999999996 0.0000000003132745
-0.5099999999999996 0.0000000003089650
-0.5089999999999996 0.0000000003046154
-0.5079999999999996 0.0000000003002270
-0.5069999999999996 0.0000000002957999
-0.5059999999999996 0.0000000002913352
-0.5049999999999996 0.0000000002868334
-0.5039999999999996 0.0000000002822953
-0.5029999999999996 0.0000000002777215
-0.5019999999999996 0.0000000002731126
-0.5009999999999996 0.0000000002684695
-0.4999999999999996 0.0000000002637930
-0.4989999999999996 0.0000000002590832
-0.4979999999999996 0.0000000002543415
-0.4969999999999996 0.0000000002495684
-0.4959999999999996 0.0000000002447644
-0.4949999999999996 0.0000000002399305
-0.4939999999999996 0.0000000002350670
-0.4929999999999995 0.0000000002301751
-0.4919999999999995 0.0000000002252550
-0.4909999999999995 0.0000000002203081
-0.4899999999999995 0.0000000002153345
-0.4889999999999995 0.0000000002103352
-0.4879999999999995 0.0000000002053108
-0.4869999999999995 0.0000000002002620
-0.4859999999999995 0.0000000001951898
-0.4849999999999995 0.0000000001900944
-0.4839999999999995 0.0000000001849773
-0.4829999999999995 0.0000000001798384
-0.4819999999999995 0.0000000001746788
-0.4809999999999995 0.0000000001694992
-0.4799999999999995 0.0000000001643004
-0.4789999999999995 0.0000000001590831
-0.4779999999999995 0.0000000001538478
-0.4769999999999995 0.0000000001485955
-0.4759999999999995 0.0000000001433269
-0.4749999999999995 0.0000000001380426
-0.4739999999999995 0.0000000001327430
-0.4729999999999995 0.0000000001274296
-0.4719999999999995 0.0000000001221027
-0.4709999999999995 0.0000000001167628
-0.4699999999999995 0.0000000001114110
-0.4689999999999995 0.0000000001060478
-0.4679999999999995 0.0000000001006740
-0.4669999999999995 0.0000000000952902
-0.4659999999999995 0.0000000000898973
-0.4649999999999995 0.0000000000844960
-0.4639999999999995 0.0000000000790868
-0.4629999999999995 0.0000000000736707
-0.4619999999999995 0.0000000000682483
-0.4609999999999995 0.0000000000628203
-0.4599999999999995 0.0000000000573871
-0.4589999999999995 0.0000000000519499
-0.4579999999999995 0.0000000000465092
-0.4569999999999995 0.0000000000410657
-0.4559999999999995 0.0000000000356202
-0.4549999999999995 0.0000000000301733
-0.4539999999999995 0.0000000000247257
-0.4529999999999995 0.0000000000192779
-0.4519999999999995 0.0000000000138309
-0.4509999999999995 0.0000000000083856
-0.4499999999999995 0.0000000000029420
-0.4489999999999995 0.0000000000024987
-0.4479999999999995 0.0000000000079358
-0.4469999999999995 0.0000000000133689
-0.4459999999999995 0.0000000000187970
-0.4449999999999995 0.0000000000242197
-0.4439999999999995 0.0000000000296361
-0.4429999999999995 0.0000000000350457
-0.4419999999999995 0.0000000000404479
-0.4409999999999995 0.0000000000458417
-0.4399999999999995 0.0000000000512268
-0.4389999999999995 0.0000000000566023
-0.4379999999999995 0.0000000000619677
-0.4369999999999995 0.0000000000673221
-0.4359999999999995 0.0000000000726650
-0.4349999999999995 0.0000000000779959
-0.4339999999999995 0.0000000000833139
-0.4329999999999995 0.0000000000886186
-0.4319999999999995 0.0000000000939091
-0.4309999999999995 0.0000000000991847
-0.4299999999999995 0.0000000001044453
-0.4289999999999995 0.0000000001096897
-0.4279999999999995 0.0000000001149176
-0.4269999999999995 0.0000000001201282
-0.4259999999999995 0.0000000001253211
-0.4249999999999995 0.0000000001304954
-0.4239999999999995 0.0000000001356507
-0.4229999999999995 0.0000000001407864
-0.4219999999999995 0.0000000001459016
-0.4209999999999995 0.0000000001509961
-0.4199999999999995 0.0000000001560692
-0.4189999999999995 0.0000000001611200
-0.4179999999999995 0.0000000001661483
-0.4169999999999995 0.0000000001711534
-0.4159999999999995 0.0000000001761346
-0.4149999999999995 0.0000000001810914
-0.4139999999999995 0.0000000001860233
-0.4129999999999995 0.0000000001909297
-0.4119999999999995 0.0000000001958100
-0.4109999999999995 0.0000000002006636
-0.4099999999999995 0.0000000002054901
-0.4089999999999995 0.0000000002102888
-0.4079999999999995 0.0000000002150594
-0.4069999999999995 0.0000000002198010
-0.4059999999999995 0.0000000002245133
-0.4049999999999995 0.0000000002291959
-0.4039999999999995 0.0000000002338477
-0.4029999999999995 0.0000000002384689
-0.4019999999999995 0.0000000002430586
-0.4009999999999995 0.0000000002476164
-0.3999999999999995 0.0000000002521416
-0.3989999999999995 0.0000000002566340
-0.3979999999999995 0.0000000002610929
-0.3969999999999995 0.0000000002655182
-0.3959999999999995 0.0000000002699088
-0.3949999999999995 0.0000000002742646
-0.3939999999999995 0.0000000002785848
-0.3929999999999995 0.0000000002828695
-0.3919999999999995 0.0000000002871177
-0.3909999999999995 0.0000000002913293
-0.3899999999999995 0.0000000002955037
-0.3889999999999995 0.0000000002996404
-0.3879999999999995 0.0000000003037390
-0.3869999999999995 0.0000000003077991
-0.3859999999999995 0.0000000003118205
-0.3849999999999995 0.0000000003158023
-0.3839999999999995 0.0000000003197442
-0.3829999999999995 0.0000000003236461
-0.3819999999999995 0.0000000003275074
-0.3809999999999995 0.0000000003313275
-0.3799999999999994 0.0000000003351064
-0.3789999999999994 0.0000000003388433
-0.3779999999999994 0.0000000003425381
-0.3769999999999994 0.0000000003461904
-0.3759999999999994 0.0000000003497997
-0.3749999999999994 0.0000000003533658
-0.3739999999999994 0.0000000003568883
-0.3729999999999994 0.0000000003603664
-0.3719999999999994 0.0000000003638005
-0.3709999999999994 0.0000000003671897
-0.3699999999999994 0.0000000003705339
-0.3689999999999994 0.0000000003738326
-0.3679999999999994 0.0000000003770857
-0.3669999999999994 0.0000000003802928
-0.3659999999999994 0.0000000003834534
-0.3649999999999994 0.0000000003865674
-0.3639999999999994 0.0000000003896344
-0.3629999999999994 0.0000000003926542
-0.3619999999999994 0.0000000003956266
-0.3609999999999994 0.0000000003985509
-0.3599999999999994 0.0000000004014272
-0.3589999999999994 0.0000000004042550
-0.3579999999999994 0.0000000004070342
-0.3569999999999994 0.0000000004097646
-0.3559999999999994 0.0000000004124456
-0.3549999999999994 0.0000000004150773
-0.3539999999999994 0.0000000004176592
-0.3529999999999994 0.0000000004201913
-0.3519999999999994 0.0000000004226732
-0.3509999999999994 0.0000000004251050
-0.3499999999999994 0.0000000004274857
-0.3489999999999994 0.0000000004298160
-0.3479999999999994 0.0000000004320952
-0.3469999999999994 0.0000000004343231
-0.3459999999999994 0.0000000004364997
-0.3449999999999994 0.0000000004386248
-0.3439999999999994 0.0000000004406980
-0.3429999999999994 0.0000000004427192
-0.3419999999999994 0.0000000004446885
-0.3409999999999994 0.0000000004466052
-0.3399999999999994 0.0000000004484697
-0.3389999999999994 0.0000000004502816
-0.3379999999999994 0.0000000004520407
-0.3369999999999994 0.0000000004537468
-0.3359999999999994 0.0000000004554002
-0.3349999999999994 0.0000000004570003
-0.3339999999999994 0.0000000004585472
-0.3329999999999994 0.0000000004600406
-0.3319999999999994 0.0000000004614806
-0.3309999999999994 0.0000000004628670
-0.3299999999999994 0.0000000004641997
-0.3289999999999994 0.0000000004654787
-0.3279999999999994 0.0000000004667037
-0.3269999999999994 0.0000000004678750
-0.3259999999999994 0.0000000004689922
-0.3249999999999994 0.0000000004700552
-0.3239999999999994 0.0000000004710644
-0.3229999999999994 0.0000000004720190
-0.3219999999999994 0.0000000004729196
-0.3209999999999994 0.0000000004737660
-0.3199999999999994 0.0000000004745578
-0.3189999999999994 0.0000000004752956
-0.3179999999999994 0.0000000004759788
-0.3169999999999994 0.0000000004766078
-0.3159999999999994 0.0000000004771822
-0.3149999999999994 0.0000000004777024
-0.3139999999999994 0.0000000004781682
-0.3129999999999994 0.0000000004785795
-0.3119999999999994 0.0000000004789363
-0.3109999999999994 0.0000000004792389
-0.3099999999999994 0.0000000004794871
-0.3089999999999994 0.0000000004796811
-0.3079999999999994 0.0000000004798207
-0.3069999999999994 0.0000000004799060
-0.3059999999999994 0.0000000004799373
-0.3049999999999994 0.0000000004799143
-0.3039999999999994 0.0000000004798374
-0.3029999999999994 0.0000000004797065
-0.3019999999999994 0.0000000004795215
-0.3009999999999994 0.0000000004792826
-0.2999999999999994 0.0000000004789902
-0.2989999999999994 0.0000000004786438
-0.2979999999999994 0.0000000004782439
-0.2969999999999994 0.0000000004777904
-0.2959999999999994 0.0000000004772835
-0.2949999999999994 0.0000000004767234
-0.2939999999999994 0.0000000004761102
-0.2929999999999994 0.0000000004754438
-0.2919999999999994 0.0000000004747246
-0.2909999999999994 0.0000000004739525
-0.2899999999999994 0.0000000004731278
-0.2889999999999994 0.0000000004722503
-0.2879999999999994 0.0000000004713206
-0.2869999999999994 0.0000000004703389
-0.2859999999999994 0.0000000004693049
-0.2849999999999994 0.0000000004682190
-0.2839999999999994 0.0000000004670815
-0.2829999999999994 0.0000000004658923
-0.2819999999999994 0.0000000004646518
-0.2809999999999994 0.0000000004633601
-0.2799999999999994 0.0000000004620174
-0.2789999999999994 0.0000000004606239
-0.2779999999999994 0.0000000004591796
-0.2769999999999994 0.0000000004576851
-0.2759999999999994 0.0000000004561403
-0.2749999999999994 0.0000000004545456
-0.2739999999999994 0.0000000004529012
-0.2729999999999994 0.0000000004512071
-0.2719999999999994 0.0000000004494639
-0.2709999999999994 0.0000000004476715
-0.2699999999999994 0.0000000004458303
-0.2689999999999994 0.0000000004439402
-0.2679999999999993 0.0000000004420022
-0.2669999999999993 0.0000000004400158
-0.2659999999999993 0.0000000004379819
-0.2649999999999993 0.0000000004359003
-0.2639999999999993 0.0000000004337712
-0.2629999999999993 0.0000000004315954
-0.2619999999999993 0.0000000004293725
-0.2609999999999993 0.0000000004271034
-0.2599999999999993 0.0000000004247881
-0.2589999999999993 0.0000000004224270
-0.2579999999999993 0.0000000004200202
-0.2569999999999993 0.0000000004175682
-0.2559999999999993 0.0000000004150710
-0.2549999999999993 0.0000000004125291
-0.2539999999999993 0.0000000004099432
-0.2529999999999993 0.0000000004073129
-0.2519999999999993 0.0000000004046390
-0.2509999999999993 0.0000000004019217
-0.2499999999999993 0.0000000003991614
-0.2489999999999993 0.0000000003963582
-0.2479999999999993 0.0000000003935128
-0.2469999999999993 0.0000000003906251
-0.2459999999999993 0.0000000003876959
-0.2449999999999993 0.0000000003847251
-0.2439999999999993 0.0000000003817134
-0.2429999999999993 0.0000000003786610
-0.2419999999999993 0.0000000003755682
-0.2409999999999993 0.0000000003724356
-0.2399999999999993 0.0000000003692635
-0.2389999999999993 0.0000000003660522
-0.2379999999999993 0.0000000003628019
-0.2369999999999993 0.0000000003595133
-0.2359999999999993 0.0000000003561866
-0.2349999999999993 0.0000000003528223
-0.2339999999999993 0.0000000003494205
-0.2329999999999993 0.0000000003459819
-0.2319999999999993 0.0000000003425068
-0.2309999999999993 0.0000000003389956
-0.2299999999999993 0.0000000003354488
-0.2289999999999993 0.0000000003318664
-0.2279999999999993 0.0000000003282495
-0.2269999999999993 0.0000000003245980
-0.2259999999999993 0.0000000003209123
-0.2249999999999993 0.0000000003171929
-0.2239999999999993 0.0000000003134405
-0.2229999999999993 0.0000000003096552
-0.2219999999999993 0.0000000003058376
-0.2209999999999993 0.0000000003019879
-0.2199999999999993 0.0000000002981069
-0.2189999999999993 0.0000000002941947
-0.2179999999999993 0.0000000002902517
-0.2169999999999993 0.0000000002862788
-0.2159999999999993 0.0000000002822759
-0.2149999999999993 0.0000000002782438
-0.2139999999999993 0.0000000002741828
-0.2129999999999993 0.0000000002700933
-0.2119999999999993 0.0000000002659759
-0.2109999999999993 0.0000000002618311
-0.2099999999999993 0.0000000002576593
-0.2089999999999993 0.0000000002534606
-0.2079999999999993 0.0000000002492360
-0.2069999999999993 0.0000000002449857
-0.2059999999999993 0.0000000002407102
-0.2049999999999993 0.0000000002364099
-0.2039999999999993 0.0000000002320854
-0.2029999999999993 0.0000000002277369
-0.2019999999999993 0.0000000002233653
-0.2009999999999993 0.0000000002189710
-0.1999999999999993 0.0000000002145543
-0.1989999999999993 0.0000000002101154
-0.1979999999999993 0.0000000002056554
-0.1969999999999993 0.0000000002011743
-0.1959999999999993 0.0000000001966728
-0.1949999999999993 0.0000000001921513
-0.1939999999999993 0.0000000001876105
-0.1929999999999993 0.0000000001830506
-0.1919999999999993 0.0000000001784722
-0.1909999999999993 0.0000000001738759
-0.1899999999999993 0.0000000001692620
-0.1889999999999993 0.0000000001646312
-0.1879999999999993 0.0000000001599838
-0.1869999999999993 0.0000000001553204
-0.1859999999999993 0.0000000001506415
-0.1849999999999993 0.0000000001459476
-0.1839999999999993 0.0000000001412394
-0.1829999999999993 0.0000000001365168
-0.1819999999999993 0.0000000001317809
-0.1809999999999993 0.0000000001270321
-0.1799999999999993 0.0000000001222706
-0.1789999999999993 0.0000000001174970
-0.1779999999999993 0.0000000001127121
-0.1769999999999993 0.0000000001079162
-0.1759999999999993 0.0000000001031097
-0.1749999999999993 0.0000000000982935
-0.1739999999999993 0.0000000000934675
-0.1729999999999993 0.0000000000886327
-0.1719999999999993 0.0000000000837893
-0.1709999999999993 0.0000000000789382
-0.1699999999999993 0.0000000000740794
-0.1689999999999993 0.0000000000692139
-0.1679999999999993 0.0000000000643420
-0.1669999999999993 0.0000000000594641
-0.1659999999999993 0.0000000000545809
-0.1649999999999993 0.0000000000496926
-0.1639999999999993 0.0000000000447999
-0.1629999999999993 0.0000000000399035
-0.1619999999999993 0.0000000000350038
-0.1609999999999993 0.0000000000301014
-0.1599999999999993 0.0000000000251964
-0.1589999999999993 0.0000000000202897
-0.1579999999999993 0.0000000000153815
-0.1569999999999993 0.0000000000104727
-0.1559999999999993 0.0000000000055634
-0.1549999999999992 0.0000000000006546
-0.1539999999999992 0.0000000000042537
-0.1529999999999992 0.0000000000091608
-0.1519999999999992 0.0000000000140660
-0.1509999999999992 0.0000000000189689
-0.1499999999999992 0.0000000000238691
-0.1489999999999992 0.0000000000287662
-0.1479999999999992 0.0000000000336594
-0.1469999999999992 0.0000000000385484
-0.1459999999999992 0.0000000000434325
-0.1449999999999992 0.0000000000483116
-0.1439999999999992 0.0000000000531848
-0.1429999999999992 0.0000000000580516
-0.1419999999999992 0.0000000000629119
-0.1409999999999992 0.0000000000677647
-0.1399999999999992 0.0000000000726097
-0.1389999999999992 0.0000000000774466
-0.1379999999999992 0.0000000000822747
-0.1369999999999992 0.0000000000870937
-0.1359999999999992 0.0000000000919026
-0.1349999999999992 0.0000000000967015
-0.1339999999999992 0.0000000001014896
-0.1329999999999992 0.0000000001062667
-0.1319999999999992 0.0000000001110316
-0.1309999999999992 0.0000000001157847
-0.1299999999999992 0.0000000001205250
-0.1289999999999992 0.0000000001252525
-0.1279999999999992 0.0000000001299659
-0.1269999999999992 0.0000000001346654
-0.1259999999999992 0.0000000001393503
-0.1249999999999992 0.0000000001440204
-0.1239999999999992 0.0000000001486745
-0.1229999999999992 0.0000000001533128
-0.1219999999999992 0.0000000001579348
-0.1209999999999992 0.0000000001625396
-0.1199999999999992 0.0000000001671271
-0.1189999999999992 0.0000000001716965
-0.1179999999999992 0.0000000001762480
-0.1169999999999992 0.0000000001807804
-0.1159999999999992 0.0000000001852936
-0.1149999999999992 0.0000000001897870
-0.1139999999999992 0.0000000001942605
-0.1129999999999992 0.0000000001987132
-0.1119999999999992 0.0000000002031449
-0.1109999999999992 0.0000000002075552
-0.1099999999999992 0.0000000002119432
-0.1089999999999992 0.0000000002163093
-0.1079999999999992 0.0000000002206523
-0.1069999999999992 0.0000000002249718
-0.1059999999999992 0.0000000002292682
-0.1049999999999992 0.0000000002335399
-0.1039999999999992 0.0000000002377872
-0.1029999999999992 0.0000000002420097
-0.1019999999999992 0.0000000002462067
-0.1009999999999992 0.0000000002503776
-0.0999999999999992 0.0000000002545226
-0.0989999999999992 0.0000000002586408
-0.0979999999999992 0.0000000002627321
-0.0969999999999992 0.0000000002667958
-0.0959999999999992 0.0000000002708314
-0.0949999999999992 0.0000000002748389
-0.0939999999999992 0.0000000002788177
-0.0929999999999992 0.0000000002827674
-0.0919999999999992 0.0000000002866876
-0.0909999999999992 0.0000000002905779
-0.0899999999999992 0.0000000002944379
-0.0889999999999992 0.0000000002982675
-0.0879999999999992 0.0000000003020659
-0.0869999999999992 0.0000000003058329
-0.0859999999999992 0.0000000003095681
-0.0849999999999992 0.0000000003132713
-0.0839999999999992 0.0000000003169418
-0.0829999999999992 0.0000000003205795
-0.0819999999999992 0.0000000003241838
-0.0809999999999992 0.0000000003277546
-0.0799999999999992 0.0000000003312914
-0.0789999999999992 0.0000000003347940
-0.0779999999999992 0.0000000003382618
-0.0769999999999992 0.0000000003416948
-0.0759999999999992 0.0000000003450922
-0.0749999999999992 0.0000000003484540
-0.0739999999999992 0.0000000003517798
-0.0729999999999992 0.0000000003550693
-0.0719999999999992 0.0000000003583221
-0.0709999999999992 0.0000000003615380
-0.0699999999999992 0.0000000003647164
-0.0689999999999992 0.0000000003678573
-0.0679999999999992 0.0000000003709603
-0.0669999999999992 0.0000000003740248
-0.0659999999999992 0.0000000003770509
-0.0649999999999992 0.0000000003800382
-0.0639999999999992 0.0000000003829864
-0.0629999999999992 0.0000000003858951
-0.0619999999999992 0.0000000003887641
-0.0609999999999992 0.0000000003915931
-0.0599999999999992 0.0000000003943817
-0.0589999999999992 0.0000000003971299
-0.0579999999999992 0.0000000003998372
-0.0569999999999992 0.0000000004025035
-0.0559999999999992 0.0000000004051283
-0.0549999999999992 0.0000000004077115
-0.0539999999999992 0.0000000004102529
-0.0529999999999992 0.0000000004127522
-0.0519999999999992 0.0000000004152090
-0.0509999999999992 0.0000000004176233
-0.0499999999999992 0.0000000004199946
-0.0489999999999992 0.0000000004223228
-0.0479999999999992 0.0000000004246079
-0.0469999999999992 0.0000000004268493
-0.0459999999999992 0.0000000004290471
-0.0449999999999992 0.0000000004312009
-0.0439999999999992 0.0000000004333104
-0.0429999999999992 0.0000000004353756
-0.0419999999999991 0.0000000004373961
-0.0409999999999991 0.0000000004393719
-0.0399999999999991 0.0000000004413026
-0.0389999999999991 0.0000000004431882
-0.0379999999999991 0.0000000004450285
-0.0369999999999991 0.0000000004468231
-0.0359999999999991 0.0000000004485720
-0.0349999999999991 0.0000000004502752
-0.0339999999999991 0.0000000004519320
-0.0329999999999991 0.0000000004535428
-0.0319999999999991 0.0000000004551072
-0.0309999999999991 0.0000000004566251
-0.0299999999999991 0.0000000004580962
-0.0289999999999991 0.0000000004595206
-0.0279999999999991 0.0000000004608979
-0.0269999999999991 0.0000000004622281
-0.0259999999999991 0.0000000004635111
-0.0249999999999991 0.0000000004647469
-0.0239999999999991 0.0000000004659351
-0.0229999999999991 0.0000000004670755
-0.0219999999999991 0.0000000004681684
-0.0209999999999991 0.0000000004692134
-0.0199999999999991 0.0000000004702105
-0.0189999999999991 0.0000000004711597
-0.0179999999999991 0.0000000004720606
-0.0169999999999991 0.0000000004729136
-0.0159999999999991 0.0000000004737180
-0.0149999999999991 0.0000000004744741
-0.0139999999999991 0.0000000004751820
-0.0129999999999991 0.0000000004758411
-0.0119999999999991 0.0000000004764519
-0.0109999999999991 0.0000000004770138
-0.0099999999999991 0.0000000004775271
-0.0089999999999991 0.0000000004779916
-0.0079999999999991 0.0000000004784075
-0.0069999999999991 0.0000000004787745
-0.0059999999999991 0.0000000004790927
-0.0049999999999991 0.0000000004793619
-0.0039999999999991 0.0000000004795823
-0.0029999999999991 0.0000000004797535
-0.0019999999999991 0.0000000004798758
-0.0009999999999991 0.0000000004799493
0.0000000000000009 0.0000000004799738
0.0010000000000009 0.0000000004799493
0.0020000000000009 0.0000000004798758
0.0030000000000009 0.0000000004797535
0.0040000000000009 0.0000000004795823
0.0050000000000009 0.0000000004793619
0.0060000000000009 0.0000000004790927
0.0070000000000009 0.0000000004787745
0.0080000000000009 0.0000000004784075
0.0090000000000009 0.0000000004779916
0.0100000000000009 0.0000000004775271
0.0110000000000009 0.0000000004770139
0.0120000000000009 0.0000000004764518
0.0130000000000009 0.0000000004758411
0.0140000000000009 0.0000000004751820
0.0150000000000009 0.0000000004744742
0.0160000000000009 0.0000000004737182
0.0170000000000009 0.0000000004729137
0.0180000000000009 0.0000000004720608
0.0190000000000009 0.0000000004711598
0.0200000000000009 0.0000000004702106
0.0210000000000009 0.0000000004692136
0.0220000000000009 0.0000000004681685
0.0230000000000009 0.0000000004670757
0.0240000000000009 0.0000000004659350
0.0250000000000009 0.0000000004647468
0.0260000000000009 0.0000000004635111
0.0270000000000009 0.0000000004622283
0.0280000000000009 0.0000000004608979
0.0290000000000009 0.0000000004595206
0.0300000000000009 0.0000000004580964
0.0310000000000009 0.0000000004566252
0.0320000000000009 0.0000000004551073
0.0330000000000009 0.0000000004535429
0.0340000000000009 0.0000000004519323
0.0350000000000009 0.0000000004502753
0.0360000000000009 0.0000000004485722
0.0370000000000009 0.0000000004468232
0.0380000000000009 0.0000000004450286
0.0390000000000009 0.0000000004431883
0.0400000000000009 0.0000000004413028
0.0410000000000009 0.0000000004393720
0.0420000000000009 0.0000000004373962
0.0430000000000009 0.0000000004353756
0.0440000000000009 0.0000000004333104
0.0450000000000009 0.0000000004312010
0.0460000000000009 0.0000000004290471
0.0470000000000009 0.0000000004268496
0.0480000000000009 0.0000000004246081
0.0490000000000009 0.0000000004223231
0.0500000000000009 0.0000000004199947
0.0510000000000009 0.0000000004176234
0.0520000000000009 0.0000000004152092
0.0530000000000009 0.0000000004127523
0.0540000000000009 0.0000000004102529
0.0550000000000009 0.0000000004077118
0.0560000000000009 0.0000000004051284
0.0570000000000009 0.0000000004025036
0.0580000000000009 0.0000000003998374
0.0590000000000009 0.0000000003971301
0.0600000000000009 0.0000000003943819
0.0610000000000009 0.0000000003915932
0.0620000000000009 0.0000000003887644
0.0630000000000009 0.0000000003858952
0.0640000000000009 0.0000000003829866
0.0650000000000009 0.0000000003800386
0.0660000000000009 0.0000000003770512
0.0670000000000009 0.0000000003740249
0.0680000000000009 0.0000000003709603
0.0690000000000009 0.0000000003678574
0.0700000000000009 0.0000000003647166
0.0710000000000009 0.0000000003615381
0.0720000000000009 0.0000000003583223
0.0730000000000009 0.0000000003550696
0.0740000000000009 0.0000000003517800
0.0750000000000009 0.0000000003484542
0.0760000000000009 0.0000000003450924
0.0770000000000009 0.0000000003416950
0.0780000000000009 0.0000000003382620
0.0790000000000009 0.0000000003347943
0.0800000000000009 0.0000000003312918
0.0810000000000009 0.0000000003277547
0.0820000000000009 0.0000000003241839
0.0830000000000009 0.0000000003205796
0.0840000000000009 0.0000000003169420
0.0850000000000009 0.0000000003132715
0.0860000000000010 0.0000000003095685
0.0870000000000010 0.0000000003058331
0.0880000000000010 0.0000000003020660
0.0890000000000010 0.0000000002982677
0.0900000000000010 0.0000000002944383
0.0910000000000010 0.0000000002905782
0.0920000000000010 0.0000000002866878
0.0930000000000010 0.0000000002827677
0.0940000000000010 0.0000000002788179
0.0950000000000010 0.0000000002748393
0.0960000000000010 0.0000000002708316
0.0970000000000010 0.0000000002667959
0.0980000000000010 0.0000000002627322
0.0990000000000010 0.0000000002586410
0.1000000000000010 0.0000000002545228
0.1010000000000010 0.0000000002503778
0.1020000000000010 0.0000000002462068
0.1030000000000010 0.0000000002420100
0.1040000000000010 0.0000000002377875
0.1050000000000010 0.0000000002335401
0.1060000000000010 0.0000000002292683
0.1070000000000010 0.0000000002249722
0.1080000000000010 0.0000000002206525
0.1090000000000010 0.0000000002163094
0.1100000000000010 0.0000000002119437
0.1110000000000010 0.0000000002075554
0.1120000000000010 0.0000000002031453
0.1130000000000010 0.0000000001987134
0.1140000000000010 0.0000000001942606
0.1150000000000010 0.0000000001897873
0.1160000000000010 0.0000000001852938
0.1170000000000010 0.0000000001807805
0.1180000000000010 0.0000000001762481
0.1190000000000010 0.0000000001716969
0.1200000000000010 0.0000000001671273
0.1210000000000010 0.0000000001625399
0.1220000000000010 0.0000000001579350
0.1230000000000010 0.0000000001533131
0.1240000000000010 0.0000000001486747
0.1250000000000010 0.0000000001440205
0.1260000000000010 0.0000000001393508
0.1270000000000010 0.0000000001346657
0.1280000000000010 0.0000000001299664
0.1290000000000010 0.0000000001252528
0.1300000000000010 0.0000000001205254
0.1310000000000010 0.0000000001157850
0.1320000000000010 0.0000000001110321
0.1330000000000010 0.0000000001062669
0.1340000000000010 0.0000000001014898
0.1350000000000010 0.0000000000967018
0.1360000000000010 0.0000000000919029
0.1370000000000010 0.0000000000870938
0.1380000000000010 0.0000000000822750
0.1390000000000010 0.0000000000774469
0.1400000000000010 0.0000000000726099
0.1410000000000010 0.0000000000677650
0.1420000000000010 0.0000000000629121
0.1430000000000010 0.0000000000580520
0.1440000000000010 0.0000000000531851
0.1450000000000010 0.0000000000483119
0.1460000000000010 0.0000000000434328
0.1470000000000010 0.0000000000385487
0.1480000000000010 0.0000000000336597
0.1490000000000010 0.0000000000287665
0.1500000000000010 0.0000000000238694
0.1510000000000010 0.0000000000189690
0.1520000000000010 0.0000000000140661
0.1530000000000010 0.0000000000091610
0.1540000000000010 0.0000000000042539
0.1550000000000010 0.0000000000006544
0.1560000000000010 0.0000000000055632
0.1570000000000010 0.0000000000104724
0.1580000000000010 0.0000000000153813
0.1590000000000010 0.0000000000202894
0.1600000000000010 0.0000000000251962
0.1610000000000010 0.0000000000301010
0.1620000000000010 0.0000000000350036
0.1630000000000010 0.0000000000399034
0.1640000000000010 0.0000000000447997
0.1650000000000010 0.0000000000496923
0.1660000000000010 0.0000000000545805
0.1670000000000010 0.0000000000594638
0.1680000000000010 0.0000000000643416
0.1690000000000010 0.0000000000692136
0.1700000000000010 0.0000000000740793
0.1710000000000010 0.0000000000789379
0.1720000000000010 0.0000000000837891
0.1730000000000010 0.0000000000886325
0.1740000000000010 0.0000000000934672
0.1750000000000010 0.0000000000982932
0.1760000000000010 0.0000000001031095
0.1770000000000010 0.0000000001079159
0.1780000000000010 0.0000000001127118
0.1790000000000010 0.0000000001174967
0.1800000000000010 0.0000000001222704
0.1810000000000010 0.0000000001270316
0.1820000000000010 0.0000000001317808
0.1830000000000010 0.0000000001365166
0.1840000000000010 0.0000000001412391
0.1850000000000010 0.0000000001459475
0.1860000000000010 0.0000000001506414
0.1870000000000010 0.0000000001553202
0.1880000000000010 0.0000000001599836
0.1890000000000010 0.0000000001646311
0.1900000000000010 0.0000000001692618
0.1910000000000010 0.0000000001738757
0.1920000000000010 0.0000000001784719
0.1930000000000010 0.0000000001830504
0.1940000000000010 0.0000000001876103
0.1950000000000010 0.0000000001921512
0.1960000000000010 0.0000000001966726
0.1970000000000010 0.0000000002011740
0.1980000000000010 0.0000000002056550
0.1990000000000010 0.0000000002101151
0.2000000000000010 0.0000000002145540
0.2010000000000010 0.0000000002189708
0.2020000000000010 0.0000000002233653
0.2030000000000010 0.0000000002277368
0.2040000000000010 0.0000000002320851
0.2050000000000010 0.0000000002364097
0.2060000000000010 0.0000000002407099
0.2070000000000010 0.0000000002449856
0.2080000000000010 0.0000000002492359
0.2090000000000010 0.0000000002534605
0.2100000000000010 0.0000000002576590
0.2110000000000010 0.0000000002618310
0.2120000000000010 0.0000000002659759
0.2130000000000010 0.0000000002700933
0.2140000000000011 0.0000000002741826
0.2150000000000011 0.0000000002782437
0.2160000000000011 0.0000000002822758
0.2170000000000011 0.0000000002862786
0.2180000000000011 0.0000000002902516
0.2190000000000011 0.0000000002941946
0.2200000000000011 0.0000000002981068
0.2210000000000011 0.0000000003019878
0.2220000000000011 0.0000000003058375
0.2230000000000011 0.0000000003096550
0.2240000000000011 0.0000000003134405
0.2250000000000011 0.0000000003171928
0.2260000000000011 0.0000000003209121
0.2270000000000011 0.0000000003245978
0.2280000000000011 0.0000000003282493
0.2290000000000011 0.0000000003318664
0.2300000000000011 0.0000000003354488
0.2310000000000011 0.0000000003389955
0.2320000000000011 0.0000000003425068
0.2330000000000011 0.0000000003459818
0.2340000000000011 0.0000000003494203
0.2350000000000011 0.0000000003528221
0.2360000000000011 0.0000000003561866
0.2370000000000011 0.0000000003595133
0.2380000000000011 0.0000000003628018
0.2390000000000011 0.0000000003660522
0.2400000000000011 0.0000000003692635
0.2410000000000011 0.0000000003724356
0.2420000000000011 0.0000000003755682
0.2430000000000011 0.0000000003786609
0.2440000000000011 0.0000000003817134
0.2450000000000011 0.0000000003847250
0.2460000000000011 0.0000000003876957
0.2470000000000011 0.0000000003906252
0.2480000000000011 0.0000000003935127
0.2490000000000011 0.0000000003963582
0.2500000000000011 0.0000000003991613
0.2510000000000011 0.0000000004019218
0.2520000000000011 0.0000000004046391
0.2530000000000011 0.0000000004073129
0.2540000000000011 0.0000000004099431
0.2550000000000011 0.0000000004125292
0.2560000000000011 0.0000000004150710
0.2570000000000011 0.0000000004175682
0.2580000000000011 0.0000000004200201
0.2590000000000011 0.0000000004224270
0.2600000000000011 0.0000000004247882
0.2610000000000011 0.0000000004271035
0.2620000000000011 0.0000000004293726
0.2630000000000011 0.0000000004315954
0.2640000000000011 0.0000000004337714
0.2650000000000011 0.0000000004359002
0.2660000000000011 0.0000000004379819
0.2670000000000011 0.0000000004400159
0.2680000000000011 0.0000000004420021
0.2690000000000011 0.0000000004439403
0.2700000000000011 0.0000000004458302
0.2710000000000011 0.0000000004476713
0.2720000000000011 0.0000000004494638
0.2730000000000011 0.0000000004512072
0.2740000000000011 0.0000000004529012
0.2750000000000011 0.0000000004545456
0.2760000000000011 0.0000000004561405
0.2770000000000011 0.0000000004576852
0.2780000000000011 0.0000000004591797
0.2790000000000011 0.0000000004606239
0.2800000000000011 0.0000000004620174
0.2810000000000011 0.0000000004633601
0.2820000000000011 0.0000000004646519
0.2830000000000011 0.0000000004658923
0.2840000000000011 0.0000000004670816
0.2850000000000011 0.0000000004682191
0.2860000000000011 0.0000000004693050
0.2870000000000011 0.0000000004703391
0.2880000000000011 0.0000000004713208
0.2890000000000011 0.0000000004722506
0.2900000000000011 0.0000000004731280
0.2910000000000011 0.0000000004739527
0.2920000000000011 0.0000000004747246
0.2930000000000011 0.0000000004754440
0.2940000000000011 0.0000000004761104
0.2950000000000011 0.0000000004767237
0.2960000000000011 0.0000000004772838
0.2970000000000011 0.0000000004777906
0.2980000000000011 0.0000000004782440
0.2990000000000011 0.0000000004786440
0.3000000000000011 0.0000000004789903
0.3010000000000011 0.0000000004792829
0.3020000000000011 0.0000000004795216
0.3030000000000011 0.0000000004797066
0.3040000000000011 0.0000000004798377
0.3050000000000011 0.0000000004799146
0.3060000000000011 0.0000000004799376
0.3070000000000011 0.0000000004799064
0.3080000000000011 0.0000000004798210
0.3090000000000011 0.0000000004796813
0.3100000000000011 0.0000000004794874
0.3110000000000011 0.0000000004792392
0.3120000000000011 0.0000000004789364
0.3130000000000011 0.0000000004785797
0.3140000000000011 0.0000000004781683
0.3150000000000011 0.0000000004777025
0.3160000000000011 0.0000000004771825
0.3170000000000011 0.0000000004766080
0.3180000000000011 0.0000000004759790
0.3190000000000011 0.0000000004752958
0.3200000000000011 0.0000000004745583
0.3210000000000011 0.0000000004737661
0.3220000000000011 0.0000000004729199
0.3230000000000011 0.0000000004720194
0.3240000000000011 0.0000000004710645
0.3250000000000011 0.0000000004700554
0.3260000000000011 0.0000000004689925
0.3270000000000011 0.0000000004678754
0.3280000000000011 0.0000000004667041
0.3290000000000011 0.0000000004654790
0.3300000000000011 0.0000000004642001
0.3310000000000011 0.0000000004628673
0.3320000000000011 0.0000000004614809
0.3330000000000011 0.0000000004600410
0.3340000000000011 0.0000000004585475
0.3350000000000011 0.0000000004570007
0.3360000000000011 0.0000000004554006
0.3370000000000011 0.0000000004537473
0.3380000000000011 0.0000000004520410
0.3390000000000011 0.0000000004502820
0.3400000000000011 0.0000000004484701
0.3410000000000011 0.0000000004466056
0.3420000000000011 0.0000000004446887
0.3430000000000011 0.0000000004427195
0.3440000000000011 0.0000000004406984
0.3450000000000011 0.0000000004386251
0.3460000000000011 0.0000000004365002
0.3470000000000011 0.0000000004343237
0.3480000000000011 0.0000000004320957
0.3490000000000011 0.0000000004298163
0.3500000000000011 0.0000000004274863
0.3510000000000011 0.0000000004251052
0.3520000000000011 0.0000000004226737
0.3530000000000011 0.0000000004201918
0.3540000000000011 0.0000000004176596
0.3550000000000011 0.0000000004150776
0.3560000000000011 0.0000000004124460
0.3570000000000011 0.0000000004097650
0.3580000000000012 0.0000000004070347
0.3590000000000012 0.0000000004042554
0.3600000000000012 0.0000000004014276
0.3610000000000012 0.0000000003985513
0.3620000000000012 0.0000000003956271
0.3630000000000012 0.0000000003926548
0.3640000000000012 0.0000000003896351
0.3650000000000012 0.0000000003865679
0.3660000000000012 0.0000000003834539
0.3670000000000012 0.0000000003802934
0.3680000000000012 0.0000000003770864
0.3690000000000012 0.0000000003738332
0.3700000000000012 0.0000000003705345
0.3710000000000012 0.0000000003671902
0.3720000000000012 0.0000000003638010
0.3730000000000012 0.0000000003603670
0.3740000000000012 0.0000000003568887
0.3750000000000012 0.0000000003533664
0.3760000000000012 0.0000000003498004
0.3770000000000012 0.0000000003461911
0.3780000000000012 0.0000000003425388
0.3790000000000012 0.0000000003388440
0.3800000000000012 0.0000000003351071
0.3810000000000012 0.0000000003313281
0.3820000000000012 0.0000000003275080
0.3830000000000012 0.0000000003236468
0.3840000000000012 0.0000000003197449
0.3850000000000012 0.0000000003158027
0.3860000000000012 0.0000000003118210
0.3870000000000012 0.0000000003077998
0.3880000000000012 0.0000000003037397
0.3890000000000012 0.0000000002996410
0.3900000000000012 0.0000000002955042
0.3910000000000012 0.0000000002913298
0.3920000000000012 0.0000000002871184
0.3930000000000012 0.0000000002828701
0.3940000000000012 0.0000000002785856
0.3950000000000012 0.0000000002742651
0.3960000000000012 0.0000000002699094
0.3970000000000012 0.0000000002655187
0.3980000000000012 0.0000000002610936
0.3990000000000012 0.0000000002566347
0.4000000000000012 0.0000000002521423
0.4010000000000012 0.0000000002476170
0.4020000000000012 0.0000000002430592
0.4030000000000012 0.0000000002384695
0.4040000000000012 0.0000000002338486
0.4050000000000012 0.0000000002291963
0.4060000000000012 0.0000000002245139
0.4070000000000012 0.0000000002198017
0.4080000000000012 0.0000000002150599
0.4090000000000012 0.0000000002102895
0.4100000000000012 0.0000000002054906
0.4110000000000012 0.0000000002006643
0.4120000000000012 0.0000000001958106
0.4130000000000012 0.0000000001909304
0.4140000000000012 0.0000000001860241
0.4150000000000012 0.0000000001810921
0.4160000000000012 0.0000000001761353
0.4170000000000012 0.0000000001711540
0.4180000000000012 0.0000000001661490
0.4190000000000012 0.0000000001611208
0.4200000000000012 0.0000000001560697
0.4210000000000012 0.0000000001509969
0.4220000000000012 0.0000000001459024
0.4230000000000012 0.0000000001407870
0.4240000000000012 0.0000000001356514
0.4250000000000012 0.0000000001304962
0.4260000000000012 0.0000000001253219
0.4270000000000012 0.0000000001201289
0.4280000000000012 0.0000000001149183
0.4290000000000012 0.0000000001096904
0.4300000000000012 0.0000000001044460
0.4310000000000012 0.0000000000991855
0.4320000000000012 0.0000000000939098
0.4330000000000012 0.0000000000886191
0.4340000000000012 0.0000000000833147
0.4350000000000012 0.0000000000779966
0.4360000000000012 0.0000000000726658
0.4370000000000012 0.0000000000673227
0.4380000000000012 0.0000000000619683
0.4390000000000012 0.0000000000566031
0.4400000000000012 0.0000000000512275
0.4410000000000012 0.0000000000458424
0.4420000000000012 0.0000000000404485
0.4430000000000012 0.0000000000350465
0.4440000000000012 0.0000000000296368
0.4450000000000012 0.0000000000242203
0.4460000000000012 0.0000000000187976
0.4470000000000012 0.0000000000133695
0.4480000000000012 0.0000000000079364
0.4490000000000012 0.0000000000024993
0.4500000000000012 0.0000000000029412
0.4510000000000012 0.0000000000083847
0.4520000000000012 0.0000000000138302
0.4530000000000012 0.0000000000192771
0.4540000000000012 0.0000000000247249
0.4550000000000012 0.0000000000301725
0.4560000000000012 0.0000000000356194
0.4570000000000012 0.0000000000410650
0.4580000000000012 0.0000000000465085
0.4590000000000012 0.0000000000519492
0.4600000000000012 0.0000000000573865
0.4610000000000012 0.0000000000628194
0.4620000000000012 0.0000000000682475
0.4630000000000012 0.0000000000736701
0.4640000000000012 0.0000000000790862
0.4650000000000012 0.0000000000844953
0.4660000000000012 0.0000000000898965
0.4670000000000012 0.0000000000952896
0.4680000000000012 0.0000000001006732
0.4690000000000012 0.0000000001060472
0.4700000000000013 0.0000000001114103
0.4710000000000013 0.0000000001167623
0.4720000000000013 0.0000000001221019
0.4730000000000013 0.0000000001274288
0.4740000000000013 0.0000000001327426
0.4750000000000013 0.0000000001380418
0.4760000000000013 0.0000000001433261
0.4770000000000013 0.0000000001485949
0.4780000000000013 0.0000000001538472
0.4790000000000013 0.0000000001590825
0.4800000000000013 0.0000000001642998
0.4810000000000013 0.0000000001694986
0.4820000000000013 0.0000000001746782
0.4830000000000013 0.0000000001798377
0.4840000000000013 0.0000000001849766
0.4850000000000013 0.0000000001900938
0.4860000000000013 0.0000000001951890
0.4870000000000013 0.0000000002002615
0.4880000000000013 0.0000000002053100
0.4890000000000013 0.0000000002103345
0.4900000000000013 0.0000000002153338
0.4910000000000013 0.0000000002203073
0.4920000000000013 0.0000000002252545
0.4930000000000013 0.0000000002301743
0.4940000000000013 0.0000000002350664
0.4950000000000013 0.0000000002399296
0.4960000000000013 0.0000000002447637
0.4970000000000013 0.0000000002495677
0.4980000000000013 0.0000000002543409
0.4990000000000013 0.0000000002590826
0.5000000000000012 0.0000000002637921
0.5010000000000012 0.0000000002684689
0.5020000000000012 0.0000000002731119
0.5030000000000012 0.0000000002777208
0.5040000000000012 0.0000000002822947
0.5050000000000012 0.0000000002868329
0.5060000000000012 0.0000000002913346
0.5070000000000012 0.0000000002957993
0.5080000000000012 0.0000000003002262
0.5090000000000012 0.0000000003046149
0.5100000000000012 0.0000000003089644
0.5110000000000012 0.0000000003132740
0.5120000000000012 0.0000000003175433
0.5130000000000012 0.0000000003217713
0.5140000000000012 0.0000000003259574
0.5150000000000012 0.0000000003301011
0.5160000000000012 0.0000000003342017
0.5170000000000012 0.0000000003382583
0.5180000000000012 0.0000000003422705
0.5190000000000012 0.0000000003462376
0.5200000000000012 0.0000000003501589
0.5210000000000012 0.0000000003540339
0.5220000000000012 0.0000000003578617
0.5230000000000012 0.0000000003616417
0.5240000000000012 0.0000000003653735
0.5250000000000012 0.0000000003690562
0.5260000000000012 0.0000000003726894
0.5270000000000012 0.0000000003762723
0.5280000000000012 0.0000000003798045
0.5290000000000012 0.0000000003832850
0.5300000000000012 0.0000000003867136
0.5310000000000012 0.0000000003900895
0.5320000000000012 0.0000000003934121
0.5330000000000013 0.0000000003966809
0.5340000000000013 0.0000000003998950
0.5350000000000013 0.0000000004030545
0.5360000000000013 0.0000000004061582
0.5370000000000013 0.0000000004092054
0.5380000000000013 0.0000000004121963
0.5390000000000013 0.0000000004151297
0.5400000000000013 0.0000000004180052
0.5410000000000013 0.0000000004208223
0.5420000000000013 0.0000000004235805
0.5430000000000013 0.0000000004262791
0.5440000000000013 0.0000000004289179
0.5450000000000013 0.0000000004314958
0.5460000000000013 0.0000000004340128
0.5470000000000013 0.0000000004364682
0.5480000000000013 0.0000000004388615
0.5490000000000013 0.0000000004411923
0.5500000000000013 0.0000000004434599
0.5510000000000013 0.0000000004456642
0.5520000000000013 0.0000000004478041
0.5530000000000013 0.0000000004498797
0.5540000000000013 0.0000000004518902
0.5550000000000013 0.0000000004538353
0.5560000000000013 0.0000000004557146
0.5570000000000013 0.0000000004575275
0.5580000000000013 0.0000000004592736
0.5590000000000013 0.0000000004609526
0.5600000000000013 0.0000000004625640
0.5610000000000013 0.0000000004641075
0.5620000000000013 0.0000000004655824
0.5630000000000013 0.0000000004669887
0.5640000000000013 0.0000000004683256
0.5650000000000013 0.0000000004695930
0.5660000000000013 0.0000000004707904
0.5670000000000013 0.0000000004719178
0.5680000000000013 0.0000000004729743
0.5690000000000013 0.0000000004739599
0.5700000000000013 0.0000000004748741
0.5710000000000013 0.0000000004757170
0.5720000000000013 0.0000000004764874
0.5730000000000013 0.0000000004771861
0.5740000000000013 0.0000000004778118
0.5750000000000013 0.0000000004783648
0.5760000000000013 0.0000000004788445
0.5770000000000013 0.0000000004792512
0.5780000000000013 0.0000000004795839
0.5790000000000013 0.0000000004798429
0.5800000000000013 0.0000000004800277
0.5810000000000013 0.0000000004801380
0.5820000000000013 0.0000000004801739
0.5830000000000013 0.0000000004801348
0.5840000000000013 0.0000000004800209
0.5850000000000013 0.0000000004798317
0.5860000000000013 0.0000000004795674
0.5870000000000013 0.0000000004792272
0.5880000000000013 0.0000000004788115
0.5890000000000013 0.0000000004783199
0.5900000000000013 0.0000000004777524
0.5910000000000013 0.0000000004771088
0.5920000000000013 0.0000000004763889
0.5930000000000013 0.0000000004755930
0.5940000000000013 0.0000000004747204
0.5950000000000013 0.0000000004737714
0.5960000000000013 0.0000000004727460
0.5970000000000013 0.0000000004716437
0.5980000000000013 0.0000000004704650
0.5990000000000013 0.0000000004692096
0.6000000000000013 0.0000000004678774
0.6010000000000013 0.0000000004664684
0.6020000000000013 0.0000000004649829
0.6030000000000013 0.0000000004634206
0.6040000000000013 0.0000000004617816
0.6050000000000013 0.0000000004600659
0.6060000000000013 0.0000000004582738
0.6070000000000013 0.0000000004564051
0.6080000000000013 0.0000000004544598
0.6090000000000013 0.0000000004524384
0.6100000000000013 0.0000000004503405
0.6110000000000013 0.0000000004481666
0.6120000000000013 0.0000000004459166
0.6130000000000013 0.0000000004435908
0.6140000000000013 0.0000000004411892
0.6150000000000013 0.0000000004387120
0.6160000000000013 0.0000000004361592
0.6170000000000013 0.0000000004335315
0.6180000000000013 0.0000000004308285
0.6190000000000013 0.0000000004280508
0.6200000000000013 0.0000000004251985
0.6210000000000013 0.0000000004222720
0.6220000000000013 0.0000000004192712
0.6230000000000013 0.0000000004161969
0.6240000000000013 0.0000000004130487
0.6250000000000013 0.0000000004098274
0.6260000000000013 0.0000000004065333
0.6270000000000013 0.0000000004031663
0.6280000000000013 0.0000000003997270
0.6290000000000013 0.0000000003962159
0.6300000000000013 0.0000000003926334
0.6310000000000013 0.0000000003889796
0.6320000000000013 0.0000000003852549
0.6330000000000013 0.0000000003814599
0.6340000000000013 0.0000000003775948
0.6350000000000013 0.0000000003736600
0.6360000000000013 0.0000000003696563
0.6370000000000013 0.0000000003655838
0.6380000000000013 0.0000000003614432
0.6390000000000013 0.0000000003572348
0.6400000000000013 0.0000000003529593
0.6410000000000013 0.0000000003486169
0.6420000000000013 0.0000000003442087
0.6430000000000013 0.0000000003397346
0.6440000000000013 0.0000000003351955
0.6450000000000014 0.0000000003305920
0.6460000000000014 0.0000000003259243
0.6470000000000014 0.0000000003211935
0.6480000000000014 0.0000000003164001
0.6490000000000014 0.0000000003115446
0.6500000000000014 0.0000000003066275
0.6510000000000014 0.0000000003016497
0.6520000000000014 0.0000000002966118
0.6530000000000014 0.0000000002915145
0.6540000000000014 0.0000000002863585
0.6550000000000014 0.0000000002811444
0.6560000000000014 0.0000000002758732
0.6570000000000014 0.0000000002705455
0.6580000000000014 0.0000000002651618
0.6590000000000014 0.0000000002597231
0.6600000000000014 0.0000000002542303
0.6610000000000014 0.0000000002486840
0.6620000000000014 0.0000000002430851
0.6630000000000014 0.0000000002374345
0.6640000000000014 0.0000000002317331
0.6650000000000014 0.0000000002259813
0.6660000000000014 0.0000000002201803
0.6670000000000014 0.0000000002143311
0.6680000000000014 0.0000000002084344
0.6690000000000014 0.0000000002024915
0.6700000000000014 0.0000000001965025
0.6710000000000014 0.0000000001904691
0.6720000000000014 0.0000000001843921
0.6730000000000014 0.0000000001782721
0.6740000000000014 0.0000000001721105
0.6750000000000014 0.0000000001659083
0.6760000000000014 0.0000000001596662
0.6770000000000014 0.0000000001533853
0.6780000000000014 0.0000000001470668
0.6790000000000014 0.0000000001407118
0.6800000000000014 0.0000000001343211
0.6810000000000014 0.0000000001278960
0.6820000000000014 0.0000000001214374
0.6830000000000014 0.0000000001149466
0.6840000000000014 0.0000000001084247
0.6850000000000014 0.0000000001018727
0.6860000000000014 0.0000000000952919
0.6870000000000014 0.0000000000886833
0.6880000000000014 0.0000000000820483
0.6890000000000014 0.0000000000753876
0.6900000000000014 0.0000000000687030
0.6910000000000014 0.0000000000619954
0.6920000000000014 0.0000000000552659
0.6930000000000014 0.0000000000485160
0.6940000000000014 0.0000000000417469
0.6950000000000014 0.0000000000349598
0.6960000000000014 0.0000000000281559
0.6970000000000014 0.0000000000213367
0.6980000000000014 0.0000000000145032
0.6990000000000014 0.0000000000076571
0.7000000000000014 0.0000000000007992
0.7010000000000014 0.0000000000060687
0.7020000000000014 0.0000000000129455
0.7030000000000014 0.0000000000198297
0.7040000000000014 0.0000000000267201
0.7050000000000014 0.0000000000336152
0.7060000000000014 0.0000000000405136
0.7070000000000014 0.0000000000474139
0.7080000000000014 0.0000000000543148
0.7090000000000014 0.0000000000612148
0.7100000000000014 0.0000000000681126
0.7110000000000014 0.0000000000750064
0.7120000000000014 0.0000000000818953
0.7130000000000014 0.0000000000887773
0.7140000000000014 0.0000000000956512
0.7150000000000014 0.0000000001025154
0.7160000000000014 0.0000000001093686
0.7170000000000014 0.0000000001162092
0.7180000000000014 0.0000000001230357
0.7190000000000014 0.0000000001298466
0.7200000000000014 0.0000000001366401
0.7210000000000014 0.0000000001434149
0.7220000000000014 0.0000000001501699
0.7230000000000014 0.0000000001569027
0.7240000000000014 0.0000000001636126
0.7250000000000014 0.0000000001702972
0.7260000000000014 0.0000000001769555
0.7270000000000014 0.0000000001835856
0.7280000000000014 0.0000000001901861
0.7290000000000014 0.0000000001967555
0.7300000000000014 0.0000000002032920
0.7310000000000014 0.0000000002097942
0.7320000000000014 0.0000000002162599
0.7330000000000014 0.0000000002226884
0.7340000000000014 0.0000000002290774
0.7350000000000014 0.0000000002354258
0.7360000000000014 0.0000000002417313
0.7370000000000014 0.0000000002479927
0.7380000000000014 0.0000000002542084
0.7390000000000014 0.0000000002603766
0.7400000000000014 0.0000000002664958
0.7410000000000014 0.0000000002725642
0.7420000000000014 0.0000000002785802
0.7430000000000014 0.0000000002845421
0.7440000000000014 0.0000000002904483
0.7450000000000014 0.0000000002962973
0.7460000000000014 0.0000000003020871
0.7470000000000014 0.0000000003078163
0.7480000000000014 0.0000000003134830
0.7490000000000014 0.0000000003190859
0.7500000000000014 0.0000000003246230
0.7510000000000014 0.0000000003300927
0.7520000000000014 0.0000000003354935
0.7530000000000014 0.0000000003408235
0.7540000000000014 0.0000000003460814
0.7550000000000014 0.0000000003512652
0.7560000000000014 0.0000000003563733
0.7570000000000014 0.0000000003614042
0.7580000000000015 0.0000000003663559
0.7590000000000015 0.0000000003712273
0.7600000000000015 0.0000000003760163
0.7610000000000015 0.0000000003807215
0.7620000000000015 0.0000000003853411
0.7630000000000015 0.0000000003898738
0.7640000000000015 0.0000000003943172
0.7650000000000015 0.0000000003986705
0.7660000000000015 0.0000000004029318
0.7670000000000015 0.0000000004070996
0.7680000000000015 0.0000000004111719
0.7690000000000015 0.0000000004151474
0.7700000000000015 0.0000000004190246
0.7710000000000015 0.0000000004228017
0.7720000000000015 0.0000000004264773
0.7730000000000015 0.0000000004300500
0.7740000000000015 0.0000000004335179
0.7750000000000015 0.0000000004368795
0.7760000000000015 0.0000000004401335
0.7770000000000015 0.0000000004432782
0.7780000000000015 0.0000000004463120
0.7790000000000015 0.0000000004492338
0.7800000000000015 0.0000000004520418
0.7810000000000015 0.0000000004547347
0.7820000000000015 0.0000000004573107
0.7830000000000015 0.0000000004597689
0.7840000000000015 0.0000000004621076
0.7850000000000015 0.0000000004643252
0.7860000000000015 0.0000000004664207
0.7870000000000015 0.0000000004683924
0.7880000000000015 0.0000000004702394
0.7890000000000015 0.0000000004719598
0.7900000000000015 0.0000000004735525
0.7910000000000015 0.0000000004750164
0.7920000000000015 0.0000000004763503
0.7930000000000015 0.0000000004775523
0.7940000000000015 0.0000000004786219
0.7950000000000015 0.0000000004795574
0.7960000000000015 0.0000000004803580
0.7970000000000015 0.0000000004810221
0.7980000000000015 0.0000000004815488
0.7990000000000015 0.0000000004819372
0.8000000000000015 0.0000000004821858
0.8010000000000015 0.0000000004822939
0.8020000000000015 0.0000000004822601
0.8030000000000015 0.0000000004820837
0.8040000000000015 0.0000000004817635
0.8050000000000015 0.0000000004812990
0.8060000000000015 0.0000000004806884
0.8070000000000015 0.0000000004799316
0.8080000000000015 0.0000000004790275
0.8090000000000015 0.0000000004779753
0.8100000000000015 0.0000000004767740
0.8110000000000015 0.0000000004754230
0.8120000000000015 0.0000000004739217
0.8130000000000015 0.0000000004722691
0.8140000000000015 0.0000000004704651
0.8150000000000015 0.0000000004685085
0.8160000000000015 0.0000000004663989
0.8170000000000015 0.0000000004641360
0.8180000000000015 0.0000000004617189
0.8190000000000015 0.0000000004591475
0.8200000000000015 0.0000000004564210
0.8210000000000015 0.0000000004535394
0.8220000000000015 0.0000000004505022
0.8230000000000015 0.0000000004473093
0.8240000000000015 0.0000000004439602
0.8250000000000015 0.0000000004404546
0.8260000000000015 0.0000000004367927
0.8270000000000015 0.0000000004329743
0.8280000000000015 0.0000000004289992
0.8290000000000015 0.0000000004248677
0.8300000000000015 0.0000000004205793
0.8310000000000015 0.0000000004161346
0.8320000000000015 0.0000000004115336
0.8330000000000015 0.0000000004067762
0.8340000000000015 0.0000000004018632
0.8350000000000015 0.0000000003967948
0.8360000000000015 0.0000000003915711
0.8370000000000015 0.0000000003861927
0.8380000000000015 0.0000000003806601
0.8390000000000015 0.0000000003749737
0.8400000000000015 0.0000000003691343
0.8410000000000015 0.0000000003631425
0.8420000000000015 0.0000000003569989
0.8430000000000015 0.0000000003507046
0.8440000000000015 0.0000000003442603
0.8450000000000015 0.0000000003376667
0.8460000000000015 0.0000000003309251
0.8470000000000015 0.0000000003240367
0.8480000000000015 0.0000000003170021
0.8490000000000015 0.0000000003098232
0.8500000000000015 0.0000000003025007
0.8510000000000015 0.0000000002950363
0.8520000000000015 0.0000000002874312
0.8530000000000015 0.0000000002796871
0.8540000000000015 0.0000000002718056
0.8550000000000015 0.0000000002637882
0.8560000000000015 0.0000000002556366
0.8570000000000015 0.0000000002473529
0.8580000000000015 0.0000000002389388
0.8590000000000015 0.0000000002303964
0.8600000000000015 0.0000000002217277
0.8610000000000015 0.0000000002129350
0.8620000000000015 0.0000000002040204
0.8630000000000015 0.0000000001949860
0.8640000000000015 0.0000000001858347
0.8650000000000015 0.0000000001765690
0.8660000000000015 0.0000000001671913
0.8670000000000015 0.0000000001577043
0.8680000000000015 0.0000000001481107
0.8690000000000015 0.0000000001384138
0.8700000000000015 0.0000000001286163
0.8710000000000016 0.0000000001187215
0.8720000000000016 0.0000000001087324
0.8730000000000016 0.0000000000986524
0.8740000000000016 0.0000000000884850
0.8750000000000016 0.0000000000782335
0.8760000000000016 0.0000000000679019
0.8770000000000016 0.0000000000574935
0.8780000000000016 0.0000000000470124
0.8790000000000016 0.0000000000364625
0.8800000000000016 0.0000000000258481
0.8810000000000016 0.0000000000151731
0.8820000000000016 0.0000000000044418
0.8830000000000016 0.0000000000063414
0.8840000000000016 0.0000000000171714
0.8850000000000016 0.0000000000280441
0.8860000000000016 0.0000000000389547
0.8870000000000016 0.0000000000498980
0.8880000000000016 0.0000000000608693
0.8890000000000016 0.0000000000718628
0.8900000000000016 0.0000000000828738
0.8910000000000016 0.0000000000938967
0.8920000000000016 0.0000000001049258
0.8930000000000016 0.0000000001159554
0.8940000000000016 0.0000000001269796
0.8950000000000016 0.0000000001379927
0.8960000000000016 0.0000000001489884
0.8970000000000016 0.0000000001599603
0.8980000000000016 0.0000000001709021
0.8990000000000016 0.0000000001818072
0.9000000000000016 0.0000000001926688
0.9010000000000016 0.0000000002034801
0.9020000000000016 0.0000000002142342
0.9030000000000016 0.0000000002249239
0.9040000000000016 0.0000000002355417
0.9050000000000016 0.0000000002460800
0.9060000000000016 0.0000000002565316
0.9070000000000016 0.0000000002668883
0.9080000000000016 0.0000000002771423
0.9090000000000016 0.0000000002872856
0.9100000000000016 0.0000000002973095
0.9110000000000016 0.0000000003072057
0.9120000000000016 0.0000000003169655
0.9130000000000016 0.0000000003265800
0.9140000000000016 0.0000000003360404
0.9150000000000016 0.0000000003453376
0.9160000000000016 0.0000000003544619
0.9170000000000016 0.0000000003634040
0.9180000000000016 0.0000000003721539
0.9190000000000016 0.0000000003807018
0.9200000000000016 0.0000000003890377
0.9210000000000016 0.0000000003971511
0.9220000000000016 0.0000000004050316
0.9230000000000016 0.0000000004126685
0.9240000000000016 0.0000000004200508
0.9250000000000016 0.0000000004271673
0.9260000000000016 0.0000000004340073
0.9270000000000016 0.0000000004405584
0.9280000000000016 0.0000000004468096
0.9290000000000016 0.0000000004527485
0.9300000000000016 0.0000000004583632
0.9310000000000016 0.0000000004636413
0.9320000000000016 0.0000000004685701
0.9330000000000016 0.0000000004731372
0.9340000000000016 0.0000000004773291
0.9350000000000016 0.0000000004811326
0.9360000000000016 0.0000000004845345
0.9370000000000016 0.0000000004875209
0.9380000000000016 0.0000000004900776
0.9390000000000016 0.0000000004921910
0.9400000000000016 0.0000000004938465
0.9410000000000016 0.0000000004950291
0.9420000000000016 0.0000000004957242
0.9430000000000016 0.0000000004959166
0.9440000000000016 0.0000000004955910
0.9450000000000016 0.0000000004947313
0.9460000000000016 0.0000000004933222
0.9470000000000016 0.0000000004913472
0.9480000000000016 0.0000000004887900
0.9490000000000016 0.0000000004856339
0.9500000000000016 0.0000000004818619
0.9510000000000016 0.0000000004774566
0.9520000000000016 0.0000000004724010
0.9530000000000016 0.0000000004666769
0.9540000000000016 0.0000000004602664
0.9550000000000016 0.0000000004531514
0.9560000000000016 0.0000000004453127
0.9570000000000016 0.0000000004367321
0.9580000000000016 0.0000000004273901
0.9590000000000016 0.0000000004172671
0.9600000000000016 0.0000000004063437
0.9610000000000016 0.0000000003945997
0.9620000000000016 0.0000000003820143
0.9630000000000016 0.0000000003685675
0.9640000000000016 0.0000000003542379
0.9650000000000016 0.0000000003390044
0.9660000000000016 0.0000000003228454
0.9670000000000016 0.0000000003057391
0.9680000000000016 0.0000000002876628
0.9690000000000016 0.0000000002685944
0.9700000000000016 0.0000000002485109
0.9710000000000016 0.0000000002273890
0.9720000000000016 0.0000000002052055
0.9730000000000016 0.0000000001819359
0.9740000000000016 0.0000000001575564
0.9750000000000016 0.0000000001320424
0.9760000000000016 0.0000000001053690
0.9770000000000016 0.0000000000775110
0.9780000000000016 0.0000000000484424
0.9790000000000016 0.0000000000181380
0.9800000000000016 0.0000000000134291
0.9810000000000016 0.0000000000462859
0.9820000000000016 0.0000000000804586
0.9830000000000017 0.0000000001159752
0.9840000000000017 0.0000000001528634
0.9850000000000017 0.0000000001911513
0.9860000000000017 0.0000000002308674
0.9870000000000017 0.0000000002720407
0.9880000000000017 0.0000000003147006
0.9890000000000017 0.0000000003588769
0.9900000000000017 0.0000000004045997
0.9910000000000017 0.0000000004518991
0.9920000000000017 0.0000000005008066
0.9930000000000017 0.0000000005513531
0.9940000000000017 0.0000000006035706
0.9950000000000017 0.0000000006574912
0.9960000000000017 0.0000000007131473
0.9970000000000017 0.0000000007705723
0.9980000000000017 0.0000000008297990
0.9990000000000017 0.0000000008908621
