-1.0000000000000000 0.0000000079893899
-0.9990000000000000 0.0000000000042023
-0.9980000000000000 0.0000000000014463
-0.9970000000000000 0.0000000000054500
-0.9960000000000000 0.0000000000028552
-0.9950000000000000 0.0000000000064225
-0.9940000000000000 0.0000000000082838
-0.9930000000000000 0.0000000000080542
-0.9920000000000000 0.0000000000054994
-0.9910000000000000 0.0000000000044070
-0.9900000000000000 0.0000000000087972
-0.9890000000000000 0.0000000000098129
-0.9880000000000000 0.0000000000148076
-0.9870000000000000 0.0000000000122921
-0.9860000000000000 0.0000000000109400
-0.9850000000000000 0.0000000000062946
-0.9840000000000000 0.0000000000051465
-0.9830000000000000 0.0000000000128381
-0.9820000000000000 0.0000000000117655
-0.9810000000000000 0.0000000000113550
-0.9800000000000000 0.0000000000124694
-0.9790000000000000 0.0000000000149697
-0.9780000000000000 0.0000000000144403
-0.9770000000000000 0.0000000000103224
-0.9760000000000000 0.0000000000053429
-0.9750000000000000 0.0000000000050819
-0.9740000000000000 0.0000000000069135
-0.9730000000000000 0.0000000000077830
-0.9720000000000000 0.0000000000062698
-0.9710000000000000 0.0000000000091064
-0.9700000000000000 0.0000000000120742
-0.9690000000000000 0.0000000000099317
-0.9680000000000000 0.0000000000100925
-0.9670000000000000 0.0000000000108175
-0.9660000000000000 0.0000000000115962
-0.9650000000000000 0.0000000000116049
-0.9640000000000000 0.0000000000098632
-0.9630000000000000 0.0000000000101444
-0.9620000000000000 0.0000000000084659
-0.9610000000000000 0.0000000000079027
-0.9600000000000000 0.0000000000069380
-0.9590000000000000 0.0000000000047752
-0.9580000000000000 0.0000000000040739
-0.9570000000000000 0.0000000000038070
-0.9560000000000000 0.0000000000027218
-0.9550000000000000 0.0000000000040709
-0.9540000000000000 0.0000000000027571
-0.9530000000000000 0.0000000000015855
-0.9520000000000000 0.0000000000021971
-0.9510000000000000 0.0000000000003759
-0.9500000000000000 0.0000000000008088
-0.9490000000000000 0.0000000000017929
-0.9480000000000000 0.0000000000001944
-0.9470000000000000 0.0000000000004513
-0.9460000000000000 0.0000000000004804
-0.9450000000000000 0.0000000000006617
-0.9440000000000000 0.0000000000005527
-0.9429999999999999 0.0000000000007422
-0.9419999999999999 0.0000000000000854
-0.9409999999999999 0.0000000000019241
-0.9399999999999999 0.0000000000009374
-0.9389999999999999 0.0000000000014589
-0.9379999999999999 0.0000000000019031
-0.9369999999999999 0.0000000000007738
-0.9359999999999999 0.0000000000006184
-0.9349999999999999 0.0000000000021545
-0.9339999999999999 0.0000000000003972
-0.9329999999999999 0.0000000000005852
-0.9319999999999999 0.0000000000026747
-0.9309999999999999 0.0000000000025202
-0.9299999999999999 0.0000000000035433
-0.9289999999999999 0.0000000000029088
-0.9279999999999999 0.0000000000045240
-0.9269999999999999 0.0000000000053031
-0.9259999999999999 0.0000000000033760
-0.9249999999999999 0.0000000000042235
-0.9239999999999999 0.0000000000048009
-0.9229999999999999 0.0000000000031469
-0.9219999999999999 0.0000000000015622
-0.9209999999999999 0.0000000000020395
-0.9199999999999999 0.0000000000031191
-0.9189999999999999 0.0000000000032429
-0.9179999999999999 0.0000000000038101
-0.9169999999999999 0.0000000000042671
-0.9159999999999999 0.0000000000039578
-0.9149999999999999 0.0000000000029404
-0.9139999999999999 0.0000000000018276
-0.9129999999999999 0.0000000000018017
-0.9119999999999999 0.0000000000019280
-0.9109999999999999 0.0000000000017314
-0.9099999999999999 0.0000000000018766
-0.9089999999999999 0.0000000000024085
-0.9079999999999999 0.0000000000030757
-0.9069999999999999 0.0000000000029705
-0.9059999999999999 0.0000000000019720
-0.9049999999999999 0.0000000000009629
-0.9039999999999999 0.0000000000006600
-0.9029999999999999 0.0000000000011627
-0.9019999999999999 0.0000000000011492
-0.9009999999999999 0.0000000000007558
-0.8999999999999999 0.0000000000013737
-0.8989999999999999 0.0000000000014231
-0.8979999999999999 0.0000000000002510
-0.8969999999999999 0.0000000000000515
-0.8959999999999999 0.0000000000002800
-0.8949999999999999 0.0000000000005471
-0.8939999999999999 0.0000000000009475
-0.8929999999999999 0.0000000000002398
-0.8919999999999999 0.0000000000005640
-0.8909999999999999 0.0000000000004036
-0.8899999999999999 0.0000000000005661
-0.8889999999999999 0.0000000000012134
-0.8879999999999999 0.0000000000019371
-0.8869999999999999 0.0000000000013574
-0.8859999999999999 0.0000000000011711
-0.8849999999999999 0.0000000000015418
-0.8839999999999999 0.0000000000027207
-0.8829999999999999 0.0000000000036167
-0.8819999999999999 0.0000000000026299
-0.8809999999999999 0.0000000000015358
-0.8799999999999999 0.0000000000011932
-0.8789999999999999 0.0000000000005924
-0.8779999999999999 0.0000000000027239
-0.8769999999999999 0.0000000000024586
-0.8759999999999999 0.0000000000012609
-0.8749999999999999 0.0000000000010485
-0.8739999999999999 0.0000000000011726
-0.8729999999999999 0.0000000000012231
-0.8719999999999999 0.0000000000008064
-0.8709999999999999 0.0000000000003658
-0.8699999999999999 0.0000000000006429
-0.8689999999999999 0.0000000000006590
-0.8679999999999999 0.0000000000016628
-0.8669999999999999 0.0000000000016495
-0.8659999999999999 0.0000000000016293
-0.8649999999999999 0.0000000000021887
-0.8639999999999999 0.0000000000032723
-0.8629999999999999 0.0000000000035563
-0.8619999999999999 0.0000000000020089
-0.8609999999999999 0.0000000000010278
-0.8599999999999999 0.0000000000023033
-0.8589999999999999 0.0000000000028419
-0.8579999999999999 0.0000000000016133
-0.8569999999999999 0.0000000000019484
-0.8559999999999999 0.0000000000033926
-0.8549999999999999 0.0000000000026518
-0.8539999999999999 0.0000000000016520
-0.8529999999999999 0.0000000000029143
-0.8519999999999999 0.0000000000033195
-0.8509999999999999 0.0000000000014805
-0.8499999999999999 0.0000000000009867
-0.8489999999999999 0.0000000000020792
-0.8479999999999999 0.0000000000017977
-0.8469999999999999 0.0000000000012369
-0.8459999999999999 0.0000000000021754
-0.8449999999999999 0.0000000000021737
-0.8439999999999999 0.0000000000003626
-0.8429999999999999 0.0000000000003940
-0.8419999999999999 0.0000000000003223
-0.8409999999999999 0.0000000000022131
-0.8399999999999999 0.0000000000046495
-0.8389999999999999 0.0000000000045282
-0.8379999999999999 0.0000000000029867
-0.8369999999999999 0.0000000000019595
-0.8359999999999999 0.0000000000000197
-0.8349999999999999 0.0000000000035182
-0.8339999999999999 0.0000000000051417
-0.8329999999999999 0.0000000000025548
-0.8319999999999999 0.0000000000013053
-0.8309999999999998 0.0000000000016052
-0.8299999999999998 0.0000000000023059
-0.8289999999999998 0.0000000000057452
-0.8279999999999998 0.0000000000044211
-0.8269999999999998 0.0000000000001477
-0.8259999999999998 0.0000000000021888
-0.8249999999999998 0.0000000000021029
-0.8239999999999998 0.0000000000027802
-0.8229999999999998 0.0000000000040210
-0.8219999999999998 0.0000000000026027
-0.8209999999999998 0.0000000000009265
-0.8199999999999998 0.0000000000026764
-0.8189999999999998 0.0000000000021523
-0.8179999999999998 0.0000000000022631
-0.8169999999999998 0.0000000000034017
-0.8159999999999998 0.0000000000032675
-0.8149999999999998 0.0000000000016778
-0.8139999999999998 0.0000000000006064
-0.8129999999999998 0.0000000000003684
-0.8119999999999998 0.0000000000002065
-0.8109999999999998 0.0000000000008014
-0.8099999999999998 0.0000000000001078
-0.8089999999999998 0.0000000000015009
-0.8079999999999998 0.0000000000023618
-0.8069999999999998 0.0000000000021091
-0.8059999999999998 0.0000000000020033
-0.8049999999999998 0.0000000000028346
-0.8039999999999998 0.0000000000038397
-0.8029999999999998 0.0000000000040074
-0.8019999999999998 0.0000000000036704
-0.8009999999999998 0.0000000000040354
-0.7999999999999998 0.0000000000053253
-0.7989999999999998 0.0000000000063931
-0.7979999999999998 0.0000000000064697
-0.7969999999999998 0.0000000000062083
-0.7959999999999998 0.0000000000064072
-0.7949999999999998 0.0000000000068140
-0.7939999999999998 0.0000000000069446
-0.7929999999999998 0.0000000000069823
-0.7919999999999998 0.0000000000070789
-0.7909999999999998 0.0000000000068539
-0.7899999999999998 0.0000000000063101
-0.7889999999999998 0.0000000000061319
-0.7879999999999998 0.0000000000064414
-0.7869999999999998 0.0000000000064536
-0.7859999999999998 0.0000000000059218
-0.7849999999999998 0.0000000000056345
-0.7839999999999998 0.0000000000059130
-0.7829999999999998 0.0000000000059790
-0.7819999999999998 0.0000000000054156
-0.7809999999999998 0.0000000000048833
-0.7799999999999998 0.0000000000047355
-0.7789999999999998 0.0000000000042929
-0.7779999999999998 0.0000000000032485
-0.7769999999999998 0.0000000000024998
-0.7759999999999998 0.0000000000027375
-0.7749999999999998 0.0000000000033271
-0.7739999999999998 0.0000000000034396
-0.7729999999999998 0.0000000000032657
-0.7719999999999998 0.0000000000032490
-0.7709999999999998 0.0000000000030579
-0.7699999999999998 0.0000000000023168
-0.7689999999999998 0.0000000000016327
-0.7679999999999998 0.0000000000018281
-0.7669999999999998 0.0000000000025704
-0.7659999999999998 0.0000000000027423
-0.7649999999999998 0.0000000000020408
-0.7639999999999998 0.0000000000013929
-0.7629999999999998 0.0000000000016966
-0.7619999999999998 0.0000000000027117
-0.7609999999999998 0.0000000000034027
-0.7599999999999998 0.0000000000031247
-0.7589999999999998 0.0000000000022800
-0.7579999999999998 0.0000000000018103
-0.7569999999999998 0.0000000000021114
-0.7559999999999998 0.0000000000026366
-0.7549999999999998 0.0000000000026829
-0.7539999999999998 0.0000000000022694
-0.7529999999999998 0.0000000000018855
-0.7519999999999998 0.0000000000016609
-0.7509999999999998 0.0000000000013932
-0.7499999999999998 0.0000000000012441
-0.7489999999999998 0.0000000000016075
-0.7479999999999998 0.0000000000021954
-0.7469999999999998 0.0000000000021263
-0.7459999999999998 0.0000000000012893
-0.7449999999999998 0.0000000000007959
-0.7439999999999998 0.0000000000014636
-0.7429999999999998 0.0000000000025576
-0.7419999999999998 0.0000000000028485
-0.7409999999999998 0.0000000000023791
-0.7399999999999998 0.0000000000021733
-0.7389999999999998 0.0000000000025091
-0.7379999999999998 0.0000000000026704
-0.7369999999999998 0.0000000000024510
-0.7359999999999998 0.0000000000026684
-0.7349999999999998 0.0000000000036986
-0.7339999999999998 0.0000000000045681
-0.7329999999999998 0.0000000000043296
-0.7319999999999998 0.0000000000035822
-0.7309999999999998 0.0000000000035857
-0.7299999999999998 0.0000000000042892
-0.7289999999999998 0.0000000000043996
-0.7279999999999998 0.0000000000033950
-0.7269999999999998 0.0000000000023475
-0.7259999999999998 0.0000000000023603
-0.7249999999999998 0.0000000000031012
-0.7239999999999998 0.0000000000035463
-0.7229999999999998 0.0000000000035275
-0.7219999999999998 0.0000000000036954
-0.7209999999999998 0.0000000000042442
-0.7199999999999998 0.0000000000045939
-0.7189999999999998 0.0000000000044141
-0.7179999999999997 0.0000000000041853
-0.7169999999999997 0.0000000000043948
-0.7159999999999997 0.0000000000047298
-0.7149999999999997 0.0000000000045676
-0.7139999999999997 0.0000000000039557
-0.7129999999999997 0.0000000000035700
-0.7119999999999997 0.0000000000037753
-0.7109999999999997 0.0000000000042018
-0.7099999999999997 0.0000000000043526
-0.7089999999999997 0.0000000000042614
-0.7079999999999997 0.0000000000043384
-0.7069999999999997 0.0000000000047803
-0.7059999999999997 0.0000000000053645
-0.7049999999999997 0.0000000000057429
-0.7039999999999997 0.0000000000057705
-0.7029999999999997 0.0000000000055760
-0.7019999999999997 0.0000000000054277
-0.7009999999999997 0.0000000000055078
-0.6999999999999997 0.0000000000057165
-0.6989999999999997 0.0000000000057410
-0.6979999999999997 0.0000000000054300
-0.6969999999999997 0.0000000000050431
-0.6959999999999997 0.0000000000049739
-0.6949999999999997 0.0000000000052409
-0.6939999999999997 0.0000000000054416
-0.6929999999999997 0.0000000000052760
-0.6919999999999997 0.0000000000049172
-0.6909999999999997 0.0000000000047128
-0.6899999999999997 0.0000000000046763
-0.6889999999999997 0.0000000000045282
-0.6879999999999997 0.0000000000041945
-0.6869999999999997 0.0000000000039753
-0.6859999999999997 0.0000000000040956
-0.6849999999999997 0.0000000000043350
-0.6839999999999997 0.0000000000043360
-0.6829999999999997 0.0000000000041743
-0.6819999999999997 0.0000000000043245
-0.6809999999999997 0.0000000000050019
-0.6799999999999997 0.0000000000057893
-0.6789999999999997 0.0000000000060972
-0.6779999999999997 0.0000000000058755
-0.6769999999999997 0.0000000000056316
-0.6759999999999997 0.0000000000057528
-0.6749999999999997 0.0000000000060247
-0.6739999999999997 0.0000000000059484
-0.6729999999999997 0.0000000000054013
-0.6719999999999997 0.0000000000048019
-0.6709999999999997 0.0000000000046133
-0.6699999999999997 0.0000000000048401
-0.6689999999999997 0.0000000000051078
-0.6679999999999997 0.0000000000051585
-0.6669999999999997 0.0000000000051342
-0.6659999999999997 0.0000000000053246
-0.6649999999999997 0.0000000000057226
-0.6639999999999997 0.0000000000059440
-0.6629999999999997 0.0000000000056383
-0.6619999999999997 0.0000000000049295
-0.6609999999999997 0.0000000000043587
-0.6599999999999997 0.0000000000043396
-0.6589999999999997 0.0000000000047118
-0.6579999999999997 0.0000000000049173
-0.6569999999999997 0.0000000000046257
-0.6559999999999997 0.0000000000040905
-0.6549999999999997 0.0000000000038211
-0.6539999999999997 0.0000000000039693
-0.6529999999999997 0.0000000000041936
-0.6519999999999997 0.0000000000041492
-0.6509999999999997 0.0000000000039485
-0.6499999999999997 0.0000000000039689
-0.6489999999999997 0.0000000000042627
-0.6479999999999997 0.0000000000043798
-0.6469999999999997 0.0000000000039013
-0.6459999999999997 0.0000000000030224
-0.6449999999999997 0.0000000000024049
-0.6439999999999997 0.0000000000024329
-0.6429999999999997 0.0000000000027783
-0.6419999999999997 0.0000000000028082
-0.6409999999999997 0.0000000000023191
-0.6399999999999997 0.0000000000017067
-0.6389999999999997 0.0000000000014307
-0.6379999999999997 0.0000000000014992
-0.6369999999999997 0.0000000000015873
-0.6359999999999997 0.0000000000015308
-0.6349999999999997 0.0000000000015025
-0.6339999999999997 0.0000000000016785
-0.6329999999999997 0.0000000000019263
-0.6319999999999997 0.0000000000019718
-0.6309999999999997 0.0000000000018153
-0.6299999999999997 0.0000000000017940
-0.6289999999999997 0.0000000000021653
-0.6279999999999997 0.0000000000027398
-0.6269999999999997 0.0000000000030475
-0.6259999999999997 0.0000000000028493
-0.6249999999999997 0.0000000000023807
-0.6239999999999997 0.0000000000020640
-0.6229999999999997 0.0000000000020677
-0.6219999999999997 0.0000000000022155
-0.6209999999999997 0.0000000000022724
-0.6199999999999997 0.0000000000021922
-0.6189999999999997 0.0000000000020626
-0.6179999999999997 0.0000000000019136
-0.6169999999999997 0.0000000000016996
-0.6159999999999997 0.0000000000014597
-0.6149999999999997 0.0000000000013801
-0.6139999999999997 0.0000000000016162
-0.6129999999999997 0.0000000000020773
-0.6119999999999997 0.0000000000024625
-0.6109999999999997 0.0000000000025457
-0.6099999999999997 0.0000000000024025
-0.6089999999999997 0.0000000000023344
-0.6079999999999997 0.0000000000025769
-0.6069999999999997 0.0000000000030954
-0.6059999999999997 0.0000000000036388
-0.6049999999999996 0.0000000000039596
-0.6039999999999996 0.0000000000039824
-0.6029999999999996 0.0000000000038126
-0.6019999999999996 0.0000000000036324
-0.6009999999999996 0.0000000000035836
-0.5999999999999996 0.0000000000037014
-0.5989999999999996 0.0000000000039189
-0.5979999999999996 0.0000000000041336
-0.5969999999999996 0.0000000000042881
-0.5959999999999996 0.0000000000043935
-0.5949999999999996 0.0000000000044724
-0.5939999999999996 0.0000000000044922
-0.5929999999999996 0.0000000000043827
-0.5919999999999996 0.0000000000041408
-0.5909999999999996 0.0000000000038992
-0.5899999999999996 0.0000000000038495
-0.5889999999999996 0.0000000000040641
-0.5879999999999996 0.0000000000043977
-0.5869999999999996 0.0000000000045888
-0.5859999999999996 0.0000000000044861
-0.5849999999999996 0.0000000000041883
-0.5839999999999996 0.0000000000039592
-0.5829999999999996 0.0000000000039972
-0.5819999999999996 0.0000000000042683
-0.5809999999999996 0.0000000000045458
-0.5799999999999996 0.0000000000046133
-0.5789999999999996 0.0000000000044446
-0.5779999999999996 0.0000000000042105
-0.5769999999999996 0.0000000000041146
-0.5759999999999996 0.0000000000042001
-0.5749999999999996 0.0000000000043032
-0.5739999999999996 0.0000000000041952
-0.5729999999999996 0.0000000000037940
-0.5719999999999996 0.0000000000032486
-0.5709999999999996 0.0000000000028082
-0.5699999999999996 0.0000000000025920
-0.5689999999999996 0.0000000000024867
-0.5679999999999996 0.0000000000022791
-0.5669999999999996 0.0000000000018969
-0.5659999999999996 0.0000000000014938
-0.5649999999999996 0.0000000000012802
-0.5639999999999996 0.0000000000012688
-0.5629999999999996 0.0000000000012245
-0.5619999999999996 0.0000000000008947
-0.5609999999999996 0.0000000000002986
-0.5599999999999996 0.0000000000002400
-0.5589999999999996 0.0000000000003696
-0.5579999999999996 0.0000000000000354
-0.5569999999999996 0.0000000000004654
-0.5559999999999996 0.0000000000007426
-0.5549999999999996 0.0000000000006242
-0.5539999999999996 0.0000000000002389
-0.5529999999999996 0.0000000000001504
-0.5519999999999996 0.0000000000003565
-0.5509999999999996 0.0000000000003290
-0.5499999999999996 0.0000000000000961
-0.5489999999999996 0.0000000000002771
-0.5479999999999996 0.0000000000006577
-0.5469999999999996 0.0000000000008430
-0.5459999999999996 0.0000000000006852
-0.5449999999999996 0.0000000000002583
-0.5439999999999996 0.0000000000001223
-0.5429999999999996 0.0000000000001187
-0.5419999999999996 0.0000000000003461
-0.5409999999999996 0.0000000000009919
-0.5399999999999996 0.0000000000013778
-0.5389999999999996 0.0000000000012141
-0.5379999999999996 0.0000000000005409
-0.5369999999999996 0.0000000000003362
-0.5359999999999996 0.0000000000010395
-0.5349999999999996 0.0000000000012932
-0.5339999999999996 0.0000000000010247
-0.5329999999999996 0.0000000000004209
-0.5319999999999996 0.0000000000000947
-0.5309999999999996 0.0000000000000479
-0.5299999999999996 0.0000000000007544
-0.5289999999999996 0.0000000000019778
-0.5279999999999996 0.0000000000028910
-0.5269999999999996 0.0000000000028817
-0.5259999999999996 0.0000000000019778
-0.5249999999999996 0.0000000000008913
-0.5239999999999996 0.0000000000004845
-0.5229999999999996 0.0000000000010941
-0.5219999999999996 0.0000000000023070
-0.5209999999999996 0.0000000000033585
-0.5199999999999996 0.0000000000037467
-0.5189999999999996 0.0000000000034939
-0.5179999999999996 0.0000000000029082
-0.5169999999999996 0.0000000000022310
-0.5159999999999996 0.0000000000016016
-0.5149999999999996 0.0000000000012893
-0.5139999999999996 0.0000000000017278
-0.5129999999999996 0.0000000000030738
-0.5119999999999996 0.0000000000046775
-0.5109999999999996 0.0000000000052139
-0.5099999999999996 0.0000000000037023
-0.5089999999999996 0.0000000000006544
-0.5079999999999996 0.0000000000018611
-0.5069999999999996 0.0000000000016664
-0.5059999999999996 0.0000000000015863
-0.5049999999999996 0.0000000000057379
-0.5039999999999996 0.0000000000075813
-0.5029999999999996 0.0000000000054553
-0.5019999999999996 0.0000000000007901
-0.5009999999999996 0.0000000000028618
-0.4999999999999996 0.0000000000026467
-0.4989999999999996 0.0000000000012473
-0.4979999999999996 0.0000000000057241
-0.4969999999999996 0.0000000000072983
-0.4959999999999996 0.0000000000048734
-0.4949999999999996 0.0000000000004928
-0.4939999999999996 0.0000000000024543
-0.4929999999999995 0.0000000000019414
-0.4919999999999995 0.0000000000013101
-0.4909999999999995 0.0000000000047219
-0.4899999999999995 0.0000000000060301
-0.4889999999999995 0.0000000000048554
-0.4879999999999995 0.0000000000025767
-0.4869999999999995 0.0000000000009496
-0.4859999999999995 0.0000000000008107
-0.4849999999999995 0.0000000000018137
-0.4839999999999995 0.0000000000030731
-0.4829999999999995 0.0000000000039079
-0.4819999999999995 0.0000000000040808
-0.4809999999999995 0.0000000000036076
-0.4799999999999995 0.0000000000025807
-0.4789999999999995 0.0000000000012448
-0.4779999999999995 0.0000000000001099
-0.4769999999999995 0.0000000000002137
-0.4759999999999995 0.0000000000005508
-0.4749999999999995 0.0000000000020348
-0.4739999999999995 0.0000000000033933
-0.4729999999999995 0.0000000000038888
-0.4719999999999995 0.0000000000034148
-0.4709999999999995 0.0000000000025210
-0.4699999999999995 0.0000000000019377
-0.4689999999999995 0.0000000000020229
-0.4679999999999995 0.0000000000025768
-0.4669999999999995 0.0000000000031114
-0.4659999999999995 0.0000000000032743
-0.4649999999999995 0.0000000000030645
-0.4639999999999995 0.0000000000027218
-0.4629999999999995 0.0000000000024747
-0.4619999999999995 0.0000000000023873
-0.4609999999999995 0.0000000000024007
-0.4599999999999995 0.0000000000024478
-0.4589999999999995 0.0000000000025023
-0.4579999999999995 0.0000000000025377
-0.4569999999999995 0.0000000000024829
-0.4559999999999995 0.0000000000022626
-0.4549999999999995 0.0000000000018940
-0.4539999999999995 0.0000000000015318
-0.4529999999999995 0.0000000000013867
-0.4519999999999995 0.0000000000015664
-0.4509999999999995 0.0000000000019641
-0.4499999999999995 0.0000000000023018
-0.4489999999999995 0.0000000000023119
-0.4479999999999995 0.0000000000019308
-0.4469999999999995 0.0000000000013638
-0.4459999999999995 0.0000000000009626
-0.4449999999999995 0.0000000000009894
-0.4439999999999995 0.0000000000014275
-0.4429999999999995 0.0000000000019705
-0.4419999999999995 0.0000000000022211
-0.4409999999999995 0.0000000000019744
-0.4399999999999995 0.0000000000013927
-0.4389999999999995 0.0000000000009281
-0.4379999999999995 0.0000000000010195
-0.4369999999999995 0.0000000000017591
-0.4359999999999995 0.0000000000027764
-0.4349999999999995 0.0000000000034506
-0.4339999999999995 0.0000000000033330
-0.4329999999999995 0.0000000000024848
-0.4319999999999995 0.0000000000014730
-0.4309999999999995 0.0000000000009949
-0.4299999999999995 0.0000000000013807
-0.4289999999999995 0.0000000000023357
-0.4279999999999995 0.0000000000031328
-0.4269999999999995 0.0000000000031404
-0.4259999999999995 0.0000000000023115
-0.4249999999999995 0.0000000000012591
-0.4239999999999995 0.0000000000008343
-0.4229999999999995 0.0000000000014950
-0.4219999999999995 0.0000000000029363
-0.4209999999999995 0.0000000000042700
-0.4199999999999995 0.0000000000046496
-0.4189999999999995 0.0000000000038776
-0.4179999999999995 0.0000000000025427
-0.4169999999999995 0.0000000000015803
-0.4159999999999995 0.0000000000015939
-0.4149999999999995 0.0000000000024512
-0.4139999999999995 0.0000000000034441
-0.4129999999999995 0.0000000000038551
-0.4119999999999995 0.0000000000034677
-0.4109999999999995 0.0000000000026401
-0.4099999999999995 0.0000000000019426
-0.4089999999999995 0.0000000000017041
-0.4079999999999995 0.0000000000018420
-0.4069999999999995 0.0000000000020598
-0.4059999999999995 0.0000000000021688
-0.4049999999999995 0.0000000000022172
-0.4039999999999995 0.0000000000023432
-0.4029999999999995 0.0000000000025413
-0.4019999999999995 0.0000000000026102
-0.4009999999999995 0.0000000000023470
-0.3999999999999995 0.0000000000017860
-0.3989999999999995 0.0000000000012276
-0.3979999999999995 0.0000000000010009
-0.3969999999999995 0.0000000000011715
-0.3959999999999995 0.0000000000014688
-0.3949999999999995 0.0000000000015059
-0.3939999999999995 0.0000000000010960
-0.3929999999999995 0.0000000000003773
-0.3919999999999995 0.0000000000003458
-0.3909999999999995 0.0000000000008740
-0.3899999999999995 0.0000000000012315
-0.3889999999999995 0.0000000000015303
-0.3879999999999995 0.0000000000017419
-0.3869999999999995 0.0000000000016415
-0.3859999999999995 0.0000000000010114
-0.3849999999999995 0.0000000000000709
-0.3839999999999995 0.0000000000011540
-0.3829999999999995 0.0000000000016591
-0.3819999999999995 0.0000000000012873
-0.3809999999999995 0.0000000000002551
-0.3799999999999994 0.0000000000008396
-0.3789999999999994 0.0000000000014263
-0.3779999999999994 0.0000000000013297
-0.3769999999999994 0.0000000000008309
-0.3759999999999994 0.0000000000004093
-0.3749999999999994 0.0000000000003855
-0.3739999999999994 0.0000000000007297
-0.3729999999999994 0.0000000000011401
-0.3719999999999994 0.0000000000012854
-0.3709999999999994 0.0000000000010254
-0.3699999999999994 0.0000000000004725
-0.3689999999999994 0.0000000000001023
-0.3679999999999994 0.0000000000004328
-0.3669999999999994 0.0000000000003986
-0.3659999999999994 0.0000000000000834
-0.3649999999999994 0.0000000000002635
-0.3639999999999994 0.0000000000003516
-0.3629999999999994 0.0000000000000082
-0.3619999999999994 0.0000000000007085
-0.3609999999999994 0.0000000000015229
-0.3599999999999994 0.0000000000020909
-0.3589999999999994 0.0000000000022026
-0.3579999999999994 0.0000000000019003
-0.3569999999999994 0.0000000000014332
-0.3559999999999994 0.0000000000010812
-0.3549999999999994 0.0000000000009812
-0.3539999999999994 0.0000000000010748
-0.3529999999999994 0.0000000000011929
-0.3519999999999994 0.0000000000011916
-0.3509999999999994 0.0000000000010264
-0.3499999999999994 0.0000000000007352
-0.3489999999999994 0.0000000000003761
-0.3479999999999994 0.0000000000000021
-0.3469999999999994 0.0000000000003434
-0.3459999999999994 0.0000000000005633
-0.3449999999999994 0.0000000000005796
-0.3439999999999994 0.0000000000003839
-0.3429999999999994 0.0000000000000826
-0.3419999999999994 0.0000000000001432
-0.3409999999999994 0.0000000000001531
-0.3399999999999994 0.0000000000000543
-0.3389999999999994 0.0000000000003401
-0.3379999999999994 0.0000000000005262
-0.3369999999999994 0.0000000000005204
-0.3359999999999994 0.0000000000003649
-0.3349999999999994 0.0000000000001873
-0.3339999999999994 0.0000000000000979
-0.3329999999999994 0.0000000000001259
-0.3319999999999994 0.0000000000002275
-0.3309999999999994 0.0000000000003396
-0.3299999999999994 0.0000000000004188
-0.3289999999999994 0.0000000000004390
-0.3279999999999994 0.0000000000003734
-0.3269999999999994 0.0000000000002024
-0.3259999999999994 0.0000000000000482
-0.3249999999999994 0.0000000000002838
-0.3239999999999994 0.0000000000003726
-0.3229999999999994 0.0000000000002310
-0.3219999999999994 0.0000000000000983
-0.3209999999999994 0.0000000000004504
-0.3199999999999994 0.0000000000006338
-0.3189999999999994 0.0000000000005556
-0.3179999999999994 0.0000000000002808
-0.3169999999999994 0.0000000000000172
-0.3159999999999994 0.0000000000001817
-0.3149999999999994 0.0000000000001735
-0.3139999999999994 0.0000000000000777
-0.3129999999999994 0.0000000000000177
-0.3119999999999994 0.0000000000000540
-0.3109999999999994 0.0000000000001491
-0.3099999999999994 0.0000000000002194
-0.3089999999999994 0.0000000000002252
-0.3079999999999994 0.0000000000002129
-0.3069999999999994 0.0000000000002750
-0.3059999999999994 0.0000000000004542
-0.3049999999999994 0.0000000000006807
-0.3039999999999994 0.0000000000007994
-0.3029999999999994 0.0000000000006792
-0.3019999999999994 0.0000000000003276
-0.3009999999999994 0.0000000000000877
-0.2999999999999994 0.0000000000003302
-0.2989999999999994 0.0000000000002522
-0.2979999999999994 0.0000000000000953
-0.2969999999999994 0.0000000000004847
-0.2959999999999994 0.0000000000006531
-0.2949999999999994 0.0000000000004698
-0.2939999999999994 0.0000000000000170
-0.2929999999999994 0.0000000000004703
-0.2919999999999994 0.0000000000007544
-0.2909999999999994 0.0000000000007314
-0.2899999999999994 0.0000000000004602
-0.2889999999999994 0.0000000000000880
-0.2879999999999994 0.0000000000002549
-0.2869999999999994 0.0000000000005095
-0.2859999999999994 0.0000000000006611
-0.2849999999999994 0.0000000000006863
-0.2839999999999994 0.0000000000005399
-0.2829999999999994 0.0000000000002055
-0.2819999999999994 0.0000000000002408
-0.2809999999999994 0.0000000000006291
-0.2799999999999994 0.0000000000007846
-0.2789999999999994 0.0000000000006535
-0.2779999999999994 0.0000000000003633
-0.2769999999999994 0.0000000000001551
-0.2759999999999994 0.0000000000002265
-0.2749999999999994 0.0000000000005909
-0.2739999999999994 0.0000000000010630
-0.2729999999999994 0.0000000000013771
-0.2719999999999994 0.0000000000013607
-0.2709999999999994 0.0000000000010363
-0.2699999999999994 0.0000000000005940
-0.2689999999999994 0.0000000000002658
-0.2679999999999993 0.0000000000001980
-0.2669999999999993 0.0000000000003997
-0.2659999999999993 0.0000000000007798
-0.2649999999999993 0.0000000000012170
-0.2639999999999993 0.0000000000016116
-0.2629999999999993 0.0000000000018960
-0.2619999999999993 0.0000000000020320
-0.2609999999999993 0.0000000000020195
-0.2599999999999993 0.0000000000019142
-0.2589999999999993 0.0000000000018264
-0.2579999999999993 0.0000000000018738
-0.2569999999999993 0.0000000000021074
-0.2559999999999993 0.0000000000024638
-0.2549999999999993 0.0000000000027837
-0.2539999999999993 0.0000000000028978
-0.2529999999999993 0.0000000000027273
-0.2519999999999993 0.0000000000023294
-0.2509999999999993 0.0000000000018646
-0.2499999999999993 0.0000000000015108
-0.2489999999999993 0.0000000000013822
-0.2479999999999993 0.0000000000014990
-0.2469999999999993 0.0000000000018089
-0.2459999999999993 0.0000000000022229
-0.2449999999999993 0.0000000000026413
-0.2439999999999993 0.0000000000029574
-0.2429999999999993 0.0000000000030720
-0.2419999999999993 0.0000000000029298
-0.2409999999999993 0.0000000000025685
-0.2399999999999993 0.0000000000021336
-0.2389999999999993 0.0000000000018291
-0.2379999999999993 0.0000000000018088
-0.2369999999999993 0.0000000000020738
-0.2359999999999993 0.0000000000024464
-0.2349999999999993 0.0000000000026582
-0.2339999999999993 0.0000000000025081
-0.2329999999999993 0.0000000000019964
-0.2319999999999993 0.0000000000013414
-0.2309999999999993 0.0000000000008609
-0.2299999999999993 0.0000000000007848
-0.2289999999999993 0.0000000000011213
-0.2279999999999993 0.0000000000016581
-0.2269999999999993 0.0000000000021004
-0.2259999999999993 0.0000000000022481
-0.2249999999999993 0.0000000000021001
-0.2239999999999993 0.0000000000018230
-0.2229999999999993 0.0000000000016185
-0.2219999999999993 0.0000000000015914
-0.2209999999999993 0.0000000000017074
-0.2199999999999993 0.0000000000018531
-0.2189999999999993 0.0000000000019349
-0.2179999999999993 0.0000000000019373
-0.2169999999999993 0.0000000000018976
-0.2159999999999993 0.0000000000018379
-0.2149999999999993 0.0000000000017257
-0.2139999999999993 0.0000000000015044
-0.2129999999999993 0.0000000000011654
-0.2119999999999993 0.0000000000007921
-0.2109999999999993 0.0000000000005259
-0.2099999999999993 0.0000000000004677
-0.2089999999999993 0.0000000000005982
-0.2079999999999993 0.0000000000007812
-0.2069999999999993 0.0000000000008570
-0.2059999999999993 0.0000000000007565
-0.2049999999999993 0.0000000000005455
-0.2039999999999993 0.0000000000003680
-0.2029999999999993 0.0000000000003373
-0.2019999999999993 0.0000000000004581
-0.2009999999999993 0.0000000000006416
-0.1999999999999993 0.0000000000007886
-0.1989999999999993 0.0000000000008665
-0.1979999999999993 0.0000000000009177
-0.1969999999999993 0.0000000000009971
-0.1959999999999993 0.0000000000011057
-0.1949999999999993 0.0000000000011807
-0.1939999999999993 0.0000000000011552
-0.1929999999999993 0.0000000000010297
-0.1919999999999993 0.0000000000008928
-0.1909999999999993 0.0000000000008613
-0.1899999999999993 0.0000000000009910
-0.1889999999999993 0.0000000000012275
-0.1879999999999993 0.0000000000014391
-0.1869999999999993 0.0000000000015071
-0.1859999999999993 0.0000000000014050
-0.1849999999999993 0.0000000000012085
-0.1839999999999993 0.0000000000010368
-0.1829999999999993 0.0000000000009771
-0.1819999999999993 0.0000000000010432
-0.1809999999999993 0.0000000000011926
-0.1799999999999993 0.0000000000013676
-0.1789999999999993 0.0000000000015267
-0.1779999999999993 0.0000000000016428
-0.1769999999999993 0.0000000000016902
-0.1759999999999993 0.0000000000016438
-0.1749999999999993 0.0000000000015012
-0.1739999999999993 0.0000000000013045
-0.1729999999999993 0.0000000000011362
-0.1719999999999993 0.0000000000010799
-0.1709999999999993 0.0000000000011708
-0.1699999999999993 0.0000000000013721
-0.1689999999999993 0.0000000000015954
-0.1679999999999993 0.0000000000017523
-0.1669999999999993 0.0000000000018012
-0.1659999999999993 0.0000000000017620
-0.1649999999999993 0.0000000000016973
-0.1639999999999993 0.0000000000016764
-0.1629999999999993 0.0000000000017497
-0.1619999999999993 0.0000000000019320
-0.1609999999999993 0.0000000000022023
-0.1599999999999993 0.0000000000025062
-0.1589999999999993 0.0000000000027672
-0.1579999999999993 0.0000000000029130
-0.1569999999999993 0.0000000000029067
-0.1559999999999993 0.0000000000027712
-0.1549999999999992 0.0000000000025857
-0.1539999999999992 0.0000000000024488
-0.1529999999999992 0.0000000000024312
-0.1519999999999992 0.0000000000025390
-0.1509999999999992 0.0000000000027156
-0.1499999999999992 0.0000000000028699
-0.1489999999999992 0.0000000000029204
-0.1479999999999992 0.0000000000028305
-0.1469999999999992 0.0000000000026235
-0.1459999999999992 0.0000000000023779
-0.1449999999999992 0.0000000000022030
-0.1439999999999992 0.0000000000021999
-0.1429999999999992 0.0000000000024106
-0.1419999999999992 0.0000000000027837
-0.1409999999999992 0.0000000000031761
-0.1399999999999992 0.0000000000034099
-0.1389999999999992 0.0000000000033611
-0.1379999999999992 0.0000000000030330
-0.1369999999999992 0.0000000000025648
-0.1359999999999992 0.0000000000021616
-0.1349999999999992 0.0000000000019844
-0.1339999999999992 0.0000000000020692
-0.1329999999999992 0.0000000000023197
-0.1319999999999992 0.0000000000025752
-0.1309999999999992 0.0000000000027042
-0.1299999999999992 0.0000000000026612
-0.1289999999999992 0.0000000000024852
-0.1279999999999992 0.0000000000022535
-0.1269999999999992 0.0000000000020391
-0.1259999999999992 0.0000000000018899
-0.1249999999999992 0.0000000000018315
-0.1239999999999992 0.0000000000018693
-0.1229999999999992 0.0000000000019788
-0.1219999999999992 0.0000000000020984
-0.1209999999999992 0.0000000000021445
-0.1199999999999992 0.0000000000020537
-0.1189999999999992 0.0000000000018254
-0.1179999999999992 0.0000000000015328
-0.1169999999999992 0.0000000000012841
-0.1159999999999992 0.0000000000011623
-0.1149999999999992 0.0000000000011817
-0.1139999999999992 0.0000000000012942
-0.1129999999999992 0.0000000000014305
-0.1119999999999992 0.0000000000015442
-0.1109999999999992 0.0000000000016203
-0.1099999999999992 0.0000000000016581
-0.1089999999999992 0.0000000000016516
-0.1079999999999992 0.0000000000015944
-0.1069999999999992 0.0000000000015057
-0.1059999999999992 0.0000000000014413
-0.1049999999999992 0.0000000000014663
-0.1039999999999992 0.0000000000016028
-0.1029999999999992 0.0000000000017963
-0.1019999999999992 0.0000000000019363
-0.1009999999999992 0.0000000000019309
-0.0999999999999992 0.0000000000017739
-0.0989999999999992 0.0000000000015535
-0.0979999999999992 0.0000000000013896
-0.0969999999999992 0.0000000000013476
-0.0959999999999992 0.0000000000013982
-0.0949999999999992 0.0000000000014563
-0.0939999999999992 0.0000000000014584
-0.0929999999999992 0.0000000000014143
-0.0919999999999992 0.0000000000013830
-0.0909999999999992 0.0000000000014007
-0.0899999999999992 0.0000000000014286
-0.0889999999999992 0.0000000000013797
-0.0879999999999992 0.0000000000012013
-0.0869999999999992 0.0000000000009469
-0.0859999999999992 0.0000000000007598
-0.0849999999999992 0.0000000000007675
-0.0839999999999992 0.0000000000009730
-0.0829999999999992 0.0000000000012309
-0.0819999999999992 0.0000000000013406
-0.0809999999999992 0.0000000000011890
-0.0799999999999992 0.0000000000008331
-0.0789999999999992 0.0000000000004509
-0.0779999999999992 0.0000000000002066
-0.0769999999999992 0.0000000000001331
-0.0759999999999992 0.0000000000001290
-0.0749999999999992 0.0000000000000649
-0.0739999999999992 0.0000000000000943
-0.0729999999999992 0.0000000000002585
-0.0719999999999992 0.0000000000002980
-0.0709999999999992 0.0000000000001699
-0.0699999999999992 0.0000000000000268
-0.0689999999999992 0.0000000000001217
-0.0679999999999992 0.0000000000000164
-0.0669999999999992 0.0000000000002227
-0.0659999999999992 0.0000000000004037
-0.0649999999999992 0.0000000000003567
-0.0639999999999992 0.0000000000000774
-0.0629999999999992 0.0000000000002500
-0.0619999999999992 0.0000000000003715
-0.0609999999999992 0.0000000000001346
-0.0599999999999992 0.0000000000004089
-0.0589999999999992 0.0000000000010434
-0.0579999999999992 0.0000000000015294
-0.0569999999999992 0.0000000000017395
-0.0559999999999992 0.0000000000016979
-0.0549999999999992 0.0000000000015191
-0.0539999999999992 0.0000000000013110
-0.0529999999999992 0.0000000000011252
-0.0519999999999992 0.0000000000009697
-0.0509999999999992 0.0000000000008545
-0.0499999999999992 0.0000000000008059
-0.0489999999999992 0.0000000000008340
-0.0479999999999992 0.0000000000008938
-0.0469999999999992 0.0000000000008883
-0.0459999999999992 0.0000000000007286
-0.0449999999999992 0.0000000000004123
-0.0439999999999992 0.0000000000000474
-0.0429999999999992 0.0000000000002046
-0.0419999999999991 0.0000000000002341
-0.0409999999999991 0.0000000000000615
-0.0399999999999991 0.0000000000001705
-0.0389999999999991 0.0000000000002882
-0.0379999999999991 0.0000000000001930
-0.0369999999999991 0.0000000000000869
-0.0359999999999991 0.0000000000004317
-0.0349999999999991 0.0000000000007111
-0.0339999999999991 0.0000000000008569
-0.0329999999999991 0.0000000000008734
-0.0319999999999991 0.0000000000008025
-0.0309999999999991 0.0000000000006802
-0.0299999999999991 0.0000000000005261
-0.0289999999999991 0.0000000000003608
-0.0279999999999991 0.0000000000002263
-0.0269999999999991 0.0000000000001764
-0.0259999999999991 0.0000000000002369
-0.0249999999999991 0.0000000000003695
-0.0239999999999991 0.0000000000004746
-0.0229999999999991 0.0000000000004433
-0.0219999999999991 0.0000000000002269
-0.0209999999999991 0.0000000000001247
-0.0199999999999991 0.0000000000004826
-0.0189999999999991 0.0000000000007099
-0.0179999999999991 0.0000000000007363
-0.0169999999999991 0.0000000000005922
-0.0159999999999991 0.0000000000003844
-0.0149999999999991 0.0000000000002311
-0.0139999999999991 0.0000000000002021
-0.0129999999999991 0.0000000000002937
-0.0119999999999991 0.0000000000004496
-0.0109999999999991 0.0000000000006004
-0.0099999999999991 0.0000000000006960
-0.0089999999999991 0.0000000000007134
-0.0079999999999991 0.0000000000006445
-0.0069999999999991 0.0000000000004836
-0.0059999999999991 0.0000000000002355
-0.0049999999999991 0.0000000000000681
-0.0039999999999991 0.0000000000003569
-0.0029999999999991 0.0000000000005397
-0.0019999999999991 0.0000000000005493
-0.0009999999999991 0.0000000000003896
0.0000000000000009 0.0000000000001463
0.0010000000000009 0.0000000000000544
0.0020000000000009 0.0000000000001222
0.0030000000000009 0.0000000000000641
0.0040000000000009 0.0000000000000142
0.0050000000000009 0.0000000000000231
0.0060000000000009 0.0000000000002452
0.0070000000000009 0.0000000000005964
0.0080000000000009 0.0000000000009195
0.0090000000000009 0.0000000000010513
0.0100000000000009 0.0000000000009245
0.0110000000000009 0.0000000000006105
0.0120000000000009 0.0000000000002696
0.0130000000000009 0.0000000000000482
0.0140000000000009 0.0000000000000021
0.0150000000000009 0.0000000000000672
0.0160000000000009 0.0000000000001629
0.0170000000000009 0.0000000000002297
0.0180000000000009 0.0000000000002790
0.0190000000000009 0.0000000000003552
0.0200000000000009 0.0000000000004718
0.0210000000000009 0.0000000000005829
0.0220000000000009 0.0000000000006157
0.0230000000000009 0.0000000000005416
0.0240000000000009 0.0000000000004200
0.0250000000000009 0.0000000000003721
0.0260000000000009 0.0000000000004978
0.0270000000000009 0.0000000000007923
0.0280000000000009 0.0000000000011338
0.0290000000000009 0.0000000000013559
0.0300000000000009 0.0000000000013547
0.0310000000000009 0.0000000000011577
0.0320000000000009 0.0000000000009048
0.0330000000000009 0.0000000000007578
0.0340000000000009 0.0000000000008042
0.0350000000000009 0.0000000000010151
0.0360000000000009 0.0000000000012782
0.0370000000000009 0.0000000000014689
0.0380000000000009 0.0000000000015139
0.0390000000000009 0.0000000000014059
0.0400000000000009 0.0000000000011862
0.0410000000000009 0.0000000000009209
0.0420000000000009 0.0000000000006865
0.0430000000000009 0.0000000000005649
0.0440000000000009 0.0000000000006234
0.0450000000000009 0.0000000000008796
0.0460000000000009 0.0000000000012709
0.0470000000000009 0.0000000000016588
0.0480000000000009 0.0000000000018864
0.0490000000000009 0.0000000000018591
0.0500000000000009 0.0000000000015986
0.0510000000000009 0.0000000000012329
0.0520000000000009 0.0000000000009230
0.0530000000000009 0.0000000000007753
0.0540000000000009 0.0000000000007936
0.0550000000000009 0.0000000000009014
0.0560000000000009 0.0000000000010045
0.0570000000000009 0.0000000000010509
0.0580000000000009 0.0000000000010414
0.0590000000000009 0.0000000000009986
0.0600000000000009 0.0000000000009303
0.0610000000000009 0.0000000000008213
0.0620000000000009 0.0000000000006694
0.0630000000000009 0.0000000000005209
0.0640000000000009 0.0000000000004720
0.0650000000000009 0.0000000000006103
0.0660000000000009 0.0000000000009374
0.0670000000000009 0.0000000000013248
0.0680000000000009 0.0000000000015568
0.0690000000000009 0.0000000000014465
0.0700000000000009 0.0000000000009617
0.0710000000000009 0.0000000000002764
0.0720000000000009 0.0000000000002973
0.0730000000000009 0.0000000000004727
0.0740000000000009 0.0000000000001509
0.0750000000000009 0.0000000000005117
0.0760000000000009 0.0000000000011816
0.0770000000000009 0.0000000000015283
0.0780000000000009 0.0000000000014069
0.0790000000000009 0.0000000000009325
0.0800000000000009 0.0000000000004099
0.0810000000000009 0.0000000000001588
0.0820000000000009 0.0000000000003376
0.0830000000000009 0.0000000000008662
0.0840000000000009 0.0000000000014778
0.0850000000000009 0.0000000000018623
0.0860000000000010 0.0000000000018145
0.0870000000000010 0.0000000000013137
0.0880000000000010 0.0000000000005116
0.0890000000000010 0.0000000000003496
0.0900000000000010 0.0000000000010313
0.0910000000000010 0.0000000000013742
0.0920000000000010 0.0000000000013356
0.0930000000000010 0.0000000000009911
0.0940000000000010 0.0000000000005040
0.0950000000000010 0.0000000000000704
0.0960000000000010 0.0000000000001532
0.0970000000000010 0.0000000000001019
0.0980000000000010 0.0000000000001831
0.0990000000000010 0.0000000000005957
0.1000000000000010 0.0000000000010313
0.1010000000000010 0.0000000000014316
0.1020000000000010 0.0000000000017802
0.1030000000000010 0.0000000000020565
0.1040000000000010 0.0000000000022021
0.1050000000000010 0.0000000000021445
0.1060000000000010 0.0000000000018666
0.1070000000000010 0.0000000000014662
0.1080000000000010 0.0000000000011319
0.1090000000000010 0.0000000000010274
0.1100000000000010 0.0000000000011608
0.1110000000000010 0.0000000000013450
0.1120000000000010 0.0000000000013100
0.1130000000000010 0.0000000000009054
0.1140000000000010 0.0000000000002465
0.1150000000000010 0.0000000000003252
0.1160000000000010 0.0000000000004606
0.1170000000000010 0.0000000000000557
0.1180000000000010 0.0000000000006488
0.1190000000000010 0.0000000000012114
0.1200000000000010 0.0000000000012789
0.1210000000000010 0.0000000000008139
0.1220000000000010 0.0000000000000979
0.1230000000000010 0.0000000000004852
0.1240000000000010 0.0000000000007045
0.1250000000000010 0.0000000000005863
0.1260000000000010 0.0000000000003036
0.1270000000000010 0.0000000000000147
0.1280000000000010 0.0000000000003667
0.1290000000000010 0.0000000000007742
0.1300000000000010 0.0000000000011053
0.1310000000000010 0.0000000000010481
0.1320000000000010 0.0000000000003283
0.1330000000000010 0.0000000000009556
0.1340000000000010 0.0000000000021979
0.1350000000000010 0.0000000000025595
0.1360000000000010 0.0000000000015568
0.1370000000000010 0.0000000000004456
0.1380000000000010 0.0000000000022725
0.1390000000000010 0.0000000000026057
0.1400000000000010 0.0000000000009047
0.1410000000000010 0.0000000000020703
0.1420000000000010 0.0000000000045832
0.1430000000000010 0.0000000000049741
0.1440000000000010 0.0000000000027783
0.1450000000000010 0.0000000000008676
0.1460000000000010 0.0000000000038648
0.1470000000000010 0.0000000000044585
0.1480000000000010 0.0000000000023568
0.1490000000000010 0.0000000000010885
0.1500000000000010 0.0000000000037566
0.1510000000000010 0.0000000000040986
0.1520000000000010 0.0000000000020566
0.1530000000000010 0.0000000000010093
0.1540000000000010 0.0000000000032702
0.1550000000000010 0.0000000000035740
0.1560000000000010 0.0000000000020400
0.1570000000000010 0.0000000000002028
0.1580000000000010 0.0000000000018453
0.1590000000000010 0.0000000000021829
0.1600000000000010 0.0000000000013776
0.1610000000000010 0.0000000000001436
0.1620000000000010 0.0000000000008066
0.1630000000000010 0.0000000000011416
0.1640000000000010 0.0000000000009340
0.1650000000000010 0.0000000000004378
0.1660000000000010 0.0000000000001271
0.1670000000000010 0.0000000000006266
0.1680000000000010 0.0000000000009472
0.1690000000000010 0.0000000000009562
0.1700000000000010 0.0000000000005769
0.1710000000000010 0.0000000000000892
0.1720000000000010 0.0000000000007362
0.1730000000000010 0.0000000000010019
0.1740000000000010 0.0000000000007001
0.1750000000000010 0.0000000000000370
0.1760000000000010 0.0000000000008330
0.1770000000000010 0.0000000000013115
0.1780000000000010 0.0000000000013330
0.1790000000000010 0.0000000000010481
0.1800000000000010 0.0000000000007467
0.1810000000000010 0.0000000000006323
0.1820000000000010 0.0000000000006982
0.1830000000000010 0.0000000000007832
0.1840000000000010 0.0000000000007330
0.1850000000000010 0.0000000000005207
0.1860000000000010 0.0000000000002336
0.1870000000000010 0.0000000000000405
0.1880000000000010 0.0000000000003021
0.1890000000000010 0.0000000000006209
0.1900000000000010 0.0000000000010252
0.1910000000000010 0.0000000000014104
0.1920000000000010 0.0000000000015682
0.1930000000000010 0.0000000000013313
0.1940000000000010 0.0000000000007269
0.1950000000000010 0.0000000000000119
0.1960000000000010 0.0000000000004586
0.1970000000000010 0.0000000000004446
0.1980000000000010 0.0000000000000263
0.1990000000000010 0.0000000000006689
0.2000000000000010 0.0000000000011110
0.2010000000000010 0.0000000000011069
0.2020000000000010 0.0000000000006646
0.2030000000000010 0.0000000000000162
0.2040000000000010 0.0000000000005330
0.2050000000000010 0.0000000000007752
0.2060000000000010 0.0000000000006849
0.2070000000000010 0.0000000000003859
0.2080000000000010 0.0000000000000383
0.2090000000000010 0.0000000000002687
0.2100000000000010 0.0000000000005483
0.2110000000000010 0.0000000000008616
0.2120000000000010 0.0000000000012300
0.2130000000000010 0.0000000000015892
0.2140000000000011 0.0000000000018254
0.2150000000000011 0.0000000000018678
0.2160000000000011 0.0000000000017635
0.2170000000000011 0.0000000000016633
0.2180000000000011 0.0000000000017201
0.2190000000000011 0.0000000000019664
0.2200000000000011 0.0000000000022761
0.2210000000000011 0.0000000000024448
0.2220000000000011 0.0000000000023422
0.2230000000000011 0.0000000000020165
0.2240000000000011 0.0000000000016641
0.2250000000000011 0.0000000000014856
0.2260000000000011 0.0000000000015373
0.2270000000000011 0.0000000000017006
0.2280000000000011 0.0000000000017922
0.2290000000000011 0.0000000000017251
0.2300000000000011 0.0000000000015796
0.2310000000000011 0.0000000000015260
0.2320000000000011 0.0000000000016617
0.2330000000000011 0.0000000000019121
0.2340000000000011 0.0000000000020878
0.2350000000000011 0.0000000000020516
0.2360000000000011 0.0000000000018570
0.2370000000000011 0.0000000000017227
0.2380000000000011 0.0000000000018565
0.2390000000000011 0.0000000000022699
0.2400000000000011 0.0000000000027433
0.2410000000000011 0.0000000000029822
0.2420000000000011 0.0000000000028444
0.2430000000000011 0.0000000000024561
0.2440000000000011 0.0000000000021252
0.2450000000000011 0.0000000000021205
0.2460000000000011 0.0000000000024891
0.2470000000000011 0.0000000000030452
0.2480000000000011 0.0000000000035192
0.2490000000000011 0.0000000000037329
0.2500000000000011 0.0000000000036768
0.2510000000000011 0.0000000000034545
0.2520000000000011 0.0000000000031807
0.2530000000000011 0.0000000000029285
0.2540000000000011 0.0000000000027486
0.2550000000000011 0.0000000000027004
0.2560000000000011 0.0000000000028304
0.2570000000000011 0.0000000000031045
0.2580000000000011 0.0000000000033721
0.2590000000000011 0.0000000000034326
0.2600000000000011 0.0000000000031796
0.2610000000000011 0.0000000000027062
0.2620000000000011 0.0000000000022718
0.2630000000000011 0.0000000000021340
0.2640000000000011 0.0000000000023672
0.2650000000000011 0.0000000000028142
0.2660000000000011 0.0000000000032081
0.2670000000000011 0.0000000000033660
0.2680000000000011 0.0000000000032992
0.2690000000000011 0.0000000000031657
0.2700000000000011 0.0000000000031203
0.2710000000000011 0.0000000000032030
0.2720000000000011 0.0000000000033474
0.2730000000000011 0.0000000000034809
0.2740000000000011 0.0000000000036025
0.2750000000000011 0.0000000000037618
0.2760000000000011 0.0000000000039677
0.2770000000000011 0.0000000000041318
0.2780000000000011 0.0000000000041165
0.2790000000000011 0.0000000000038599
0.2800000000000011 0.0000000000034601
0.2810000000000011 0.0000000000031319
0.2820000000000011 0.0000000000030612
0.2830000000000011 0.0000000000032729
0.2840000000000011 0.0000000000036201
0.2850000000000011 0.0000000000039052
0.2860000000000011 0.0000000000040227
0.2870000000000011 0.0000000000040166
0.2880000000000011 0.0000000000040139
0.2890000000000011 0.0000000000041069
0.2900000000000011 0.0000000000042869
0.2910000000000011 0.0000000000044728
0.2920000000000011 0.0000000000045892
0.2930000000000011 0.0000000000046192
0.2940000000000011 0.0000000000045893
0.2950000000000011 0.0000000000045257
0.2960000000000011 0.0000000000044333
0.2970000000000011 0.0000000000043189
0.2980000000000011 0.0000000000042221
0.2990000000000011 0.0000000000042061
0.3000000000000011 0.0000000000043067
0.3010000000000011 0.0000000000044894
0.3020000000000011 0.0000000000046610
0.3030000000000011 0.0000000000047389
0.3040000000000011 0.0000000000047179
0.3050000000000011 0.0000000000046738
0.3060000000000011 0.0000000000046971
0.3070000000000011 0.0000000000048158
0.3080000000000011 0.0000000000049734
0.3090000000000011 0.0000000000050793
0.3100000000000011 0.0000000000050842
0.3110000000000011 0.0000000000050123
0.3120000000000011 0.0000000000049316
0.3130000000000011 0.0000000000048949
0.3140000000000011 0.0000000000049090
0.3150000000000011 0.0000000000049495
0.3160000000000011 0.0000000000049961
0.3170000000000011 0.0000000000050470
0.3180000000000011 0.0000000000051004
0.3190000000000011 0.0000000000051344
0.3200000000000011 0.0000000000051109
0.3210000000000011 0.0000000000050095
0.3220000000000011 0.0000000000048516
0.3230000000000011 0.0000000000046915
0.3240000000000011 0.0000000000045772
0.3250000000000011 0.0000000000045164
0.3260000000000011 0.0000000000044760
0.3270000000000011 0.0000000000044117
0.3280000000000011 0.0000000000042932
0.3290000000000011 0.0000000000041072
0.3300000000000011 0.0000000000038525
0.3310000000000011 0.0000000000035502
0.3320000000000011 0.0000000000032642
0.3330000000000011 0.0000000000031019
0.3340000000000011 0.0000000000031611
0.3350000000000011 0.0000000000034450
0.3360000000000011 0.0000000000038178
0.3370000000000011 0.0000000000040585
0.3380000000000011 0.0000000000040017
0.3390000000000011 0.0000000000036642
0.3400000000000011 0.0000000000032523
0.3410000000000011 0.0000000000030262
0.3420000000000011 0.0000000000031227
0.3430000000000011 0.0000000000034647
0.3440000000000011 0.0000000000038295
0.3450000000000011 0.0000000000040121
0.3460000000000011 0.0000000000039585
0.3470000000000011 0.0000000000037710
0.3480000000000011 0.0000000000036076
0.3490000000000011 0.0000000000035653
0.3500000000000011 0.0000000000036363
0.3510000000000011 0.0000000000037454
0.3520000000000011 0.0000000000038153
0.3530000000000011 0.0000000000038068
0.3540000000000011 0.0000000000037249
0.3550000000000011 0.0000000000036093
0.3560000000000011 0.0000000000035250
0.3570000000000011 0.0000000000035376
0.3580000000000012 0.0000000000036690
0.3590000000000012 0.0000000000038621
0.3600000000000012 0.0000000000039981
0.3610000000000012 0.0000000000039841
0.3620000000000012 0.0000000000038370
0.3630000000000012 0.0000000000036885
0.3640000000000012 0.0000000000036762
0.3650000000000012 0.0000000000038101
0.3660000000000012 0.0000000000039356
0.3670000000000012 0.0000000000038526
0.3680000000000012 0.0000000000034948
0.3690000000000012 0.0000000000030126
0.3700000000000012 0.0000000000026681
0.3710000000000012 0.0000000000026246
0.3720000000000012 0.0000000000028159
0.3730000000000012 0.0000000000030151
0.3740000000000012 0.0000000000030369
0.3750000000000012 0.0000000000028912
0.3760000000000012 0.0000000000027495
0.3770000000000012 0.0000000000027660
0.3780000000000012 0.0000000000029350
0.3790000000000012 0.0000000000031198
0.3800000000000012 0.0000000000032110
0.3810000000000012 0.0000000000032419
0.3820000000000012 0.0000000000033369
0.3830000000000012 0.0000000000035464
0.3840000000000012 0.0000000000037492
0.3850000000000012 0.0000000000037442
0.3860000000000012 0.0000000000034529
0.3870000000000012 0.0000000000030337
0.3880000000000012 0.0000000000027761
0.3890000000000012 0.0000000000028592
0.3900000000000012 0.0000000000031967
0.3910000000000012 0.0000000000035205
0.3920000000000012 0.0000000000036218
0.3930000000000012 0.0000000000035258
0.3940000000000012 0.0000000000034410
0.3950000000000012 0.0000000000035425
0.3960000000000012 0.0000000000038136
0.3970000000000012 0.0000000000040929
0.3980000000000012 0.0000000000042609
0.3990000000000012 0.0000000000043643
0.4000000000000012 0.0000000000045417
0.4010000000000012 0.0000000000048350
0.4020000000000012 0.0000000000050970
0.4030000000000012 0.0000000000051122
0.4040000000000012 0.0000000000048207
0.4050000000000012 0.0000000000044222
0.4060000000000012 0.0000000000042308
0.4070000000000012 0.0000000000044074
0.4080000000000012 0.0000000000048160
0.4090000000000012 0.0000000000051448
0.4100000000000012 0.0000000000051780
0.4110000000000012 0.0000000000049735
0.4120000000000012 0.0000000000047888
0.4130000000000012 0.0000000000048433
0.4140000000000012 0.0000000000051422
0.4150000000000012 0.0000000000055121
0.4160000000000012 0.0000000000057834
0.4170000000000012 0.0000000000059265
0.4180000000000012 0.0000000000060211
0.4190000000000012 0.0000000000061189
0.4200000000000012 0.0000000000061620
0.4210000000000012 0.0000000000060436
0.4220000000000012 0.0000000000057437
0.4230000000000012 0.0000000000053870
0.4240000000000012 0.0000000000051608
0.4250000000000012 0.0000000000051625
0.4260000000000012 0.0000000000053230
0.4270000000000012 0.0000000000054643
0.4280000000000012 0.0000000000054412
0.4290000000000012 0.0000000000052423
0.4300000000000012 0.0000000000049869
0.4310000000000012 0.0000000000048422
0.4320000000000012 0.0000000000049228
0.4330000000000012 0.0000000000052256
0.4340000000000012 0.0000000000056160
0.4350000000000012 0.0000000000058750
0.4360000000000012 0.0000000000058030
0.4370000000000012 0.0000000000053449
0.4380000000000012 0.0000000000046546
0.4390000000000012 0.0000000000040254
0.4400000000000012 0.0000000000037115
0.4410000000000012 0.0000000000037645
0.4420000000000012 0.0000000000040212
0.4430000000000012 0.0000000000042524
0.4440000000000012 0.0000000000043433
0.4450000000000012 0.0000000000043461
0.4460000000000012 0.0000000000043761
0.4470000000000012 0.0000000000044762
0.4480000000000012 0.0000000000045991
0.4490000000000012 0.0000000000047085
0.4500000000000012 0.0000000000048702
0.4510000000000012 0.0000000000051958
0.4520000000000012 0.0000000000056800
0.4530000000000012 0.0000000000061113
0.4540000000000012 0.0000000000061874
0.4550000000000012 0.0000000000057618
0.4560000000000012 0.0000000000049968
0.4570000000000012 0.0000000000042653
0.4580000000000012 0.0000000000038765
0.4590000000000012 0.0000000000038708
0.4600000000000012 0.0000000000040522
0.4610000000000012 0.0000000000041962
0.4620000000000012 0.0000000000042158
0.4630000000000012 0.0000000000041501
0.4640000000000012 0.0000000000040458
0.4650000000000012 0.0000000000038994
0.4660000000000012 0.0000000000037316
0.4670000000000012 0.0000000000036648
0.4680000000000012 0.0000000000038612
0.4690000000000012 0.0000000000043324
0.4700000000000013 0.0000000000048246
0.4710000000000013 0.0000000000049454
0.4720000000000013 0.0000000000044661
0.4730000000000013 0.0000000000035257
0.4740000000000013 0.0000000000025434
0.4750000000000013 0.0000000000019120
0.4760000000000013 0.0000000000017610
0.4770000000000013 0.0000000000019811
0.4780000000000013 0.0000000000024242
0.4790000000000013 0.0000000000030168
0.4800000000000013 0.0000000000036749
0.4810000000000013 0.0000000000041831
0.4820000000000013 0.0000000000042900
0.4830000000000013 0.0000000000040280
0.4840000000000013 0.0000000000039172
0.4850000000000013 0.0000000000047101
0.4860000000000013 0.0000000000067317
0.4870000000000013 0.0000000000093512
0.4880000000000013 0.0000000000111560
0.4890000000000013 0.0000000000108591
0.4900000000000013 0.0000000000082927
0.4910000000000013 0.0000000000046572
0.4920000000000013 0.0000000000017425
0.4930000000000013 0.0000000000006910
0.4940000000000013 0.0000000000012883
0.4950000000000013 0.0000000000023485
0.4960000000000013 0.0000000000028514
0.4970000000000013 0.0000000000028378
0.4980000000000013 0.0000000000032827
0.4990000000000013 0.0000000000050373
0.5000000000000012 0.0000000000077673
0.5010000000000012 0.0000000000098638
0.5020000000000012 0.0000000000095260
0.5030000000000012 0.0000000000062235
0.5040000000000012 0.0000000000013600
0.5050000000000012 0.0000000000024563
0.5060000000000012 0.0000000000030719
0.5070000000000012 0.0000000000001734
0.5080000000000012 0.0000000000045866
0.5090000000000012 0.0000000000087523
0.5100000000000012 0.0000000000106072
0.5110000000000012 0.0000000000100057
0.5120000000000012 0.0000000000080622
0.5130000000000012 0.0000000000061505
0.5140000000000012 0.0000000000050508
0.5150000000000012 0.0000000000047617
0.5160000000000012 0.0000000000048440
0.5170000000000012 0.0000000000048362
0.5180000000000012 0.0000000000044378
0.5190000000000012 0.0000000000035218
0.5200000000000012 0.0000000000021734
0.5210000000000012 0.0000000000007609
0.5220000000000012 0.0000000000001446
0.5230000000000012 0.0000000000000931
0.5240000000000012 0.0000000000008846
0.5250000000000012 0.0000000000022308
0.5260000000000012 0.0000000000032295
0.5270000000000012 0.0000000000035020
0.5280000000000012 0.0000000000032024
0.5290000000000012 0.0000000000027749
0.5300000000000012 0.0000000000025550
0.5310000000000012 0.0000000000025905
0.5320000000000012 0.0000000000027687
0.5330000000000013 0.0000000000030037
0.5340000000000013 0.0000000000032442
0.5350000000000013 0.0000000000033518
0.5360000000000013 0.0000000000031135
0.5370000000000013 0.0000000000024766
0.5380000000000013 0.0000000000017559
0.5390000000000013 0.0000000000015019
0.5400000000000013 0.0000000000020498
0.5410000000000013 0.0000000000031696
0.5420000000000013 0.0000000000042054
0.5430000000000013 0.0000000000046159
0.5440000000000013 0.0000000000044053
0.5450000000000013 0.0000000000040283
0.5460000000000013 0.0000000000038954
0.5470000000000013 0.0000000000040020
0.5480000000000013 0.0000000000040435
0.5490000000000013 0.0000000000038304
0.5500000000000013 0.0000000000035136
0.5510000000000013 0.0000000000033845
0.5520000000000013 0.0000000000035123
0.5530000000000013 0.0000000000036638
0.5540000000000013 0.0000000000035998
0.5550000000000013 0.0000000000033924
0.5560000000000013 0.0000000000033814
0.5570000000000013 0.0000000000037964
0.5580000000000013 0.0000000000044714
0.5590000000000013 0.0000000000049772
0.5600000000000013 0.0000000000050380
0.5610000000000013 0.0000000000047911
0.5620000000000013 0.0000000000046285
0.5630000000000013 0.0000000000048078
0.5640000000000013 0.0000000000052371
0.5650000000000013 0.0000000000056178
0.5660000000000013 0.0000000000057413
0.5670000000000013 0.0000000000056259
0.5680000000000013 0.0000000000054090
0.5690000000000013 0.0000000000051819
0.5700000000000013 0.0000000000049609
0.5710000000000013 0.0000000000047756
0.5720000000000013 0.0000000000047097
0.5730000000000013 0.0000000000048235
0.5740000000000013 0.0000000000050641
0.5750000000000013 0.0000000000052917
0.5760000000000013 0.0000000000054028
0.5770000000000013 0.0000000000054031
0.5780000000000013 0.0000000000053549
0.5790000000000013 0.0000000000052863
0.5800000000000013 0.0000000000051860
0.5810000000000013 0.0000000000050755
0.5820000000000013 0.0000000000050255
0.5830000000000013 0.0000000000050540
0.5840000000000013 0.0000000000050221
0.5850000000000013 0.0000000000047105
0.5860000000000013 0.0000000000040545
0.5870000000000013 0.0000000000033031
0.5880000000000013 0.0000000000028852
0.5890000000000013 0.0000000000030489
0.5900000000000013 0.0000000000036158
0.5910000000000013 0.0000000000041024
0.5920000000000013 0.0000000000041185
0.5930000000000013 0.0000000000036773
0.5940000000000013 0.0000000000031511
0.5950000000000013 0.0000000000029501
0.5960000000000013 0.0000000000032271
0.5970000000000013 0.0000000000038346
0.5980000000000013 0.0000000000044773
0.5990000000000013 0.0000000000048830
0.6000000000000013 0.0000000000048950
0.6010000000000013 0.0000000000045239
0.6020000000000013 0.0000000000039817
0.6030000000000013 0.0000000000036219
0.6040000000000013 0.0000000000037289
0.6050000000000013 0.0000000000042745
0.6060000000000013 0.0000000000048882
0.6070000000000013 0.0000000000051404
0.6080000000000013 0.0000000000049120
0.6090000000000013 0.0000000000044963
0.6100000000000013 0.0000000000043244
0.6110000000000013 0.0000000000045782
0.6120000000000013 0.0000000000050743
0.6130000000000013 0.0000000000054828
0.6140000000000013 0.0000000000056098
0.6150000000000013 0.0000000000054561
0.6160000000000013 0.0000000000050856
0.6170000000000013 0.0000000000045570
0.6180000000000013 0.0000000000040149
0.6190000000000013 0.0000000000037332
0.6200000000000013 0.0000000000039099
0.6210000000000013 0.0000000000043613
0.6220000000000013 0.0000000000045361
0.6230000000000013 0.0000000000040113
0.6240000000000013 0.0000000000030400
0.6250000000000013 0.0000000000025161
0.6260000000000013 0.0000000000032192
0.6270000000000013 0.0000000000050043
0.6280000000000013 0.0000000000067706
0.6290000000000013 0.0000000000073457
0.6300000000000013 0.0000000000064847
0.6310000000000013 0.0000000000050301
0.6320000000000013 0.0000000000040857
0.6330000000000013 0.0000000000040348
0.6340000000000013 0.0000000000043603
0.6350000000000013 0.0000000000043816
0.6360000000000013 0.0000000000040706
0.6370000000000013 0.0000000000040562
0.6380000000000013 0.0000000000048224
0.6390000000000013 0.0000000000059958
0.6400000000000013 0.0000000000065560
0.6410000000000013 0.0000000000058166
0.6420000000000013 0.0000000000041674
0.6430000000000013 0.0000000000027707
0.6440000000000013 0.0000000000024988
0.6450000000000014 0.0000000000032032
0.6460000000000014 0.0000000000040304
0.6470000000000014 0.0000000000043535
0.6480000000000014 0.0000000000042799
0.6490000000000014 0.0000000000042684
0.6500000000000014 0.0000000000044618
0.6510000000000014 0.0000000000045890
0.6520000000000014 0.0000000000044652
0.6530000000000014 0.0000000000043243
0.6540000000000014 0.0000000000044789
0.6550000000000014 0.0000000000047825
0.6560000000000014 0.0000000000047122
0.6570000000000014 0.0000000000040661
0.6580000000000014 0.0000000000033633
0.6590000000000014 0.0000000000033206
0.6600000000000014 0.0000000000039774
0.6610000000000014 0.0000000000045933
0.6620000000000014 0.0000000000045185
0.6630000000000014 0.0000000000039647
0.6640000000000014 0.0000000000036975
0.6650000000000014 0.0000000000040402
0.6660000000000014 0.0000000000044778
0.6670000000000014 0.0000000000043736
0.6680000000000014 0.0000000000038437
0.6690000000000014 0.0000000000036275
0.6700000000000014 0.0000000000041099
0.6710000000000014 0.0000000000047627
0.6720000000000014 0.0000000000047398
0.6730000000000014 0.0000000000038956
0.6740000000000014 0.0000000000029936
0.6750000000000014 0.0000000000028885
0.6760000000000014 0.0000000000036628
0.6770000000000014 0.0000000000046373
0.6780000000000014 0.0000000000050958
0.6790000000000014 0.0000000000048987
0.6800000000000014 0.0000000000044676
0.6810000000000014 0.0000000000043270
0.6820000000000014 0.0000000000046686
0.6830000000000014 0.0000000000052134
0.6840000000000014 0.0000000000054344
0.6850000000000014 0.0000000000050068
0.6860000000000014 0.0000000000041361
0.6870000000000014 0.0000000000034086
0.6880000000000014 0.0000000000032390
0.6890000000000014 0.0000000000034895
0.6900000000000014 0.0000000000036943
0.6910000000000014 0.0000000000036012
0.6920000000000014 0.0000000000033645
0.6930000000000014 0.0000000000032243
0.6940000000000014 0.0000000000032006
0.6950000000000014 0.0000000000032099
0.6960000000000014 0.0000000000033048
0.6970000000000014 0.0000000000035589
0.6980000000000014 0.0000000000037675
0.6990000000000014 0.0000000000035582
0.7000000000000014 0.0000000000029177
0.7010000000000014 0.0000000000023810
0.7020000000000014 0.0000000000024341
0.7030000000000014 0.0000000000028199
0.7040000000000014 0.0000000000027344
0.7050000000000014 0.0000000000017931
0.7060000000000014 0.0000000000005886
0.7070000000000014 0.0000000000001114
0.7080000000000014 0.0000000000007420
0.7090000000000014 0.0000000000019825
0.7100000000000014 0.0000000000030805
0.7110000000000014 0.0000000000036571
0.7120000000000014 0.0000000000037239
0.7130000000000014 0.0000000000034077
0.7140000000000014 0.0000000000029013
0.7150000000000014 0.0000000000025314
0.7160000000000014 0.0000000000025520
0.7170000000000014 0.0000000000028189
0.7180000000000014 0.0000000000028869
0.7190000000000014 0.0000000000025586
0.7200000000000014 0.0000000000021736
0.7210000000000014 0.0000000000021904
0.7220000000000014 0.0000000000025897
0.7230000000000014 0.0000000000029192
0.7240000000000014 0.0000000000029116
0.7250000000000014 0.0000000000027991
0.7260000000000014 0.0000000000028979
0.7270000000000014 0.0000000000031134
0.7280000000000014 0.0000000000031123
0.7290000000000014 0.0000000000028817
0.7300000000000014 0.0000000000027880
0.7310000000000014 0.0000000000030219
0.7320000000000014 0.0000000000032941
0.7330000000000014 0.0000000000032827
0.7340000000000014 0.0000000000031336
0.7350000000000014 0.0000000000031968
0.7360000000000014 0.0000000000034033
0.7370000000000014 0.0000000000033314
0.7380000000000014 0.0000000000029207
0.7390000000000014 0.0000000000026420
0.7400000000000014 0.0000000000027329
0.7410000000000014 0.0000000000027148
0.7420000000000014 0.0000000000021502
0.7430000000000014 0.0000000000015622
0.7440000000000014 0.0000000000018917
0.7450000000000014 0.0000000000030270
0.7460000000000014 0.0000000000036339
0.7470000000000014 0.0000000000028375
0.7480000000000014 0.0000000000014930
0.7490000000000014 0.0000000000011593
0.7500000000000014 0.0000000000021139
0.7510000000000014 0.0000000000030955
0.7520000000000014 0.0000000000029879
0.7530000000000014 0.0000000000020755
0.7540000000000014 0.0000000000014213
0.7550000000000014 0.0000000000015461
0.7560000000000014 0.0000000000020958
0.7570000000000014 0.0000000000024722
0.7580000000000015 0.0000000000024019
0.7590000000000015 0.0000000000020397
0.7600000000000015 0.0000000000018203
0.7610000000000015 0.0000000000020995
0.7620000000000015 0.0000000000027381
0.7630000000000015 0.0000000000031625
0.7640000000000015 0.0000000000030052
0.7650000000000015 0.0000000000025014
0.7660000000000015 0.0000000000020703
0.7670000000000015 0.0000000000017464
0.7680000000000015 0.0000000000013196
0.7690000000000015 0.0000000000008297
0.7700000000000015 0.0000000000005599
0.7710000000000015 0.0000000000006144
0.7720000000000015 0.0000000000007983
0.7730000000000015 0.0000000000008870
0.7740000000000015 0.0000000000008143
0.7750000000000015 0.0000000000006717
0.7760000000000015 0.0000000000006686
0.7770000000000015 0.0000000000009281
0.7780000000000015 0.0000000000012272
0.7790000000000015 0.0000000000012222
0.7800000000000015 0.0000000000010595
0.7810000000000015 0.0000000000013065
0.7820000000000015 0.0000000000020416
0.7830000000000015 0.0000000000025782
0.7840000000000015 0.0000000000024882
0.7850000000000015 0.0000000000022752
0.7860000000000015 0.0000000000024654
0.7870000000000015 0.0000000000026932
0.7880000000000015 0.0000000000024574
0.7890000000000015 0.0000000000021573
0.7900000000000015 0.0000000000024141
0.7910000000000015 0.0000000000028826
0.7920000000000015 0.0000000000028402
0.7930000000000015 0.0000000000025666
0.7940000000000015 0.0000000000029268
0.7950000000000015 0.0000000000037977
0.7960000000000015 0.0000000000041450
0.7970000000000015 0.0000000000036425
0.7980000000000015 0.0000000000030705
0.7990000000000015 0.0000000000030266
0.8000000000000015 0.0000000000032687
0.8010000000000015 0.0000000000034633
0.8020000000000015 0.0000000000036698
0.8030000000000015 0.0000000000039058
0.8040000000000015 0.0000000000039762
0.8050000000000015 0.0000000000038859
0.8060000000000015 0.0000000000038968
0.8070000000000015 0.0000000000041251
0.8080000000000015 0.0000000000044272
0.8090000000000015 0.0000000000046008
0.8100000000000015 0.0000000000045387
0.8110000000000015 0.0000000000044327
0.8120000000000015 0.0000000000047627
0.8130000000000015 0.0000000000055888
0.8140000000000015 0.0000000000061097
0.8150000000000015 0.0000000000057699
0.8160000000000015 0.0000000000054444
0.8170000000000015 0.0000000000062742
0.8180000000000015 0.0000000000076529
0.8190000000000015 0.0000000000079619
0.8200000000000015 0.0000000000071447
0.8210000000000015 0.0000000000067327
0.8220000000000015 0.0000000000072808
0.8230000000000015 0.0000000000076648
0.8240000000000015 0.0000000000071531
0.8250000000000015 0.0000000000063756
0.8260000000000015 0.0000000000059192
0.8270000000000015 0.0000000000055962
0.8280000000000015 0.0000000000053694
0.8290000000000015 0.0000000000055183
0.8300000000000015 0.0000000000057326
0.8310000000000015 0.0000000000053828
0.8320000000000015 0.0000000000047313
0.8330000000000015 0.0000000000046612
0.8340000000000015 0.0000000000052440
0.8350000000000015 0.0000000000056611
0.8360000000000015 0.0000000000054927
0.8370000000000015 0.0000000000052128
0.8380000000000015 0.0000000000054226
0.8390000000000015 0.0000000000061290
0.8400000000000015 0.0000000000067782
0.8410000000000015 0.0000000000068641
0.8420000000000015 0.0000000000065847
0.8430000000000015 0.0000000000066220
0.8440000000000015 0.0000000000070686
0.8450000000000015 0.0000000000072645
0.8460000000000015 0.0000000000070466
0.8470000000000015 0.0000000000070720
0.8480000000000015 0.0000000000073948
0.8490000000000015 0.0000000000072291
0.8500000000000015 0.0000000000067191
0.8510000000000015 0.0000000000069189
0.8520000000000015 0.0000000000074987
0.8530000000000015 0.0000000000070698
0.8540000000000015 0.0000000000060224
0.8550000000000015 0.0000000000058872
0.8560000000000015 0.0000000000062762
0.8570000000000015 0.0000000000059462
0.8580000000000015 0.0000000000055336
0.8590000000000015 0.0000000000059762
0.8600000000000015 0.0000000000067549
0.8610000000000015 0.0000000000076753
0.8620000000000015 0.0000000000086687
0.8630000000000015 0.0000000000083219
0.8640000000000015 0.0000000000070410
0.8650000000000015 0.0000000000078263
0.8660000000000015 0.0000000000100072
0.8670000000000015 0.0000000000097018
0.8680000000000015 0.0000000000081801
0.8690000000000015 0.0000000000094738
0.8700000000000015 0.0000000000115915
0.8710000000000016 0.0000000000110614
0.8720000000000016 0.0000000000101505
0.8730000000000016 0.0000000000108525
0.8740000000000016 0.0000000000109133
0.8750000000000016 0.0000000000100270
0.8760000000000016 0.0000000000101381
0.8770000000000016 0.0000000000106062
0.8780000000000016 0.0000000000105390
0.8790000000000016 0.0000000000110961
0.8800000000000016 0.0000000000121705
0.8810000000000016 0.0000000000123918
0.8820000000000016 0.0000000000118268
0.8830000000000016 0.0000000000112682
0.8840000000000016 0.0000000000112700
0.8850000000000016 0.0000000000117970
0.8860000000000016 0.0000000000114120
0.8870000000000016 0.0000000000098855
0.8880000000000016 0.0000000000098764
0.8890000000000016 0.0000000000116337
0.8900000000000016 0.0000000000117529
0.8910000000000016 0.0000000000103958
0.8920000000000016 0.0000000000106046
0.8930000000000016 0.0000000000113178
0.8940000000000016 0.0000000000108047
0.8950000000000016 0.0000000000104562
0.8960000000000016 0.0000000000102974
0.8970000000000016 0.0000000000102561
0.8980000000000016 0.0000000000115427
0.8990000000000016 0.0000000000120538
0.9000000000000016 0.0000000000107429
0.9010000000000016 0.0000000000108835
0.9020000000000016 0.0000000000129277
0.9030000000000016 0.0000000000143155
0.9040000000000016 0.0000000000139472
0.9050000000000016 0.0000000000139043
0.9060000000000016 0.0000000000160927
0.9070000000000016 0.0000000000160639
0.9080000000000016 0.0000000000138121
0.9090000000000016 0.0000000000157263
0.9100000000000016 0.0000000000174094
0.9110000000000016 0.0000000000158241
0.9120000000000016 0.0000000000161697
0.9130000000000016 0.0000000000167329
0.9140000000000016 0.0000000000172642
0.9150000000000016 0.0000000000168546
0.9160000000000016 0.0000000000141771
0.9170000000000016 0.0000000000153610
0.9180000000000016 0.0000000000148407
0.9190000000000016 0.0000000000117582
0.9200000000000016 0.0000000000139901
0.9210000000000016 0.0000000000136878
0.9220000000000016 0.0000000000129807
0.9230000000000016 0.0000000000156600
0.9240000000000016 0.0000000000149377
0.9250000000000016 0.0000000000141168
0.9260000000000016 0.0000000000133656
0.9270000000000016 0.0000000000131930
0.9280000000000016 0.0000000000144640
0.9290000000000016 0.0000000000155973
0.9300000000000016 0.0000000000165140
0.9310000000000016 0.0000000000149817
0.9320000000000016 0.0000000000148427
0.9330000000000016 0.0000000000140922
0.9340000000000016 0.0000000000122816
0.9350000000000016 0.0000000000119657
0.9360000000000016 0.0000000000125496
0.9370000000000016 0.0000000000136786
0.9380000000000016 0.0000000000125344
0.9390000000000016 0.0000000000135056
0.9400000000000016 0.0000000000154962
0.9410000000000016 0.0000000000113387
0.9420000000000016 0.0000000000123741
0.9430000000000016 0.0000000000188850
0.9440000000000016 0.0000000000142051
0.9450000000000016 0.0000000000148485
0.9460000000000016 0.0000000000152203
0.9470000000000016 0.0000000000108953
0.9480000000000016 0.0000000000120020
0.9490000000000016 0.0000000000174362
0.9500000000000016 0.0000000000132214
0.9510000000000016 0.0000000000085736
0.9520000000000016 0.0000000000129277
0.9530000000000016 0.0000000000008523
0.9540000000000016 0.0000000000136954
0.9550000000000016 0.0000000000300279
0.9560000000000016 0.0000000000087494
0.9570000000000016 0.0000000000042464
0.9580000000000016 0.0000000000082444
0.9590000000000016 0.0000000000297635
0.9600000000000016 0.0000000000057068
0.9610000000000016 0.0000000000065569
0.9620000000000016 0.0000000000135879
0.9630000000000016 0.0000000000083917
0.9640000000000016 0.0000000000140994
0.9650000000000016 0.0000000000080119
0.9660000000000016 0.0000000000057023
0.9670000000000016 0.0000000000085770
0.9680000000000016 0.0000000000062752
0.9690000000000016 0.0000000000085720
0.9700000000000016 0.0000000000109783
0.9710000000000016 0.0000000000069900
0.9720000000000016 0.0000000000138951
0.9730000000000016 0.0000000000103305
0.9740000000000016 0.0000000000168793
0.9750000000000016 0.0000000000120762
0.9760000000000016 0.0000000000172453
0.9770000000000016 0.0000000000092375
0.9780000000000016 0.0000000000141817
0.9790000000000016 0.0000000000116458
0.9800000000000016 0.0000000000256158
0.9810000000000016 0.0000000000214270
0.9820000000000016 0.0000000000259858
0.9830000000000017 0.0000000000135590
0.9840000000000017 0.0000000000158306
0.9850000000000017 0.0000000000254523
0.9860000000000017 0.0000000000278423
0.9870000000000017 0.0000000000325250
0.9880000000000017 0.0000000000352226
0.9890000000000017 0.0000000000308166
0.9900000000000017 0.0000000000356668
0.9910000000000017 0.0000000000399313
0.9920000000000017 0.0000000000424368
0.9930000000000017 0.0000000000444998
0.9940000000000017 0.0000000000379273
0.9950000000000017 0.0000000000476650
0.9960000000000017 0.0000000000483645
0.9970000000000017 0.0000000000523521
0.9980000000000017 0.0000000000574691
0.9990000000000017 0.0000000000208253
