-1.0000000000000000 0.0000000000014336
-0.9990000000000000 0.0000000000014234
-0.9980000000000000 0.0000000000014136
-0.9970000000000000 0.0000000000014142
-0.9960000000000000 0.0000000000014142
-0.9950000000000000 0.0000000000014215
-0.9940000000000000 0.0000000000014334
-0.9930000000000000 0.0000000000014431
-0.9920000000000000 0.0000000000014500
-0.9910000000000000 0.0000000000014554
-0.9900000000000000 0.0000000000014608
-0.9890000000000000 0.0000000000014688
-0.9880000000000000 0.0000000000014825
-0.9870000000000000 0.0000000000014966
-0.9860000000000000 0.0000000000015085
-0.9850000000000000 0.0000000000015170
-0.9840000000000000 0.0000000000015237
-0.9830000000000000 0.0000000000015338
-0.9820000000000000 0.0000000000015465
-0.9810000000000000 0.0000000000015572
-0.9800000000000000 0.0000000000015674
-0.9790000000000000 0.0000000000015824
-0.9780000000000000 0.0000000000015982
-0.9770000000000000 0.0000000000016103
-0.9760000000000000 0.0000000000016172
-0.9750000000000000 0.0000000000016229
-0.9740000000000000 0.0000000000016287
-0.9730000000000000 0.0000000000016360
-0.9720000000000000 0.0000000000016429
-0.9710000000000000 0.0000000000016506
-0.9700000000000000 0.0000000000016613
-0.9690000000000000 0.0000000000016722
-0.9680000000000000 0.0000000000016827
-0.9670000000000000 0.0000000000016922
-0.9660000000000000 0.0000000000017044
-0.9650000000000000 0.0000000000017155
-0.9640000000000000 0.0000000000017264
-0.9630000000000000 0.0000000000017365
-0.9620000000000000 0.0000000000017456
-0.9610000000000000 0.0000000000017539
-0.9600000000000000 0.0000000000017614
-0.9590000000000000 0.0000000000017674
-0.9580000000000000 0.0000000000017715
-0.9570000000000000 0.0000000000017755
-0.9560000000000000 0.0000000000017788
-0.9550000000000000 0.0000000000017821
-0.9540000000000000 0.0000000000017858
-0.9530000000000000 0.0000000000017876
-0.9520000000000000 0.0000000000017898
-0.9510000000000000 0.0000000000017910
-0.9500000000000000 0.0000000000017915
-0.9490000000000000 0.0000000000017930
-0.9480000000000000 0.0000000000017937
-0.9470000000000000 0.0000000000017936
-0.9460000000000000 0.0000000000017939
-0.9450000000000000 0.0000000000017929
-0.9440000000000000 0.0000000000017927
-0.9429999999999999 0.0000000000017917
-0.9419999999999999 0.0000000000017916
-0.9409999999999999 0.0000000000017905
-0.9399999999999999 0.0000000000017897
-0.9389999999999999 0.0000000000017915
-0.9379999999999999 0.0000000000017911
-0.9369999999999999 0.0000000000017893
-0.9359999999999999 0.0000000000017897
-0.9349999999999999 0.0000000000017888
-0.9339999999999999 0.0000000000017873
-0.9329999999999999 0.0000000000017872
-0.9319999999999999 0.0000000000017855
-0.9309999999999999 0.0000000000017829
-0.9299999999999999 0.0000000000017797
-0.9289999999999999 0.0000000000017765
-0.9279999999999999 0.0000000000017730
-0.9269999999999999 0.0000000000017678
-0.9259999999999999 0.0000000000017636
-0.9249999999999999 0.0000000000017599
-0.9239999999999999 0.0000000000017553
-0.9229999999999999 0.0000000000017510
-0.9219999999999999 0.0000000000017488
-0.9209999999999999 0.0000000000017473
-0.9199999999999999 0.0000000000017445
-0.9189999999999999 0.0000000000017415
-0.9179999999999999 0.0000000000017379
-0.9169999999999999 0.0000000000017337
-0.9159999999999999 0.0000000000017295
-0.9149999999999999 0.0000000000017262
-0.9139999999999999 0.0000000000017238
-0.9129999999999999 0.0000000000017221
-0.9119999999999999 0.0000000000017203
-0.9109999999999999 0.0000000000017184
-0.9099999999999999 0.0000000000017165
-0.9089999999999999 0.0000000000017144
-0.9079999999999999 0.0000000000017116
-0.9069999999999999 0.0000000000017086
-0.9059999999999999 0.0000000000017061
-0.9049999999999999 0.0000000000017046
-0.9039999999999999 0.0000000000017039
-0.9029999999999999 0.0000000000017031
-0.9019999999999999 0.0000000000017019
-0.9009999999999999 0.0000000000017009
-0.8999999999999999 0.0000000000016998
-0.8989999999999999 0.0000000000016983
-0.8979999999999999 0.0000000000016975
-0.8969999999999999 0.0000000000016974
-0.8959999999999999 0.0000000000016973
-0.8949999999999999 0.0000000000016970
-0.8939999999999999 0.0000000000016962
-0.8929999999999999 0.0000000000016955
-0.8919999999999999 0.0000000000016956
-0.8909999999999999 0.0000000000016959
-0.8899999999999999 0.0000000000016953
-0.8889999999999999 0.0000000000016954
-0.8879999999999999 0.0000000000016972
-0.8869999999999999 0.0000000000016990
-0.8859999999999999 0.0000000000017002
-0.8849999999999999 0.0000000000017015
-0.8839999999999999 0.0000000000017035
-0.8829999999999999 0.0000000000017069
-0.8819999999999999 0.0000000000017101
-0.8809999999999999 0.0000000000017120
-0.8799999999999999 0.0000000000017134
-0.8789999999999999 0.0000000000017141
-0.8779999999999999 0.0000000000017122
-0.8769999999999999 0.0000000000017094
-0.8759999999999999 0.0000000000017074
-0.8749999999999999 0.0000000000017065
-0.8739999999999999 0.0000000000017053
-0.8729999999999999 0.0000000000017041
-0.8719999999999999 0.0000000000017030
-0.8709999999999999 0.0000000000017027
-0.8699999999999999 0.0000000000017035
-0.8689999999999999 0.0000000000017035
-0.8679999999999999 0.0000000000017023
-0.8669999999999999 0.0000000000017006
-0.8659999999999999 0.0000000000016990
-0.8649999999999999 0.0000000000016971
-0.8639999999999999 0.0000000000016943
-0.8629999999999999 0.0000000000016908
-0.8619999999999999 0.0000000000016880
-0.8609999999999999 0.0000000000016865
-0.8599999999999999 0.0000000000016850
-0.8589999999999999 0.0000000000016823
-0.8579999999999999 0.0000000000016801
-0.8569999999999999 0.0000000000016785
-0.8559999999999999 0.0000000000016758
-0.8549999999999999 0.0000000000016723
-0.8539999999999999 0.0000000000016704
-0.8529999999999999 0.0000000000016684
-0.8519999999999999 0.0000000000016650
-0.8509999999999999 0.0000000000016626
-0.8499999999999999 0.0000000000016616
-0.8489999999999999 0.0000000000016599
-0.8479999999999999 0.0000000000016579
-0.8469999999999999 0.0000000000016565
-0.8459999999999999 0.0000000000016549
-0.8449999999999999 0.0000000000016525
-0.8439999999999999 0.0000000000016511
-0.8429999999999999 0.0000000000016513
-0.8419999999999999 0.0000000000016515
-0.8409999999999999 0.0000000000016527
-0.8399999999999999 0.0000000000016563
-0.8389999999999999 0.0000000000016610
-0.8379999999999999 0.0000000000016648
-0.8369999999999999 0.0000000000016672
-0.8359999999999999 0.0000000000016683
-0.8349999999999999 0.0000000000016667
-0.8339999999999999 0.0000000000016621
-0.8329999999999999 0.0000000000016579
-0.8319999999999999 0.0000000000016573
-0.8309999999999998 0.0000000000016592
-0.8299999999999998 0.0000000000016591
-0.8289999999999998 0.0000000000016548
-0.8279999999999998 0.0000000000016491
-0.8269999999999998 0.0000000000016469
-0.8259999999999998 0.0000000000016482
-0.8249999999999998 0.0000000000016506
-0.8239999999999998 0.0000000000016529
-0.8229999999999998 0.0000000000016562
-0.8219999999999998 0.0000000000016599
-0.8209999999999998 0.0000000000016607
-0.8199999999999998 0.0000000000016588
-0.8189999999999998 0.0000000000016561
-0.8179999999999998 0.0000000000016541
-0.8169999999999998 0.0000000000016512
-0.8159999999999998 0.0000000000016478
-0.8149999999999998 0.0000000000016452
-0.8139999999999998 0.0000000000016442
-0.8129999999999998 0.0000000000016438
-0.8119999999999998 0.0000000000016436
-0.8109999999999998 0.0000000000016442
-0.8099999999999998 0.0000000000016447
-0.8089999999999998 0.0000000000016442
-0.8079999999999998 0.0000000000016420
-0.8069999999999998 0.0000000000016397
-0.8059999999999998 0.0000000000016378
-0.8049999999999998 0.0000000000016355
-0.8039999999999998 0.0000000000016320
-0.8029999999999998 0.0000000000016280
-0.8019999999999998 0.0000000000016241
-0.8009999999999998 0.0000000000016204
-0.7999999999999998 0.0000000000016158
-0.7989999999999998 0.0000000000016097
-0.7979999999999998 0.0000000000016033
-0.7969999999999998 0.0000000000015971
-0.7959999999999998 0.0000000000015908
-0.7949999999999998 0.0000000000015842
-0.7939999999999998 0.0000000000015773
-0.7929999999999998 0.0000000000015703
-0.7919999999999998 0.0000000000015633
-0.7909999999999998 0.0000000000015562
-0.7899999999999998 0.0000000000015496
-0.7889999999999998 0.0000000000015435
-0.7879999999999998 0.0000000000015372
-0.7869999999999998 0.0000000000015308
-0.7859999999999998 0.0000000000015246
-0.7849999999999998 0.0000000000015188
-0.7839999999999998 0.0000000000015130
-0.7829999999999998 0.0000000000015070
-0.7819999999999998 0.0000000000015014
-0.7809999999999998 0.0000000000014961
-0.7799999999999998 0.0000000000014915
-0.7789999999999998 0.0000000000014869
-0.7779999999999998 0.0000000000014830
-0.7769999999999998 0.0000000000014801
-0.7759999999999998 0.0000000000014778
-0.7749999999999998 0.0000000000014746
-0.7739999999999998 0.0000000000014713
-0.7729999999999998 0.0000000000014678
-0.7719999999999998 0.0000000000014645
-0.7709999999999998 0.0000000000014615
-0.7699999999999998 0.0000000000014587
-0.7689999999999998 0.0000000000014568
-0.7679999999999998 0.0000000000014552
-0.7669999999999998 0.0000000000014528
-0.7659999999999998 0.0000000000014503
-0.7649999999999998 0.0000000000014476
-0.7639999999999998 0.0000000000014461
-0.7629999999999998 0.0000000000014446
-0.7619999999999998 0.0000000000014423
-0.7609999999999998 0.0000000000014393
-0.7599999999999998 0.0000000000014361
-0.7589999999999998 0.0000000000014333
-0.7579999999999998 0.0000000000014313
-0.7569999999999998 0.0000000000014294
-0.7559999999999998 0.0000000000014270
-0.7549999999999998 0.0000000000014243
-0.7539999999999998 0.0000000000014218
-0.7529999999999998 0.0000000000014196
-0.7519999999999998 0.0000000000014179
-0.7509999999999998 0.0000000000014163
-0.7499999999999998 0.0000000000014151
-0.7489999999999998 0.0000000000014136
-0.7479999999999998 0.0000000000014118
-0.7469999999999998 0.0000000000014095
-0.7459999999999998 0.0000000000014079
-0.7449999999999998 0.0000000000014069
-0.7439999999999998 0.0000000000014058
-0.7429999999999998 0.0000000000014038
-0.7419999999999998 0.0000000000014009
-0.7409999999999998 0.0000000000013984
-0.7399999999999998 0.0000000000013962
-0.7389999999999998 0.0000000000013939
-0.7379999999999998 0.0000000000013911
-0.7369999999999998 0.0000000000013886
-0.7359999999999998 0.0000000000013861
-0.7349999999999998 0.0000000000013830
-0.7339999999999998 0.0000000000013788
-0.7329999999999998 0.0000000000013743
-0.7319999999999998 0.0000000000013702
-0.7309999999999998 0.0000000000013669
-0.7299999999999998 0.0000000000013629
-0.7289999999999998 0.0000000000013585
-0.7279999999999998 0.0000000000013545
-0.7269999999999998 0.0000000000013517
-0.7259999999999998 0.0000000000013494
-0.7249999999999998 0.0000000000013467
-0.7239999999999998 0.0000000000013434
-0.7229999999999998 0.0000000000013398
-0.7219999999999998 0.0000000000013364
-0.7209999999999998 0.0000000000013324
-0.7199999999999998 0.0000000000013278
-0.7189999999999998 0.0000000000013233
-0.7179999999999997 0.0000000000013191
-0.7169999999999997 0.0000000000013146
-0.7159999999999997 0.0000000000013101
-0.7149999999999997 0.0000000000013055
-0.7139999999999997 0.0000000000013012
-0.7129999999999997 0.0000000000012974
-0.7119999999999997 0.0000000000012939
-0.7109999999999997 0.0000000000012897
-0.7099999999999997 0.0000000000012854
-0.7089999999999997 0.0000000000012811
-0.7079999999999997 0.0000000000012771
-0.7069999999999997 0.0000000000012724
-0.7059999999999997 0.0000000000012674
-0.7049999999999997 0.0000000000012618
-0.7039999999999997 0.0000000000012559
-0.7029999999999997 0.0000000000012503
-0.7019999999999997 0.0000000000012448
-0.7009999999999997 0.0000000000012392
-0.6999999999999997 0.0000000000012337
-0.6989999999999997 0.0000000000012279
-0.6979999999999997 0.0000000000012225
-0.6969999999999997 0.0000000000012172
-0.6959999999999997 0.0000000000012121
-0.6949999999999997 0.0000000000012070
-0.6939999999999997 0.0000000000012016
-0.6929999999999997 0.0000000000011964
-0.6919999999999997 0.0000000000011912
-0.6909999999999997 0.0000000000011866
-0.6899999999999997 0.0000000000011817
-0.6889999999999997 0.0000000000011772
-0.6879999999999997 0.0000000000011726
-0.6869999999999997 0.0000000000011687
-0.6859999999999997 0.0000000000011647
-0.6849999999999997 0.0000000000011604
-0.6839999999999997 0.0000000000011561
-0.6829999999999997 0.0000000000011519
-0.6819999999999997 0.0000000000011476
-0.6809999999999997 0.0000000000011430
-0.6799999999999997 0.0000000000011376
-0.6789999999999997 0.0000000000011315
-0.6779999999999997 0.0000000000011257
-0.6769999999999997 0.0000000000011199
-0.6759999999999997 0.0000000000011143
-0.6749999999999997 0.0000000000011083
-0.6739999999999997 0.0000000000011022
-0.6729999999999997 0.0000000000010967
-0.6719999999999997 0.0000000000010915
-0.6709999999999997 0.0000000000010868
-0.6699999999999997 0.0000000000010820
-0.6689999999999997 0.0000000000010770
-0.6679999999999997 0.0000000000010719
-0.6669999999999997 0.0000000000010669
-0.6659999999999997 0.0000000000010616
-0.6649999999999997 0.0000000000010562
-0.6639999999999997 0.0000000000010502
-0.6629999999999997 0.0000000000010443
-0.6619999999999997 0.0000000000010391
-0.6609999999999997 0.0000000000010345
-0.6599999999999997 0.0000000000010303
-0.6589999999999997 0.0000000000010257
-0.6579999999999997 0.0000000000010210
-0.6569999999999997 0.0000000000010161
-0.6559999999999997 0.0000000000010116
-0.6549999999999997 0.0000000000010077
-0.6539999999999997 0.0000000000010040
-0.6529999999999997 0.0000000000009996
-0.6519999999999997 0.0000000000009955
-0.6509999999999997 0.0000000000009915
-0.6499999999999997 0.0000000000009877
-0.6489999999999997 0.0000000000009834
-0.6479999999999997 0.0000000000009791
-0.6469999999999997 0.0000000000009748
-0.6459999999999997 0.0000000000009714
-0.6449999999999997 0.0000000000009688
-0.6439999999999997 0.0000000000009664
-0.6429999999999997 0.0000000000009639
-0.6419999999999997 0.0000000000009610
-0.6409999999999997 0.0000000000009583
-0.6399999999999997 0.0000000000009563
-0.6389999999999997 0.0000000000009549
-0.6379999999999997 0.0000000000009535
-0.6369999999999997 0.0000000000009520
-0.6359999999999997 0.0000000000009502
-0.6349999999999997 0.0000000000009488
-0.6339999999999997 0.0000000000009471
-0.6329999999999997 0.0000000000009455
-0.6319999999999997 0.0000000000009435
-0.6309999999999997 0.0000000000009415
-0.6299999999999997 0.0000000000009398
-0.6289999999999997 0.0000000000009379
-0.6279999999999997 0.0000000000009354
-0.6269999999999997 0.0000000000009325
-0.6259999999999997 0.0000000000009294
-0.6249999999999997 0.0000000000009269
-0.6239999999999997 0.0000000000009247
-0.6229999999999997 0.0000000000009227
-0.6219999999999997 0.0000000000009205
-0.6209999999999997 0.0000000000009182
-0.6199999999999997 0.0000000000009158
-0.6189999999999997 0.0000000000009138
-0.6179999999999997 0.0000000000009118
-0.6169999999999997 0.0000000000009100
-0.6159999999999997 0.0000000000009085
-0.6149999999999997 0.0000000000009071
-0.6139999999999997 0.0000000000009056
-0.6129999999999997 0.0000000000009037
-0.6119999999999997 0.0000000000009014
-0.6109999999999997 0.0000000000008989
-0.6099999999999997 0.0000000000008964
-0.6089999999999997 0.0000000000008941
-0.6079999999999997 0.0000000000008916
-0.6069999999999997 0.0000000000008888
-0.6059999999999997 0.0000000000008854
-0.6049999999999996 0.0000000000008816
-0.6039999999999996 0.0000000000008776
-0.6029999999999996 0.0000000000008737
-0.6019999999999996 0.0000000000008700
-0.6009999999999996 0.0000000000008664
-0.5999999999999996 0.0000000000008628
-0.5989999999999996 0.0000000000008590
-0.5979999999999996 0.0000000000008550
-0.5969999999999996 0.0000000000008507
-0.5959999999999996 0.0000000000008464
-0.5949999999999996 0.0000000000008419
-0.5939999999999996 0.0000000000008374
-0.5929999999999996 0.0000000000008330
-0.5919999999999996 0.0000000000008288
-0.5909999999999996 0.0000000000008248
-0.5899999999999996 0.0000000000008208
-0.5889999999999996 0.0000000000008170
-0.5879999999999996 0.0000000000008128
-0.5869999999999996 0.0000000000008081
-0.5859999999999996 0.0000000000008036
-0.5849999999999996 0.0000000000007992
-0.5839999999999996 0.0000000000007953
-0.5829999999999996 0.0000000000007914
-0.5819999999999996 0.0000000000007871
-0.5809999999999996 0.0000000000007828
-0.5799999999999996 0.0000000000007782
-0.5789999999999996 0.0000000000007736
-0.5779999999999996 0.0000000000007693
-0.5769999999999996 0.0000000000007651
-0.5759999999999996 0.0000000000007609
-0.5749999999999996 0.0000000000007567
-0.5739999999999996 0.0000000000007524
-0.5729999999999996 0.0000000000007484
-0.5719999999999996 0.0000000000007448
-0.5709999999999996 0.0000000000007419
-0.5699999999999996 0.0000000000007392
-0.5689999999999996 0.0000000000007367
-0.5679999999999996 0.0000000000007343
-0.5669999999999996 0.0000000000007322
-0.5659999999999996 0.0000000000007305
-0.5649999999999996 0.0000000000007292
-0.5639999999999996 0.0000000000007280
-0.5629999999999996 0.0000000000007265
-0.5619999999999996 0.0000000000007255
-0.5609999999999996 0.0000000000007249
-0.5599999999999996 0.0000000000007249
-0.5589999999999996 0.0000000000007252
-0.5579999999999996 0.0000000000007255
-0.5569999999999996 0.0000000000007253
-0.5559999999999996 0.0000000000007246
-0.5549999999999996 0.0000000000007240
-0.5539999999999996 0.0000000000007234
-0.5529999999999996 0.0000000000007234
-0.5519999999999996 0.0000000000007236
-0.5509999999999996 0.0000000000007240
-0.5499999999999996 0.0000000000007242
-0.5489999999999996 0.0000000000007242
-0.5479999999999996 0.0000000000007238
-0.5469999999999996 0.0000000000007230
-0.5459999999999996 0.0000000000007222
-0.5449999999999996 0.0000000000007215
-0.5439999999999996 0.0000000000007216
-0.5429999999999996 0.0000000000007218
-0.5419999999999996 0.0000000000007219
-0.5409999999999996 0.0000000000007211
-0.5399999999999996 0.0000000000007199
-0.5389999999999996 0.0000000000007185
-0.5379999999999996 0.0000000000007176
-0.5369999999999996 0.0000000000007174
-0.5359999999999996 0.0000000000007182
-0.5349999999999996 0.0000000000007194
-0.5339999999999996 0.0000000000007206
-0.5329999999999996 0.0000000000007213
-0.5319999999999996 0.0000000000007214
-0.5309999999999996 0.0000000000007214
-0.5299999999999996 0.0000000000007216
-0.5289999999999996 0.0000000000007230
-0.5279999999999996 0.0000000000007254
-0.5269999999999996 0.0000000000007284
-0.5259999999999996 0.0000000000007310
-0.5249999999999996 0.0000000000007323
-0.5239999999999996 0.0000000000007329
-0.5229999999999996 0.0000000000007337
-0.5219999999999996 0.0000000000007354
-0.5209999999999996 0.0000000000007381
-0.5199999999999996 0.0000000000007418
-0.5189999999999996 0.0000000000007455
-0.5179999999999996 0.0000000000007487
-0.5169999999999996 0.0000000000007512
-0.5159999999999996 0.0000000000007532
-0.5149999999999996 0.0000000000007546
-0.5139999999999996 0.0000000000007560
-0.5129999999999996 0.0000000000007584
-0.5119999999999996 0.0000000000007623
-0.5109999999999996 0.0000000000007674
-0.5099999999999996 0.0000000000007719
-0.5089999999999996 0.0000000000007742
-0.5079999999999996 0.0000000000007735
-0.5069999999999996 0.0000000000007714
-0.5059999999999996 0.0000000000007712
-0.5049999999999996 0.0000000000007749
-0.5039999999999996 0.0000000000007818
-0.5029999999999996 0.0000000000007887
-0.5019999999999996 0.0000000000007919
-0.5009999999999996 0.0000000000007906
-0.4999999999999996 0.0000000000007875
-0.4989999999999996 0.0000000000007866
-0.4979999999999996 0.0000000000007903
-0.4969999999999996 0.0000000000007970
-0.4959999999999996 0.0000000000008034
-0.4949999999999996 0.0000000000008061
-0.4939999999999996 0.0000000000008049
-0.4929999999999995 0.0000000000008024
-0.4919999999999995 0.0000000000008020
-0.4909999999999995 0.0000000000008051
-0.4899999999999995 0.0000000000008107
-0.4889999999999995 0.0000000000008163
-0.4879999999999995 0.0000000000008200
-0.4869999999999995 0.0000000000008217
-0.4859999999999995 0.0000000000008225
-0.4849999999999995 0.0000000000008236
-0.4839999999999995 0.0000000000008262
-0.4829999999999995 0.0000000000008296
-0.4819999999999995 0.0000000000008337
-0.4809999999999995 0.0000000000008377
-0.4799999999999995 0.0000000000008408
-0.4789999999999995 0.0000000000008427
-0.4779999999999995 0.0000000000008433
-0.4769999999999995 0.0000000000008432
-0.4759999999999995 0.0000000000008433
-0.4749999999999995 0.0000000000008445
-0.4739999999999995 0.0000000000008473
-0.4729999999999995 0.0000000000008510
-0.4719999999999995 0.0000000000008547
-0.4709999999999995 0.0000000000008578
-0.4699999999999995 0.0000000000008600
-0.4689999999999995 0.0000000000008618
-0.4679999999999995 0.0000000000008641
-0.4669999999999995 0.0000000000008669
-0.4659999999999995 0.0000000000008702
-0.4649999999999995 0.0000000000008733
-0.4639999999999995 0.0000000000008763
-0.4629999999999995 0.0000000000008789
-0.4619999999999995 0.0000000000008813
-0.4609999999999995 0.0000000000008837
-0.4599999999999995 0.0000000000008861
-0.4589999999999995 0.0000000000008885
-0.4579999999999995 0.0000000000008911
-0.4569999999999995 0.0000000000008936
-0.4559999999999995 0.0000000000008960
-0.4549999999999995 0.0000000000008982
-0.4539999999999995 0.0000000000008998
-0.4529999999999995 0.0000000000009012
-0.4519999999999995 0.0000000000009027
-0.4509999999999995 0.0000000000009044
-0.4499999999999995 0.0000000000009066
-0.4489999999999995 0.0000000000009089
-0.4479999999999995 0.0000000000009110
-0.4469999999999995 0.0000000000009128
-0.4459999999999995 0.0000000000009138
-0.4449999999999995 0.0000000000009147
-0.4439999999999995 0.0000000000009159
-0.4429999999999995 0.0000000000009177
-0.4419999999999995 0.0000000000009198
-0.4409999999999995 0.0000000000009219
-0.4399999999999995 0.0000000000009237
-0.4389999999999995 0.0000000000009248
-0.4379999999999995 0.0000000000009257
-0.4369999999999995 0.0000000000009270
-0.4359999999999995 0.0000000000009293
-0.4349999999999995 0.0000000000009325
-0.4339999999999995 0.0000000000009359
-0.4329999999999995 0.0000000000009389
-0.4319999999999995 0.0000000000009409
-0.4309999999999995 0.0000000000009420
-0.4299999999999995 0.0000000000009432
-0.4289999999999995 0.0000000000009450
-0.4279999999999995 0.0000000000009477
-0.4269999999999995 0.0000000000009509
-0.4259999999999995 0.0000000000009537
-0.4249999999999995 0.0000000000009555
-0.4239999999999995 0.0000000000009565
-0.4229999999999995 0.0000000000009576
-0.4219999999999995 0.0000000000009597
-0.4209999999999995 0.0000000000009634
-0.4199999999999995 0.0000000000009679
-0.4189999999999995 0.0000000000009723
-0.4179999999999995 0.0000000000009755
-0.4169999999999995 0.0000000000009775
-0.4159999999999995 0.0000000000009790
-0.4149999999999995 0.0000000000009810
-0.4139999999999995 0.0000000000009839
-0.4129999999999995 0.0000000000009877
-0.4119999999999995 0.0000000000009914
-0.4109999999999995 0.0000000000009944
-0.4099999999999995 0.0000000000009968
-0.4089999999999995 0.0000000000009985
-0.4079999999999995 0.0000000000010001
-0.4069999999999995 0.0000000000010021
-0.4059999999999995 0.0000000000010043
-0.4049999999999995 0.0000000000010065
-0.4039999999999995 0.0000000000010088
-0.4029999999999995 0.0000000000010112
-0.4019999999999995 0.0000000000010138
-0.4009999999999995 0.0000000000010164
-0.3999999999999995 0.0000000000010185
-0.3989999999999995 0.0000000000010199
-0.3979999999999995 0.0000000000010210
-0.3969999999999995 0.0000000000010221
-0.3959999999999995 0.0000000000010234
-0.3949999999999995 0.0000000000010249
-0.3939999999999995 0.0000000000010262
-0.3929999999999995 0.0000000000010270
-0.3919999999999995 0.0000000000010270
-0.3909999999999995 0.0000000000010263
-0.3899999999999995 0.0000000000010253
-0.3889999999999995 0.0000000000010240
-0.3879999999999995 0.0000000000010222
-0.3869999999999995 0.0000000000010206
-0.3859999999999995 0.0000000000010191
-0.3849999999999995 0.0000000000010186
-0.3839999999999995 0.0000000000010193
-0.3829999999999995 0.0000000000010208
-0.3819999999999995 0.0000000000010223
-0.3809999999999995 0.0000000000010231
-0.3799999999999994 0.0000000000010228
-0.3789999999999994 0.0000000000010216
-0.3779999999999994 0.0000000000010202
-0.3769999999999994 0.0000000000010191
-0.3759999999999994 0.0000000000010186
-0.3749999999999994 0.0000000000010181
-0.3739999999999994 0.0000000000010176
-0.3729999999999994 0.0000000000010167
-0.3719999999999994 0.0000000000010154
-0.3709999999999994 0.0000000000010142
-0.3699999999999994 0.0000000000010135
-0.3689999999999994 0.0000000000010133
-0.3679999999999994 0.0000000000010136
-0.3669999999999994 0.0000000000010140
-0.3659999999999994 0.0000000000010143
-0.3649999999999994 0.0000000000010142
-0.3639999999999994 0.0000000000010139
-0.3629999999999994 0.0000000000010137
-0.3619999999999994 0.0000000000010140
-0.3609999999999994 0.0000000000010151
-0.3599999999999994 0.0000000000010170
-0.3589999999999994 0.0000000000010191
-0.3579999999999994 0.0000000000010212
-0.3569999999999994 0.0000000000010228
-0.3559999999999994 0.0000000000010241
-0.3549999999999994 0.0000000000010251
-0.3539999999999994 0.0000000000010261
-0.3529999999999994 0.0000000000010272
-0.3519999999999994 0.0000000000010284
-0.3509999999999994 0.0000000000010296
-0.3499999999999994 0.0000000000010305
-0.3489999999999994 0.0000000000010310
-0.3479999999999994 0.0000000000010312
-0.3469999999999994 0.0000000000010311
-0.3459999999999994 0.0000000000010306
-0.3449999999999994 0.0000000000010300
-0.3439999999999994 0.0000000000010295
-0.3429999999999994 0.0000000000010292
-0.3419999999999994 0.0000000000010293
-0.3409999999999994 0.0000000000010295
-0.3399999999999994 0.0000000000010296
-0.3389999999999994 0.0000000000010293
-0.3379999999999994 0.0000000000010288
-0.3369999999999994 0.0000000000010283
-0.3359999999999994 0.0000000000010280
-0.3349999999999994 0.0000000000010276
-0.3339999999999994 0.0000000000010275
-0.3329999999999994 0.0000000000010273
-0.3319999999999994 0.0000000000010272
-0.3309999999999994 0.0000000000010269
-0.3299999999999994 0.0000000000010265
-0.3289999999999994 0.0000000000010261
-0.3279999999999994 0.0000000000010257
-0.3269999999999994 0.0000000000010254
-0.3259999999999994 0.0000000000010253
-0.3249999999999994 0.0000000000010256
-0.3239999999999994 0.0000000000010258
-0.3229999999999994 0.0000000000010262
-0.3219999999999994 0.0000000000010262
-0.3209999999999994 0.0000000000010260
-0.3199999999999994 0.0000000000010254
-0.3189999999999994 0.0000000000010248
-0.3179999999999994 0.0000000000010243
-0.3169999999999994 0.0000000000010242
-0.3159999999999994 0.0000000000010244
-0.3149999999999994 0.0000000000010245
-0.3139999999999994 0.0000000000010247
-0.3129999999999994 0.0000000000010247
-0.3119999999999994 0.0000000000010248
-0.3109999999999994 0.0000000000010248
-0.3099999999999994 0.0000000000010250
-0.3089999999999994 0.0000000000010252
-0.3079999999999994 0.0000000000010255
-0.3069999999999994 0.0000000000010257
-0.3059999999999994 0.0000000000010260
-0.3049999999999994 0.0000000000010266
-0.3039999999999994 0.0000000000010274
-0.3029999999999994 0.0000000000010281
-0.3019999999999994 0.0000000000010287
-0.3009999999999994 0.0000000000010288
-0.2999999999999994 0.0000000000010286
-0.2989999999999994 0.0000000000010282
-0.2979999999999994 0.0000000000010282
-0.2969999999999994 0.0000000000010284
-0.2959999999999994 0.0000000000010290
-0.2949999999999994 0.0000000000010296
-0.2939999999999994 0.0000000000010298
-0.2929999999999994 0.0000000000010297
-0.2919999999999994 0.0000000000010290
-0.2909999999999994 0.0000000000010282
-0.2899999999999994 0.0000000000010276
-0.2889999999999994 0.0000000000010273
-0.2879999999999994 0.0000000000010275
-0.2869999999999994 0.0000000000010278
-0.2859999999999994 0.0000000000010284
-0.2849999999999994 0.0000000000010291
-0.2839999999999994 0.0000000000010297
-0.2829999999999994 0.0000000000010301
-0.2819999999999994 0.0000000000010301
-0.2809999999999994 0.0000000000010297
-0.2799999999999994 0.0000000000010289
-0.2789999999999994 0.0000000000010281
-0.2779999999999994 0.0000000000010277
-0.2769999999999994 0.0000000000010274
-0.2759999999999994 0.0000000000010273
-0.2749999999999994 0.0000000000010268
-0.2739999999999994 0.0000000000010260
-0.2729999999999994 0.0000000000010248
-0.2719999999999994 0.0000000000010234
-0.2709999999999994 0.0000000000010221
-0.2699999999999994 0.0000000000010213
-0.2689999999999994 0.0000000000010209
-0.2679999999999993 0.0000000000010207
-0.2669999999999993 0.0000000000010204
-0.2659999999999993 0.0000000000010199
-0.2649999999999993 0.0000000000010189
-0.2639999999999993 0.0000000000010175
-0.2629999999999993 0.0000000000010157
-0.2619999999999993 0.0000000000010137
-0.2609999999999993 0.0000000000010117
-0.2599999999999993 0.0000000000010097
-0.2589999999999993 0.0000000000010078
-0.2579999999999993 0.0000000000010060
-0.2569999999999993 0.0000000000010040
-0.2559999999999993 0.0000000000010018
-0.2549999999999993 0.0000000000009991
-0.2539999999999993 0.0000000000009962
-0.2529999999999993 0.0000000000009934
-0.2519999999999993 0.0000000000009909
-0.2509999999999993 0.0000000000009887
-0.2499999999999993 0.0000000000009871
-0.2489999999999993 0.0000000000009857
-0.2479999999999993 0.0000000000009842
-0.2469999999999993 0.0000000000009826
-0.2459999999999993 0.0000000000009806
-0.2449999999999993 0.0000000000009781
-0.2439999999999993 0.0000000000009753
-0.2429999999999993 0.0000000000009723
-0.2419999999999993 0.0000000000009693
-0.2409999999999993 0.0000000000009665
-0.2399999999999993 0.0000000000009642
-0.2389999999999993 0.0000000000009622
-0.2379999999999993 0.0000000000009604
-0.2369999999999993 0.0000000000009585
-0.2359999999999993 0.0000000000009562
-0.2349999999999993 0.0000000000009537
-0.2339999999999993 0.0000000000009510
-0.2329999999999993 0.0000000000009488
-0.2319999999999993 0.0000000000009471
-0.2309999999999993 0.0000000000009460
-0.2299999999999993 0.0000000000009452
-0.2289999999999993 0.0000000000009443
-0.2279999999999993 0.0000000000009429
-0.2269999999999993 0.0000000000009410
-0.2259999999999993 0.0000000000009388
-0.2249999999999993 0.0000000000009366
-0.2239999999999993 0.0000000000009347
-0.2229999999999993 0.0000000000009330
-0.2219999999999993 0.0000000000009314
-0.2209999999999993 0.0000000000009297
-0.2199999999999993 0.0000000000009280
-0.2189999999999993 0.0000000000009261
-0.2179999999999993 0.0000000000009241
-0.2169999999999993 0.0000000000009222
-0.2159999999999993 0.0000000000009203
-0.2149999999999993 0.0000000000009185
-0.2139999999999993 0.0000000000009169
-0.2129999999999993 0.0000000000009156
-0.2119999999999993 0.0000000000009146
-0.2109999999999993 0.0000000000009139
-0.2099999999999993 0.0000000000009135
-0.2089999999999993 0.0000000000009129
-0.2079999999999993 0.0000000000009122
-0.2069999999999993 0.0000000000009114
-0.2059999999999993 0.0000000000009106
-0.2049999999999993 0.0000000000009099
-0.2039999999999993 0.0000000000009095
-0.2029999999999993 0.0000000000009091
-0.2019999999999993 0.0000000000009088
-0.2009999999999993 0.0000000000009082
-0.1999999999999993 0.0000000000009075
-0.1989999999999993 0.0000000000009067
-0.1979999999999993 0.0000000000009058
-0.1969999999999993 0.0000000000009048
-0.1959999999999993 0.0000000000009038
-0.1949999999999993 0.0000000000009026
-0.1939999999999993 0.0000000000009014
-0.1929999999999993 0.0000000000009003
-0.1919999999999993 0.0000000000008994
-0.1909999999999993 0.0000000000008985
-0.1899999999999993 0.0000000000008976
-0.1889999999999993 0.0000000000008965
-0.1879999999999993 0.0000000000008951
-0.1869999999999993 0.0000000000008937
-0.1859999999999993 0.0000000000008922
-0.1849999999999993 0.0000000000008909
-0.1839999999999993 0.0000000000008898
-0.1829999999999993 0.0000000000008888
-0.1819999999999993 0.0000000000008878
-0.1809999999999993 0.0000000000008867
-0.1799999999999993 0.0000000000008854
-0.1789999999999993 0.0000000000008840
-0.1779999999999993 0.0000000000008824
-0.1769999999999993 0.0000000000008807
-0.1759999999999993 0.0000000000008790
-0.1749999999999993 0.0000000000008774
-0.1739999999999993 0.0000000000008760
-0.1729999999999993 0.0000000000008748
-0.1719999999999993 0.0000000000008737
-0.1709999999999993 0.0000000000008726
-0.1699999999999993 0.0000000000008713
-0.1689999999999993 0.0000000000008698
-0.1679999999999993 0.0000000000008682
-0.1669999999999993 0.0000000000008664
-0.1659999999999993 0.0000000000008646
-0.1649999999999993 0.0000000000008629
-0.1639999999999993 0.0000000000008612
-0.1629999999999993 0.0000000000008595
-0.1619999999999993 0.0000000000008576
-0.1609999999999993 0.0000000000008556
-0.1599999999999993 0.0000000000008533
-0.1589999999999993 0.0000000000008506
-0.1579999999999993 0.0000000000008477
-0.1569999999999993 0.0000000000008448
-0.1559999999999993 0.0000000000008420
-0.1549999999999992 0.0000000000008393
-0.1539999999999992 0.0000000000008368
-0.1529999999999992 0.0000000000008343
-0.1519999999999992 0.0000000000008319
-0.1509999999999992 0.0000000000008293
-0.1499999999999992 0.0000000000008265
-0.1489999999999992 0.0000000000008236
-0.1479999999999992 0.0000000000008206
-0.1469999999999992 0.0000000000008179
-0.1459999999999992 0.0000000000008154
-0.1449999999999992 0.0000000000008131
-0.1439999999999992 0.0000000000008110
-0.1429999999999992 0.0000000000008087
-0.1419999999999992 0.0000000000008061
-0.1409999999999992 0.0000000000008031
-0.1399999999999992 0.0000000000007998
-0.1389999999999992 0.0000000000007964
-0.1379999999999992 0.0000000000007931
-0.1369999999999992 0.0000000000007903
-0.1359999999999992 0.0000000000007880
-0.1349999999999992 0.0000000000007860
-0.1339999999999992 0.0000000000007839
-0.1329999999999992 0.0000000000007818
-0.1319999999999992 0.0000000000007793
-0.1309999999999992 0.0000000000007767
-0.1299999999999992 0.0000000000007739
-0.1289999999999992 0.0000000000007714
-0.1279999999999992 0.0000000000007690
-0.1269999999999992 0.0000000000007669
-0.1259999999999992 0.0000000000007649
-0.1249999999999992 0.0000000000007630
-0.1239999999999992 0.0000000000007612
-0.1229999999999992 0.0000000000007593
-0.1219999999999992 0.0000000000007573
-0.1209999999999992 0.0000000000007551
-0.1199999999999992 0.0000000000007530
-0.1189999999999992 0.0000000000007511
-0.1179999999999992 0.0000000000007494
-0.1169999999999992 0.0000000000007480
-0.1159999999999992 0.0000000000007468
-0.1149999999999992 0.0000000000007456
-0.1139999999999992 0.0000000000007444
-0.1129999999999992 0.0000000000007430
-0.1119999999999992 0.0000000000007415
-0.1109999999999992 0.0000000000007399
-0.1099999999999992 0.0000000000007383
-0.1089999999999992 0.0000000000007366
-0.1079999999999992 0.0000000000007350
-0.1069999999999992 0.0000000000007335
-0.1059999999999992 0.0000000000007320
-0.1049999999999992 0.0000000000007305
-0.1039999999999992 0.0000000000007290
-0.1029999999999992 0.0000000000007273
-0.1019999999999992 0.0000000000007254
-0.1009999999999992 0.0000000000007235
-0.0999999999999992 0.0000000000007216
-0.0989999999999992 0.0000000000007200
-0.0979999999999992 0.0000000000007185
-0.0969999999999992 0.0000000000007171
-0.0959999999999992 0.0000000000007158
-0.0949999999999992 0.0000000000007143
-0.0939999999999992 0.0000000000007129
-0.0929999999999992 0.0000000000007114
-0.0919999999999992 0.0000000000007100
-0.0909999999999992 0.0000000000007087
-0.0899999999999992 0.0000000000007073
-0.0889999999999992 0.0000000000007058
-0.0879999999999992 0.0000000000007045
-0.0869999999999992 0.0000000000007035
-0.0859999999999992 0.0000000000007026
-0.0849999999999992 0.0000000000007019
-0.0839999999999992 0.0000000000007010
-0.0829999999999992 0.0000000000006999
-0.0819999999999992 0.0000000000006986
-0.0809999999999992 0.0000000000006973
-0.0799999999999992 0.0000000000006963
-0.0789999999999992 0.0000000000006957
-0.0779999999999992 0.0000000000006953
-0.0769999999999992 0.0000000000006952
-0.0759999999999992 0.0000000000006950
-0.0749999999999992 0.0000000000006949
-0.0739999999999992 0.0000000000006950
-0.0729999999999992 0.0000000000006952
-0.0719999999999992 0.0000000000006954
-0.0709999999999992 0.0000000000006957
-0.0699999999999992 0.0000000000006957
-0.0689999999999992 0.0000000000006957
-0.0679999999999992 0.0000000000006956
-0.0669999999999992 0.0000000000006957
-0.0659999999999992 0.0000000000006960
-0.0649999999999992 0.0000000000006964
-0.0639999999999992 0.0000000000006966
-0.0629999999999992 0.0000000000006965
-0.0619999999999992 0.0000000000006962
-0.0609999999999992 0.0000000000006959
-0.0599999999999992 0.0000000000006960
-0.0589999999999992 0.0000000000006968
-0.0579999999999992 0.0000000000006981
-0.0569999999999992 0.0000000000006997
-0.0559999999999992 0.0000000000007015
-0.0549999999999992 0.0000000000007031
-0.0539999999999992 0.0000000000007045
-0.0529999999999992 0.0000000000007057
-0.0519999999999992 0.0000000000007068
-0.0509999999999992 0.0000000000007077
-0.0499999999999992 0.0000000000007085
-0.0489999999999992 0.0000000000007093
-0.0479999999999992 0.0000000000007102
-0.0469999999999992 0.0000000000007111
-0.0459999999999992 0.0000000000007119
-0.0449999999999992 0.0000000000007125
-0.0439999999999992 0.0000000000007127
-0.0429999999999992 0.0000000000007126
-0.0419999999999991 0.0000000000007124
-0.0409999999999991 0.0000000000007122
-0.0399999999999991 0.0000000000007123
-0.0389999999999991 0.0000000000007125
-0.0379999999999991 0.0000000000007128
-0.0369999999999991 0.0000000000007128
-0.0359999999999991 0.0000000000007126
-0.0349999999999991 0.0000000000007120
-0.0339999999999991 0.0000000000007112
-0.0329999999999991 0.0000000000007103
-0.0319999999999991 0.0000000000007095
-0.0309999999999991 0.0000000000007087
-0.0299999999999991 0.0000000000007081
-0.0289999999999991 0.0000000000007077
-0.0279999999999991 0.0000000000007074
-0.0269999999999991 0.0000000000007072
-0.0259999999999991 0.0000000000007070
-0.0249999999999991 0.0000000000007067
-0.0239999999999991 0.0000000000007063
-0.0229999999999991 0.0000000000007058
-0.0219999999999991 0.0000000000007054
-0.0209999999999991 0.0000000000007054
-0.0199999999999991 0.0000000000007057
-0.0189999999999991 0.0000000000007063
-0.0179999999999991 0.0000000000007071
-0.0169999999999991 0.0000000000007077
-0.0159999999999991 0.0000000000007082
-0.0149999999999991 0.0000000000007085
-0.0139999999999991 0.0000000000007087
-0.0129999999999991 0.0000000000007090
-0.0119999999999991 0.0000000000007093
-0.0109999999999991 0.0000000000007099
-0.0099999999999991 0.0000000000007105
-0.0089999999999991 0.0000000000007112
-0.0079999999999991 0.0000000000007119
-0.0069999999999991 0.0000000000007125
-0.0059999999999991 0.0000000000007128
-0.0049999999999991 0.0000000000007129
-0.0039999999999991 0.0000000000007127
-0.0029999999999991 0.0000000000007123
-0.0019999999999991 0.0000000000007117
-0.0009999999999991 0.0000000000007112
0.0000000000000009 0.0000000000007109
0.0010000000000009 0.0000000000007109
0.0020000000000009 0.0000000000007110
0.0030000000000009 0.0000000000007111
0.0040000000000009 0.0000000000007111
0.0050000000000009 0.0000000000007111
0.0060000000000009 0.0000000000007112
0.0070000000000009 0.0000000000007117
0.0080000000000009 0.0000000000007124
0.0090000000000009 0.0000000000007134
0.0100000000000009 0.0000000000007144
0.0110000000000009 0.0000000000007152
0.0120000000000009 0.0000000000007157
0.0130000000000009 0.0000000000007158
0.0140000000000009 0.0000000000007158
0.0150000000000009 0.0000000000007158
0.0160000000000009 0.0000000000007159
0.0170000000000009 0.0000000000007161
0.0180000000000009 0.0000000000007164
0.0190000000000009 0.0000000000007167
0.0200000000000009 0.0000000000007171
0.0210000000000009 0.0000000000007177
0.0220000000000009 0.0000000000007183
0.0230000000000009 0.0000000000007189
0.0240000000000009 0.0000000000007193
0.0250000000000009 0.0000000000007197
0.0260000000000009 0.0000000000007201
0.0270000000000009 0.0000000000007208
0.0280000000000009 0.0000000000007217
0.0290000000000009 0.0000000000007230
0.0300000000000009 0.0000000000007244
0.0310000000000009 0.0000000000007256
0.0320000000000009 0.0000000000007267
0.0330000000000009 0.0000000000007275
0.0340000000000009 0.0000000000007283
0.0350000000000009 0.0000000000007291
0.0360000000000009 0.0000000000007303
0.0370000000000009 0.0000000000007317
0.0380000000000009 0.0000000000007332
0.0390000000000009 0.0000000000007347
0.0400000000000009 0.0000000000007360
0.0410000000000009 0.0000000000007370
0.0420000000000009 0.0000000000007378
0.0430000000000009 0.0000000000007384
0.0440000000000009 0.0000000000007390
0.0450000000000009 0.0000000000007397
0.0460000000000009 0.0000000000007408
0.0470000000000009 0.0000000000007423
0.0480000000000009 0.0000000000007441
0.0490000000000009 0.0000000000007460
0.0500000000000009 0.0000000000007477
0.0510000000000009 0.0000000000007491
0.0520000000000009 0.0000000000007502
0.0530000000000009 0.0000000000007510
0.0540000000000009 0.0000000000007518
0.0550000000000009 0.0000000000007526
0.0560000000000009 0.0000000000007536
0.0570000000000009 0.0000000000007546
0.0580000000000009 0.0000000000007557
0.0590000000000009 0.0000000000007567
0.0600000000000009 0.0000000000007577
0.0610000000000009 0.0000000000007586
0.0620000000000009 0.0000000000007593
0.0630000000000009 0.0000000000007599
0.0640000000000009 0.0000000000007604
0.0650000000000009 0.0000000000007609
0.0660000000000009 0.0000000000007617
0.0670000000000009 0.0000000000007628
0.0680000000000009 0.0000000000007642
0.0690000000000009 0.0000000000007658
0.0700000000000009 0.0000000000007670
0.0710000000000009 0.0000000000007676
0.0720000000000009 0.0000000000007676
0.0730000000000009 0.0000000000007672
0.0740000000000009 0.0000000000007668
0.0750000000000009 0.0000000000007670
0.0760000000000009 0.0000000000007679
0.0770000000000009 0.0000000000007693
0.0780000000000009 0.0000000000007708
0.0790000000000009 0.0000000000007719
0.0800000000000009 0.0000000000007726
0.0810000000000009 0.0000000000007729
0.0820000000000009 0.0000000000007731
0.0830000000000009 0.0000000000007737
0.0840000000000009 0.0000000000007748
0.0850000000000009 0.0000000000007765
0.0860000000000010 0.0000000000007784
0.0870000000000010 0.0000000000007800
0.0880000000000010 0.0000000000007809
0.0890000000000010 0.0000000000007810
0.0900000000000010 0.0000000000007803
0.0910000000000010 0.0000000000007791
0.0920000000000010 0.0000000000007777
0.0930000000000010 0.0000000000007765
0.0940000000000010 0.0000000000007757
0.0950000000000010 0.0000000000007755
0.0960000000000010 0.0000000000007755
0.0970000000000010 0.0000000000007757
0.0980000000000010 0.0000000000007756
0.0990000000000010 0.0000000000007753
0.1000000000000010 0.0000000000007744
0.1010000000000010 0.0000000000007732
0.1020000000000010 0.0000000000007716
0.1030000000000010 0.0000000000007697
0.1040000000000010 0.0000000000007675
0.1050000000000010 0.0000000000007653
0.1060000000000010 0.0000000000007633
0.1070000000000010 0.0000000000007617
0.1080000000000010 0.0000000000007604
0.1090000000000010 0.0000000000007593
0.1100000000000010 0.0000000000007582
0.1110000000000010 0.0000000000007570
0.1120000000000010 0.0000000000007556
0.1130000000000010 0.0000000000007545
0.1140000000000010 0.0000000000007539
0.1150000000000010 0.0000000000007540
0.1160000000000010 0.0000000000007544
0.1170000000000010 0.0000000000007547
0.1180000000000010 0.0000000000007544
0.1190000000000010 0.0000000000007535
0.1200000000000010 0.0000000000007522
0.1210000000000010 0.0000000000007511
0.1220000000000010 0.0000000000007506
0.1230000000000010 0.0000000000007508
0.1240000000000010 0.0000000000007515
0.1250000000000010 0.0000000000007521
0.1260000000000010 0.0000000000007526
0.1270000000000010 0.0000000000007527
0.1280000000000010 0.0000000000007525
0.1290000000000010 0.0000000000007520
0.1300000000000010 0.0000000000007510
0.1310000000000010 0.0000000000007499
0.1320000000000010 0.0000000000007492
0.1330000000000010 0.0000000000007494
0.1340000000000010 0.0000000000007510
0.1350000000000010 0.0000000000007535
0.1360000000000010 0.0000000000007557
0.1370000000000010 0.0000000000007563
0.1380000000000010 0.0000000000007549
0.1390000000000010 0.0000000000007522
0.1400000000000010 0.0000000000007503
0.1410000000000010 0.0000000000007509
0.1420000000000010 0.0000000000007543
0.1430000000000010 0.0000000000007593
0.1440000000000010 0.0000000000007634
0.1450000000000010 0.0000000000007644
0.1460000000000010 0.0000000000007619
0.1470000000000010 0.0000000000007575
0.1480000000000010 0.0000000000007539
0.1490000000000010 0.0000000000007532
0.1500000000000010 0.0000000000007558
0.1510000000000010 0.0000000000007599
0.1520000000000010 0.0000000000007632
0.1530000000000010 0.0000000000007637
0.1540000000000010 0.0000000000007614
0.1550000000000010 0.0000000000007578
0.1560000000000010 0.0000000000007549
0.1570000000000010 0.0000000000007540
0.1580000000000010 0.0000000000007551
0.1590000000000010 0.0000000000007573
0.1600000000000010 0.0000000000007591
0.1610000000000010 0.0000000000007598
0.1620000000000010 0.0000000000007595
0.1630000000000010 0.0000000000007584
0.1640000000000010 0.0000000000007574
0.1650000000000010 0.0000000000007567
0.1660000000000010 0.0000000000007565
0.1670000000000010 0.0000000000007569
0.1680000000000010 0.0000000000007577
0.1690000000000010 0.0000000000007587
0.1700000000000010 0.0000000000007595
0.1710000000000010 0.0000000000007598
0.1720000000000010 0.0000000000007593
0.1730000000000010 0.0000000000007584
0.1740000000000010 0.0000000000007575
0.1750000000000010 0.0000000000007572
0.1760000000000010 0.0000000000007576
0.1770000000000010 0.0000000000007587
0.1780000000000010 0.0000000000007601
0.1790000000000010 0.0000000000007613
0.1800000000000010 0.0000000000007622
0.1810000000000010 0.0000000000007628
0.1820000000000010 0.0000000000007635
0.1830000000000010 0.0000000000007642
0.1840000000000010 0.0000000000007651
0.1850000000000010 0.0000000000007657
0.1860000000000010 0.0000000000007660
0.1870000000000010 0.0000000000007661
0.1880000000000010 0.0000000000007659
0.1890000000000010 0.0000000000007655
0.1900000000000010 0.0000000000007647
0.1910000000000010 0.0000000000007635
0.1920000000000010 0.0000000000007619
0.1930000000000010 0.0000000000007605
0.1940000000000010 0.0000000000007594
0.1950000000000010 0.0000000000007590
0.1960000000000010 0.0000000000007593
0.1970000000000010 0.0000000000007598
0.1980000000000010 0.0000000000007600
0.1990000000000010 0.0000000000007596
0.2000000000000010 0.0000000000007588
0.2010000000000010 0.0000000000007576
0.2020000000000010 0.0000000000007567
0.2030000000000010 0.0000000000007564
0.2040000000000010 0.0000000000007566
0.2050000000000010 0.0000000000007573
0.2060000000000010 0.0000000000007581
0.2070000000000010 0.0000000000007586
0.2080000000000010 0.0000000000007588
0.2090000000000010 0.0000000000007587
0.2100000000000010 0.0000000000007583
0.2110000000000010 0.0000000000007576
0.2120000000000010 0.0000000000007566
0.2130000000000010 0.0000000000007552
0.2140000000000011 0.0000000000007534
0.2150000000000011 0.0000000000007515
0.2160000000000011 0.0000000000007497
0.2170000000000011 0.0000000000007480
0.2180000000000011 0.0000000000007464
0.2190000000000011 0.0000000000007445
0.2200000000000011 0.0000000000007424
0.2210000000000011 0.0000000000007400
0.2220000000000011 0.0000000000007376
0.2230000000000011 0.0000000000007354
0.2240000000000011 0.0000000000007336
0.2250000000000011 0.0000000000007320
0.2260000000000011 0.0000000000007305
0.2270000000000011 0.0000000000007289
0.2280000000000011 0.0000000000007272
0.2290000000000011 0.0000000000007254
0.2300000000000011 0.0000000000007237
0.2310000000000011 0.0000000000007222
0.2320000000000011 0.0000000000007206
0.2330000000000011 0.0000000000007188
0.2340000000000011 0.0000000000007168
0.2350000000000011 0.0000000000007147
0.2360000000000011 0.0000000000007128
0.2370000000000011 0.0000000000007110
0.2380000000000011 0.0000000000007092
0.2390000000000011 0.0000000000007072
0.2400000000000011 0.0000000000007047
0.2410000000000011 0.0000000000007018
0.2420000000000011 0.0000000000006988
0.2430000000000011 0.0000000000006961
0.2440000000000011 0.0000000000006939
0.2450000000000011 0.0000000000006918
0.2460000000000011 0.0000000000006895
0.2470000000000011 0.0000000000006868
0.2480000000000011 0.0000000000006834
0.2490000000000011 0.0000000000006798
0.2500000000000011 0.0000000000006761
0.2510000000000011 0.0000000000006725
0.2520000000000011 0.0000000000006692
0.2530000000000011 0.0000000000006662
0.2540000000000011 0.0000000000006633
0.2550000000000011 0.0000000000006606
0.2560000000000011 0.0000000000006579
0.2570000000000011 0.0000000000006549
0.2580000000000011 0.0000000000006516
0.2590000000000011 0.0000000000006482
0.2600000000000011 0.0000000000006449
0.2610000000000011 0.0000000000006419
0.2620000000000011 0.0000000000006394
0.2630000000000011 0.0000000000006373
0.2640000000000011 0.0000000000006350
0.2650000000000011 0.0000000000006324
0.2660000000000011 0.0000000000006294
0.2670000000000011 0.0000000000006262
0.2680000000000011 0.0000000000006228
0.2690000000000011 0.0000000000006196
0.2700000000000011 0.0000000000006165
0.2710000000000011 0.0000000000006133
0.2720000000000011 0.0000000000006100
0.2730000000000011 0.0000000000006066
0.2740000000000011 0.0000000000006030
0.2750000000000011 0.0000000000005994
0.2760000000000011 0.0000000000005956
0.2770000000000011 0.0000000000005915
0.2780000000000011 0.0000000000005874
0.2790000000000011 0.0000000000005833
0.2800000000000011 0.0000000000005797
0.2810000000000011 0.0000000000005764
0.2820000000000011 0.0000000000005733
0.2830000000000011 0.0000000000005702
0.2840000000000011 0.0000000000005668
0.2850000000000011 0.0000000000005629
0.2860000000000011 0.0000000000005589
0.2870000000000011 0.0000000000005549
0.2880000000000011 0.0000000000005509
0.2890000000000011 0.0000000000005469
0.2900000000000011 0.0000000000005427
0.2910000000000011 0.0000000000005383
0.2920000000000011 0.0000000000005338
0.2930000000000011 0.0000000000005291
0.2940000000000011 0.0000000000005245
0.2950000000000011 0.0000000000005200
0.2960000000000011 0.0000000000005155
0.2970000000000011 0.0000000000005111
0.2980000000000011 0.0000000000005069
0.2990000000000011 0.0000000000005027
0.3000000000000011 0.0000000000004985
0.3010000000000011 0.0000000000004940
0.3020000000000011 0.0000000000004894
0.3030000000000011 0.0000000000004847
0.3040000000000011 0.0000000000004800
0.3050000000000011 0.0000000000004753
0.3060000000000011 0.0000000000004707
0.3070000000000011 0.0000000000004659
0.3080000000000011 0.0000000000004610
0.3090000000000011 0.0000000000004560
0.3100000000000011 0.0000000000004509
0.3110000000000011 0.0000000000004458
0.3120000000000011 0.0000000000004408
0.3130000000000011 0.0000000000004359
0.3140000000000011 0.0000000000004310
0.3150000000000011 0.0000000000004261
0.3160000000000011 0.0000000000004212
0.3170000000000011 0.0000000000004161
0.3180000000000011 0.0000000000004110
0.3190000000000011 0.0000000000004059
0.3200000000000011 0.0000000000004008
0.3210000000000011 0.0000000000003957
0.3220000000000011 0.0000000000003908
0.3230000000000011 0.0000000000003860
0.3240000000000011 0.0000000000003814
0.3250000000000011 0.0000000000003768
0.3260000000000011 0.0000000000003723
0.3270000000000011 0.0000000000003679
0.3280000000000011 0.0000000000003635
0.3290000000000011 0.0000000000003593
0.3300000000000011 0.0000000000003553
0.3310000000000011 0.0000000000003517
0.3320000000000011 0.0000000000003483
0.3330000000000011 0.0000000000003451
0.3340000000000011 0.0000000000003419
0.3350000000000011 0.0000000000003387
0.3360000000000011 0.0000000000003350
0.3370000000000011 0.0000000000003311
0.3380000000000011 0.0000000000003271
0.3390000000000011 0.0000000000003232
0.3400000000000011 0.0000000000003197
0.3410000000000011 0.0000000000003166
0.3420000000000011 0.0000000000003135
0.3430000000000011 0.0000000000003103
0.3440000000000011 0.0000000000003066
0.3450000000000011 0.0000000000003028
0.3460000000000011 0.0000000000002987
0.3470000000000011 0.0000000000002948
0.3480000000000011 0.0000000000002912
0.3490000000000011 0.0000000000002875
0.3500000000000011 0.0000000000002840
0.3510000000000011 0.0000000000002803
0.3520000000000011 0.0000000000002764
0.3530000000000011 0.0000000000002727
0.3540000000000011 0.0000000000002689
0.3550000000000011 0.0000000000002652
0.3560000000000011 0.0000000000002616
0.3570000000000011 0.0000000000002581
0.3580000000000012 0.0000000000002546
0.3590000000000012 0.0000000000002507
0.3600000000000012 0.0000000000002469
0.3610000000000012 0.0000000000002428
0.3620000000000012 0.0000000000002389
0.3630000000000012 0.0000000000002351
0.3640000000000012 0.0000000000002315
0.3650000000000012 0.0000000000002277
0.3660000000000012 0.0000000000002239
0.3670000000000012 0.0000000000002200
0.3680000000000012 0.0000000000002163
0.3690000000000012 0.0000000000002131
0.3700000000000012 0.0000000000002102
0.3710000000000012 0.0000000000002076
0.3720000000000012 0.0000000000002049
0.3730000000000012 0.0000000000002019
0.3740000000000012 0.0000000000001989
0.3750000000000012 0.0000000000001960
0.3760000000000012 0.0000000000001932
0.3770000000000012 0.0000000000001904
0.3780000000000012 0.0000000000001875
0.3790000000000012 0.0000000000001845
0.3800000000000012 0.0000000000001814
0.3810000000000012 0.0000000000001781
0.3820000000000012 0.0000000000001749
0.3830000000000012 0.0000000000001714
0.3840000000000012 0.0000000000001677
0.3850000000000012 0.0000000000001640
0.3860000000000012 0.0000000000001603
0.3870000000000012 0.0000000000001571
0.3880000000000012 0.0000000000001542
0.3890000000000012 0.0000000000001514
0.3900000000000012 0.0000000000001484
0.3910000000000012 0.0000000000001451
0.3920000000000012 0.0000000000001414
0.3930000000000012 0.0000000000001379
0.3940000000000012 0.0000000000001344
0.3950000000000012 0.0000000000001309
0.3960000000000012 0.0000000000001272
0.3970000000000012 0.0000000000001233
0.3980000000000012 0.0000000000001191
0.3990000000000012 0.0000000000001148
0.4000000000000012 0.0000000000001104
0.4010000000000012 0.0000000000001056
0.4020000000000012 0.0000000000001007
0.4030000000000012 0.0000000000000955
0.4040000000000012 0.0000000000000906
0.4050000000000012 0.0000000000000859
0.4060000000000012 0.0000000000000816
0.4070000000000012 0.0000000000000773
0.4080000000000012 0.0000000000000727
0.4090000000000012 0.0000000000000678
0.4100000000000012 0.0000000000000626
0.4110000000000012 0.0000000000000575
0.4120000000000012 0.0000000000000526
0.4130000000000012 0.0000000000000478
0.4140000000000012 0.0000000000000429
0.4150000000000012 0.0000000000000375
0.4160000000000012 0.0000000000000319
0.4170000000000012 0.0000000000000260
0.4180000000000012 0.0000000000000200
0.4190000000000012 0.0000000000000139
0.4200000000000012 0.0000000000000079
0.4210000000000012 0.0000000000000017
0.4220000000000012 0.0000000000000043
0.4230000000000012 0.0000000000000098
0.4240000000000012 0.0000000000000151
0.4250000000000012 0.0000000000000202
0.4260000000000012 0.0000000000000254
0.4270000000000012 0.0000000000000308
0.4280000000000012 0.0000000000000364
0.4290000000000012 0.0000000000000417
0.4300000000000012 0.0000000000000468
0.4310000000000012 0.0000000000000516
0.4320000000000012 0.0000000000000565
0.4330000000000012 0.0000000000000616
0.4340000000000012 0.0000000000000671
0.4350000000000012 0.0000000000000728
0.4360000000000012 0.0000000000000787
0.4370000000000012 0.0000000000000842
0.4380000000000012 0.0000000000000893
0.4390000000000012 0.0000000000000935
0.4400000000000012 0.0000000000000974
0.4410000000000012 0.0000000000001010
0.4420000000000012 0.0000000000001050
0.4430000000000012 0.0000000000001091
0.4440000000000012 0.0000000000001134
0.4450000000000012 0.0000000000001178
0.4460000000000012 0.0000000000001222
0.4470000000000012 0.0000000000001266
0.4480000000000012 0.0000000000001311
0.4490000000000012 0.0000000000001358
0.4500000000000012 0.0000000000001406
0.4510000000000012 0.0000000000001456
0.4520000000000012 0.0000000000001511
0.4530000000000012 0.0000000000001570
0.4540000000000012 0.0000000000001631
0.4550000000000012 0.0000000000001692
0.4560000000000012 0.0000000000001745
0.4570000000000012 0.0000000000001791
0.4580000000000012 0.0000000000001832
0.4590000000000012 0.0000000000001870
0.4600000000000012 0.0000000000001910
0.4610000000000012 0.0000000000001951
0.4620000000000012 0.0000000000001993
0.4630000000000012 0.0000000000002035
0.4640000000000012 0.0000000000002077
0.4650000000000012 0.0000000000002116
0.4660000000000012 0.0000000000002154
0.4670000000000012 0.0000000000002191
0.4680000000000012 0.0000000000002229
0.4690000000000012 0.0000000000002269
0.4700000000000013 0.0000000000002315
0.4710000000000013 0.0000000000002364
0.4720000000000013 0.0000000000002412
0.4730000000000013 0.0000000000002452
0.4740000000000013 0.0000000000002482
0.4750000000000013 0.0000000000002504
0.4760000000000013 0.0000000000002522
0.4770000000000013 0.0000000000002540
0.4780000000000013 0.0000000000002562
0.4790000000000013 0.0000000000002590
0.4800000000000013 0.0000000000002622
0.4810000000000013 0.0000000000002663
0.4820000000000013 0.0000000000002706
0.4830000000000013 0.0000000000002747
0.4840000000000013 0.0000000000002786
0.4850000000000013 0.0000000000002828
0.4860000000000013 0.0000000000002885
0.4870000000000013 0.0000000000002965
0.4880000000000013 0.0000000000003069
0.4890000000000013 0.0000000000003181
0.4900000000000013 0.0000000000003278
0.4910000000000013 0.0000000000003343
0.4920000000000013 0.0000000000003375
0.4930000000000013 0.0000000000003385
0.4940000000000013 0.0000000000003393
0.4950000000000013 0.0000000000003412
0.4960000000000013 0.0000000000003439
0.4970000000000013 0.0000000000003467
0.4980000000000013 0.0000000000003497
0.4990000000000013 0.0000000000003537
0.5000000000000012 0.0000000000003601
0.5010000000000012 0.0000000000003690
0.5020000000000012 0.0000000000003789
0.5030000000000012 0.0000000000003870
0.5040000000000012 0.0000000000003909
0.5050000000000012 0.0000000000003901
0.5060000000000012 0.0000000000003871
0.5070000000000012 0.0000000000003852
0.5080000000000012 0.0000000000003874
0.5090000000000012 0.0000000000003942
0.5100000000000012 0.0000000000004041
0.5110000000000012 0.0000000000004146
0.5120000000000012 0.0000000000004236
0.5130000000000012 0.0000000000004307
0.5140000000000012 0.0000000000004363
0.5150000000000012 0.0000000000004410
0.5160000000000012 0.0000000000004459
0.5170000000000012 0.0000000000004508
0.5180000000000012 0.0000000000004555
0.5190000000000012 0.0000000000004595
0.5200000000000012 0.0000000000004624
0.5210000000000012 0.0000000000004637
0.5220000000000012 0.0000000000004640
0.5230000000000012 0.0000000000004638
0.5240000000000012 0.0000000000004641
0.5250000000000012 0.0000000000004656
0.5260000000000012 0.0000000000004685
0.5270000000000012 0.0000000000004718
0.5280000000000012 0.0000000000004753
0.5290000000000012 0.0000000000004783
0.5300000000000012 0.0000000000004808
0.5310000000000012 0.0000000000004835
0.5320000000000012 0.0000000000004862
0.5330000000000013 0.0000000000004891
0.5340000000000013 0.0000000000004922
0.5350000000000013 0.0000000000004954
0.5360000000000013 0.0000000000004987
0.5370000000000013 0.0000000000005015
0.5380000000000013 0.0000000000005037
0.5390000000000013 0.0000000000005052
0.5400000000000013 0.0000000000005069
0.5410000000000013 0.0000000000005095
0.5420000000000013 0.0000000000005133
0.5430000000000013 0.0000000000005177
0.5440000000000013 0.0000000000005222
0.5450000000000013 0.0000000000005264
0.5460000000000013 0.0000000000005304
0.5470000000000013 0.0000000000005345
0.5480000000000013 0.0000000000005385
0.5490000000000013 0.0000000000005423
0.5500000000000013 0.0000000000005460
0.5510000000000013 0.0000000000005494
0.5520000000000013 0.0000000000005529
0.5530000000000013 0.0000000000005564
0.5540000000000013 0.0000000000005602
0.5550000000000013 0.0000000000005637
0.5560000000000013 0.0000000000005670
0.5570000000000013 0.0000000000005705
0.5580000000000013 0.0000000000005747
0.5590000000000013 0.0000000000005794
0.5600000000000013 0.0000000000005844
0.5610000000000013 0.0000000000005893
0.5620000000000013 0.0000000000005941
0.5630000000000013 0.0000000000005987
0.5640000000000013 0.0000000000006037
0.5650000000000013 0.0000000000006093
0.5660000000000013 0.0000000000006150
0.5670000000000013 0.0000000000006206
0.5680000000000013 0.0000000000006262
0.5690000000000013 0.0000000000006314
0.5700000000000013 0.0000000000006365
0.5710000000000013 0.0000000000006414
0.5720000000000013 0.0000000000006461
0.5730000000000013 0.0000000000006508
0.5740000000000013 0.0000000000006558
0.5750000000000013 0.0000000000006610
0.5760000000000013 0.0000000000006662
0.5770000000000013 0.0000000000006718
0.5780000000000013 0.0000000000006771
0.5790000000000013 0.0000000000006825
0.5800000000000013 0.0000000000006877
0.5810000000000013 0.0000000000006928
0.5820000000000013 0.0000000000006979
0.5830000000000013 0.0000000000007029
0.5840000000000013 0.0000000000007080
0.5850000000000013 0.0000000000007128
0.5860000000000013 0.0000000000007173
0.5870000000000013 0.0000000000007210
0.5880000000000013 0.0000000000007240
0.5890000000000013 0.0000000000007269
0.5900000000000013 0.0000000000007303
0.5910000000000013 0.0000000000007341
0.5920000000000013 0.0000000000007382
0.5930000000000013 0.0000000000007421
0.5940000000000013 0.0000000000007455
0.5950000000000013 0.0000000000007485
0.5960000000000013 0.0000000000007516
0.5970000000000013 0.0000000000007552
0.5980000000000013 0.0000000000007593
0.5990000000000013 0.0000000000007641
0.6000000000000013 0.0000000000007689
0.6010000000000013 0.0000000000007737
0.6020000000000013 0.0000000000007780
0.6030000000000013 0.0000000000007817
0.6040000000000013 0.0000000000007853
0.6050000000000013 0.0000000000007893
0.6060000000000013 0.0000000000007939
0.6070000000000013 0.0000000000007989
0.6080000000000013 0.0000000000008040
0.6090000000000013 0.0000000000008087
0.6100000000000013 0.0000000000008131
0.6110000000000013 0.0000000000008175
0.6120000000000013 0.0000000000008222
0.6130000000000013 0.0000000000008277
0.6140000000000013 0.0000000000008332
0.6150000000000013 0.0000000000008389
0.6160000000000013 0.0000000000008441
0.6170000000000013 0.0000000000008488
0.6180000000000013 0.0000000000008532
0.6190000000000013 0.0000000000008570
0.6200000000000013 0.0000000000008609
0.6210000000000013 0.0000000000008650
0.6220000000000013 0.0000000000008694
0.6230000000000013 0.0000000000008737
0.6240000000000013 0.0000000000008773
0.6250000000000013 0.0000000000008799
0.6260000000000013 0.0000000000008827
0.6270000000000013 0.0000000000008868
0.6280000000000013 0.0000000000008928
0.6290000000000013 0.0000000000008999
0.6300000000000013 0.0000000000009071
0.6310000000000013 0.0000000000009126
0.6320000000000013 0.0000000000009172
0.6330000000000013 0.0000000000009212
0.6340000000000013 0.0000000000009254
0.6350000000000013 0.0000000000009297
0.6360000000000013 0.0000000000009340
0.6370000000000013 0.0000000000009380
0.6380000000000013 0.0000000000009424
0.6390000000000013 0.0000000000009479
0.6400000000000013 0.0000000000009541
0.6410000000000013 0.0000000000009606
0.6420000000000013 0.0000000000009654
0.6430000000000013 0.0000000000009689
0.6440000000000013 0.0000000000009713
0.6450000000000014 0.0000000000009741
0.6460000000000014 0.0000000000009779
0.6470000000000014 0.0000000000009820
0.6480000000000014 0.0000000000009864
0.6490000000000014 0.0000000000009907
0.6500000000000014 0.0000000000009950
0.6510000000000014 0.0000000000009996
0.6520000000000014 0.0000000000010042
0.6530000000000014 0.0000000000010084
0.6540000000000014 0.0000000000010129
0.6550000000000014 0.0000000000010175
0.6560000000000014 0.0000000000010223
0.6570000000000014 0.0000000000010267
0.6580000000000014 0.0000000000010305
0.6590000000000014 0.0000000000010336
0.6600000000000014 0.0000000000010374
0.6610000000000014 0.0000000000010416
0.6620000000000014 0.0000000000010462
0.6630000000000014 0.0000000000010506
0.6640000000000014 0.0000000000010543
0.6650000000000014 0.0000000000010580
0.6660000000000014 0.0000000000010625
0.6670000000000014 0.0000000000010668
0.6680000000000014 0.0000000000010709
0.6690000000000014 0.0000000000010747
0.6700000000000014 0.0000000000010784
0.6710000000000014 0.0000000000010829
0.6720000000000014 0.0000000000010879
0.6730000000000014 0.0000000000010921
0.6740000000000014 0.0000000000010957
0.6750000000000014 0.0000000000010983
0.6760000000000014 0.0000000000011016
0.6770000000000014 0.0000000000011058
0.6780000000000014 0.0000000000011108
0.6790000000000014 0.0000000000011157
0.6800000000000014 0.0000000000011205
0.6810000000000014 0.0000000000011249
0.6820000000000014 0.0000000000011292
0.6830000000000014 0.0000000000011342
0.6840000000000014 0.0000000000011395
0.6850000000000014 0.0000000000011449
0.6860000000000014 0.0000000000011494
0.6870000000000014 0.0000000000011532
0.6880000000000014 0.0000000000011565
0.6890000000000014 0.0000000000011597
0.6900000000000014 0.0000000000011634
0.6910000000000014 0.0000000000011672
0.6920000000000014 0.0000000000011706
0.6930000000000014 0.0000000000011739
0.6940000000000014 0.0000000000011772
0.6950000000000014 0.0000000000011802
0.6960000000000014 0.0000000000011836
0.6970000000000014 0.0000000000011869
0.6980000000000014 0.0000000000011907
0.6990000000000014 0.0000000000011944
0.7000000000000014 0.0000000000011976
0.7010000000000014 0.0000000000012002
0.7020000000000014 0.0000000000012026
0.7030000000000014 0.0000000000012051
0.7040000000000014 0.0000000000012080
0.7050000000000014 0.0000000000012104
0.7060000000000014 0.0000000000012116
0.7070000000000014 0.0000000000012117
0.7080000000000014 0.0000000000012120
0.7090000000000014 0.0000000000012134
0.7100000000000014 0.0000000000012160
0.7110000000000014 0.0000000000012196
0.7120000000000014 0.0000000000012231
0.7130000000000014 0.0000000000012268
0.7140000000000014 0.0000000000012299
0.7150000000000014 0.0000000000012327
0.7160000000000014 0.0000000000012351
0.7170000000000014 0.0000000000012378
0.7180000000000014 0.0000000000012407
0.7190000000000014 0.0000000000012434
0.7200000000000014 0.0000000000012458
0.7210000000000014 0.0000000000012480
0.7220000000000014 0.0000000000012503
0.7230000000000014 0.0000000000012530
0.7240000000000014 0.0000000000012559
0.7250000000000014 0.0000000000012590
0.7260000000000014 0.0000000000012617
0.7270000000000014 0.0000000000012648
0.7280000000000014 0.0000000000012678
0.7290000000000014 0.0000000000012709
0.7300000000000014 0.0000000000012736
0.7310000000000014 0.0000000000012765
0.7320000000000014 0.0000000000012799
0.7330000000000014 0.0000000000012830
0.7340000000000014 0.0000000000012862
0.7350000000000014 0.0000000000012894
0.7360000000000014 0.0000000000012925
0.7370000000000014 0.0000000000012961
0.7380000000000014 0.0000000000012993
0.7390000000000014 0.0000000000013020
0.7400000000000014 0.0000000000013047
0.7410000000000014 0.0000000000013074
0.7420000000000014 0.0000000000013100
0.7430000000000014 0.0000000000013117
0.7440000000000014 0.0000000000013133
0.7450000000000014 0.0000000000013157
0.7460000000000014 0.0000000000013192
0.7470000000000014 0.0000000000013225
0.7480000000000014 0.0000000000013246
0.7490000000000014 0.0000000000013258
0.7500000000000014 0.0000000000013275
0.7510000000000014 0.0000000000013300
0.7520000000000014 0.0000000000013333
0.7530000000000014 0.0000000000013358
0.7540000000000014 0.0000000000013376
0.7550000000000014 0.0000000000013389
0.7560000000000014 0.0000000000013407
0.7570000000000014 0.0000000000013431
0.7580000000000015 0.0000000000013456
0.7590000000000015 0.0000000000013478
0.7600000000000015 0.0000000000013497
0.7610000000000015 0.0000000000013516
0.7620000000000015 0.0000000000013539
0.7630000000000015 0.0000000000013569
0.7640000000000015 0.0000000000013601
0.7650000000000015 0.0000000000013629
0.7660000000000015 0.0000000000013650
0.7670000000000015 0.0000000000013671
0.7680000000000015 0.0000000000013686
0.7690000000000015 0.0000000000013698
0.7700000000000015 0.0000000000013703
0.7710000000000015 0.0000000000013709
0.7720000000000015 0.0000000000013717
0.7730000000000015 0.0000000000013723
0.7740000000000015 0.0000000000013733
0.7750000000000015 0.0000000000013741
0.7760000000000015 0.0000000000013747
0.7770000000000015 0.0000000000013755
0.7780000000000015 0.0000000000013767
0.7790000000000015 0.0000000000013779
0.7800000000000015 0.0000000000013789
0.7810000000000015 0.0000000000013801
0.7820000000000015 0.0000000000013818
0.7830000000000015 0.0000000000013841
0.7840000000000015 0.0000000000013867
0.7850000000000015 0.0000000000013890
0.7860000000000015 0.0000000000013913
0.7870000000000015 0.0000000000013940
0.7880000000000015 0.0000000000013965
0.7890000000000015 0.0000000000013990
0.7900000000000015 0.0000000000014011
0.7910000000000015 0.0000000000014038
0.7920000000000015 0.0000000000014067
0.7930000000000015 0.0000000000014094
0.7940000000000015 0.0000000000014120
0.7950000000000015 0.0000000000014154
0.7960000000000015 0.0000000000014194
0.7970000000000015 0.0000000000014234
0.7980000000000015 0.0000000000014267
0.7990000000000015 0.0000000000014297
0.8000000000000015 0.0000000000014330
0.8010000000000015 0.0000000000014363
0.8020000000000015 0.0000000000014398
0.8030000000000015 0.0000000000014437
0.8040000000000015 0.0000000000014477
0.8050000000000015 0.0000000000014515
0.8060000000000015 0.0000000000014555
0.8070000000000015 0.0000000000014594
0.8080000000000015 0.0000000000014636
0.8090000000000015 0.0000000000014683
0.8100000000000015 0.0000000000014727
0.8110000000000015 0.0000000000014773
0.8120000000000015 0.0000000000014818
0.8130000000000015 0.0000000000014869
0.8140000000000015 0.0000000000014929
0.8150000000000015 0.0000000000014988
0.8160000000000015 0.0000000000015044
0.8170000000000015 0.0000000000015100
0.8180000000000015 0.0000000000015172
0.8190000000000015 0.0000000000015250
0.8200000000000015 0.0000000000015328
0.8210000000000015 0.0000000000015395
0.8220000000000015 0.0000000000015465
0.8230000000000015 0.0000000000015541
0.8240000000000015 0.0000000000015615
0.8250000000000015 0.0000000000015682
0.8260000000000015 0.0000000000015744
0.8270000000000015 0.0000000000015801
0.8280000000000015 0.0000000000015855
0.8290000000000015 0.0000000000015909
0.8300000000000015 0.0000000000015967
0.8310000000000015 0.0000000000016022
0.8320000000000015 0.0000000000016074
0.8330000000000015 0.0000000000016119
0.8340000000000015 0.0000000000016168
0.8350000000000015 0.0000000000016224
0.8360000000000015 0.0000000000016279
0.8370000000000015 0.0000000000016334
0.8380000000000015 0.0000000000016386
0.8390000000000015 0.0000000000016444
0.8400000000000015 0.0000000000016508
0.8410000000000015 0.0000000000016577
0.8420000000000015 0.0000000000016643
0.8430000000000015 0.0000000000016711
0.8440000000000015 0.0000000000016779
0.8450000000000015 0.0000000000016849
0.8460000000000015 0.0000000000016922
0.8470000000000015 0.0000000000016992
0.8480000000000015 0.0000000000017065
0.8490000000000015 0.0000000000017137
0.8500000000000015 0.0000000000017207
0.8510000000000015 0.0000000000017275
0.8520000000000015 0.0000000000017347
0.8530000000000015 0.0000000000017422
0.8540000000000015 0.0000000000017486
0.8550000000000015 0.0000000000017545
0.8560000000000015 0.0000000000017607
0.8570000000000015 0.0000000000017667
0.8580000000000015 0.0000000000017726
0.8590000000000015 0.0000000000017781
0.8600000000000015 0.0000000000017846
0.8610000000000015 0.0000000000017918
0.8620000000000015 0.0000000000017999
0.8630000000000015 0.0000000000018087
0.8640000000000015 0.0000000000018162
0.8650000000000015 0.0000000000018234
0.8660000000000015 0.0000000000018324
0.8670000000000015 0.0000000000018425
0.8680000000000015 0.0000000000018514
0.8690000000000015 0.0000000000018598
0.8700000000000015 0.0000000000018706
0.8710000000000016 0.0000000000018823
0.8720000000000016 0.0000000000018927
0.8730000000000016 0.0000000000019030
0.8740000000000016 0.0000000000019140
0.8750000000000016 0.0000000000019246
0.8760000000000016 0.0000000000019346
0.8770000000000016 0.0000000000019449
0.8780000000000016 0.0000000000019554
0.8790000000000016 0.0000000000019662
0.8800000000000016 0.0000000000019779
0.8810000000000016 0.0000000000019903
0.8820000000000016 0.0000000000020024
0.8830000000000016 0.0000000000020139
0.8840000000000016 0.0000000000020250
0.8850000000000016 0.0000000000020367
0.8860000000000016 0.0000000000020484
0.8870000000000016 0.0000000000020590
0.8880000000000016 0.0000000000020687
0.8890000000000016 0.0000000000020794
0.8900000000000016 0.0000000000020913
0.8910000000000016 0.0000000000021023
0.8920000000000016 0.0000000000021128
0.8930000000000016 0.0000000000021240
0.8940000000000016 0.0000000000021348
0.8950000000000016 0.0000000000021454
0.8960000000000016 0.0000000000021559
0.8970000000000016 0.0000000000021662
0.8980000000000016 0.0000000000021768
0.8990000000000016 0.0000000000021889
0.9000000000000016 0.0000000000022005
0.9010000000000016 0.0000000000022109
0.9020000000000016 0.0000000000022228
0.9030000000000016 0.0000000000022364
0.9040000000000016 0.0000000000022509
0.9050000000000016 0.0000000000022645
0.9060000000000016 0.0000000000022795
0.9070000000000016 0.0000000000022959
0.9080000000000016 0.0000000000023106
0.9090000000000016 0.0000000000023251
0.9100000000000016 0.0000000000023420
0.9110000000000016 0.0000000000023587
0.9120000000000016 0.0000000000023745
0.9130000000000016 0.0000000000023911
0.9140000000000016 0.0000000000024080
0.9150000000000016 0.0000000000024253
0.9160000000000016 0.0000000000024407
0.9170000000000016 0.0000000000024551
0.9180000000000016 0.0000000000024709
0.9190000000000016 0.0000000000024838
0.9200000000000016 0.0000000000024964
0.9210000000000016 0.0000000000025108
0.9220000000000016 0.0000000000025236
0.9230000000000016 0.0000000000025380
0.9240000000000016 0.0000000000025536
0.9250000000000016 0.0000000000025681
0.9260000000000016 0.0000000000025819
0.9270000000000016 0.0000000000025949
0.9280000000000016 0.0000000000026087
0.9290000000000016 0.0000000000026237
0.9300000000000016 0.0000000000026400
0.9310000000000016 0.0000000000026558
0.9320000000000016 0.0000000000026705
0.9330000000000016 0.0000000000026852
0.9340000000000016 0.0000000000026984
0.9350000000000016 0.0000000000027105
0.9360000000000016 0.0000000000027226
0.9370000000000016 0.0000000000027356
0.9380000000000016 0.0000000000027490
0.9390000000000016 0.0000000000027617
0.9400000000000016 0.0000000000027764
0.9410000000000016 0.0000000000027902
0.9420000000000016 0.0000000000028010
0.9430000000000016 0.0000000000028172
0.9440000000000016 0.0000000000028343
0.9450000000000016 0.0000000000028478
0.9460000000000016 0.0000000000028637
0.9470000000000016 0.0000000000028766
0.9480000000000016 0.0000000000028875
0.9490000000000016 0.0000000000029023
0.9500000000000016 0.0000000000029188
0.9510000000000016 0.0000000000029284
0.9520000000000016 0.0000000000029399
0.9530000000000016 0.0000000000029474
0.9540000000000016 0.0000000000029510
0.9550000000000016 0.0000000000029767
0.9560000000000016 0.0000000000029962
0.9570000000000016 0.0000000000030018
0.9580000000000016 0.0000000000030058
0.9590000000000016 0.0000000000030266
0.9600000000000016 0.0000000000030466
0.9610000000000016 0.0000000000030490
0.9620000000000016 0.0000000000030611
0.9630000000000016 0.0000000000030717
0.9640000000000016 0.0000000000030824
0.9650000000000016 0.0000000000030951
0.9660000000000016 0.0000000000031001
0.9670000000000016 0.0000000000031083
0.9680000000000016 0.0000000000031153
0.9690000000000016 0.0000000000031223
0.9700000000000016 0.0000000000031332
0.9710000000000016 0.0000000000031407
0.9720000000000016 0.0000000000031527
0.9730000000000016 0.0000000000031631
0.9740000000000016 0.0000000000031783
0.9750000000000016 0.0000000000031917
0.9760000000000016 0.0000000000032071
0.9770000000000016 0.0000000000032204
0.9780000000000016 0.0000000000032320
0.9790000000000016 0.0000000000032434
0.9800000000000016 0.0000000000032639
0.9810000000000016 0.0000000000032864
0.9820000000000016 0.0000000000033115
0.9830000000000017 0.0000000000033288
0.9840000000000017 0.0000000000033459
0.9850000000000017 0.0000000000033660
0.9860000000000017 0.0000000000033927
0.9870000000000017 0.0000000000034228
0.9880000000000017 0.0000000000034567
0.9890000000000017 0.0000000000034931
0.9900000000000017 0.0000000000035254
0.9910000000000017 0.0000000000035619
0.9920000000000017 0.0000000000036045
0.9930000000000017 0.0000000000036523
0.9940000000000017 0.0000000000036967
0.9950000000000017 0.0000000000037397
0.9960000000000017 0.0000000000037915
0.9970000000000017 0.0000000000038455
0.9980000000000017 0.0000000000038978
0.9990000000000017 0.0000000000039408
