-1.0000000000000000 0.0000000000090650
-0.9990000000000000 0.0000000000009659
-0.9980000000000000 0.0000000000000769
-0.9970000000000000 0.0000000000002166
-0.9960000000000000 0.0000000000002784
-0.9950000000000000 0.0000000000000364
-0.9940000000000000 0.0000000000002424
-0.9930000000000000 0.0000000000003623
-0.9920000000000000 0.0000000000002750
-0.9910000000000000 0.0000000000000382
-0.9900000000000000 0.0000000000002495
-0.9890000000000000 0.0000000000004987
-0.9880000000000000 0.0000000000006527
-0.9870000000000000 0.0000000000006926
-0.9860000000000000 0.0000000000006311
-0.9850000000000000 0.0000000000004987
-0.9840000000000000 0.0000000000003335
-0.9830000000000000 0.0000000000001700
-0.9820000000000000 0.0000000000000343
-0.9810000000000000 0.0000000000000591
-0.9800000000000000 0.0000000000001056
-0.9790000000000000 0.0000000000001090
-0.9780000000000000 0.0000000000000799
-0.9770000000000000 0.0000000000000302
-0.9760000000000000 0.0000000000000278
-0.9750000000000000 0.0000000000000832
-0.9740000000000000 0.0000000000001286
-0.9730000000000000 0.0000000000001593
-0.9720000000000000 0.0000000000001739
-0.9710000000000000 0.0000000000001736
-0.9700000000000000 0.0000000000001611
-0.9690000000000000 0.0000000000001399
-0.9680000000000000 0.0000000000001148
-0.9670000000000000 0.0000000000000888
-0.9660000000000000 0.0000000000000653
-0.9650000000000000 0.0000000000000465
-0.9640000000000000 0.0000000000000335
-0.9630000000000000 0.0000000000000270
-0.9620000000000000 0.0000000000000262
-0.9610000000000000 0.0000000000000305
-0.9600000000000000 0.0000000000000391
-0.9590000000000000 0.0000000000000504
-0.9580000000000000 0.0000000000000634
-0.9570000000000000 0.0000000000000774
-0.9560000000000000 0.0000000000000916
-0.9550000000000000 0.0000000000001060
-0.9540000000000000 0.0000000000001200
-0.9530000000000000 0.0000000000001338
-0.9520000000000000 0.0000000000001472
-0.9510000000000000 0.0000000000001610
-0.9500000000000000 0.0000000000001750
-0.9490000000000000 0.0000000000001891
-0.9480000000000000 0.0000000000002031
-0.9470000000000000 0.0000000000002168
-0.9460000000000000 0.0000000000002301
-0.9450000000000000 0.0000000000002419
-0.9440000000000000 0.0000000000002519
-0.9429999999999999 0.0000000000002595
-0.9419999999999999 0.0000000000002635
-0.9409999999999999 0.0000000000002637
-0.9399999999999999 0.0000000000002595
-0.9389999999999999 0.0000000000002505
-0.9379999999999999 0.0000000000002367
-0.9369999999999999 0.0000000000002185
-0.9359999999999999 0.0000000000001955
-0.9349999999999999 0.0000000000001684
-0.9339999999999999 0.0000000000001386
-0.9329999999999999 0.0000000000001058
-0.9319999999999999 0.0000000000000718
-0.9309999999999999 0.0000000000000373
-0.9299999999999999 0.0000000000000034
-0.9289999999999999 0.0000000000000285
-0.9279999999999999 0.0000000000000578
-0.9269999999999999 0.0000000000000839
-0.9259999999999999 0.0000000000001054
-0.9249999999999999 0.0000000000001221
-0.9239999999999999 0.0000000000001334
-0.9229999999999999 0.0000000000001398
-0.9219999999999999 0.0000000000001402
-0.9209999999999999 0.0000000000001358
-0.9199999999999999 0.0000000000001263
-0.9189999999999999 0.0000000000001124
-0.9179999999999999 0.0000000000000948
-0.9169999999999999 0.0000000000000739
-0.9159999999999999 0.0000000000000508
-0.9149999999999999 0.0000000000000260
-0.9139999999999999 0.0000000000000003
-0.9129999999999999 0.0000000000000253
-0.9119999999999999 0.0000000000000500
-0.9109999999999999 0.0000000000000738
-0.9099999999999999 0.0000000000000957
-0.9089999999999999 0.0000000000001154
-0.9079999999999999 0.0000000000001321
-0.9069999999999999 0.0000000000001462
-0.9059999999999999 0.0000000000001573
-0.9049999999999999 0.0000000000001655
-0.9039999999999999 0.0000000000001709
-0.9029999999999999 0.0000000000001733
-0.9019999999999999 0.0000000000001733
-0.9009999999999999 0.0000000000001710
-0.8999999999999999 0.0000000000001668
-0.8989999999999999 0.0000000000001611
-0.8979999999999999 0.0000000000001540
-0.8969999999999999 0.0000000000001460
-0.8959999999999999 0.0000000000001377
-0.8949999999999999 0.0000000000001292
-0.8939999999999999 0.0000000000001207
-0.8929999999999999 0.0000000000001127
-0.8919999999999999 0.0000000000001052
-0.8909999999999999 0.0000000000000989
-0.8899999999999999 0.0000000000000933
-0.8889999999999999 0.0000000000000885
-0.8879999999999999 0.0000000000000850
-0.8869999999999999 0.0000000000000826
-0.8859999999999999 0.0000000000000814
-0.8849999999999999 0.0000000000000809
-0.8839999999999999 0.0000000000000818
-0.8829999999999999 0.0000000000000833
-0.8819999999999999 0.0000000000000857
-0.8809999999999999 0.0000000000000886
-0.8799999999999999 0.0000000000000920
-0.8789999999999999 0.0000000000000959
-0.8779999999999999 0.0000000000001000
-0.8769999999999999 0.0000000000001041
-0.8759999999999999 0.0000000000001084
-0.8749999999999999 0.0000000000001125
-0.8739999999999999 0.0000000000001165
-0.8729999999999999 0.0000000000001199
-0.8719999999999999 0.0000000000001231
-0.8709999999999999 0.0000000000001260
-0.8699999999999999 0.0000000000001285
-0.8689999999999999 0.0000000000001302
-0.8679999999999999 0.0000000000001316
-0.8669999999999999 0.0000000000001322
-0.8659999999999999 0.0000000000001326
-0.8649999999999999 0.0000000000001323
-0.8639999999999999 0.0000000000001315
-0.8629999999999999 0.0000000000001302
-0.8619999999999999 0.0000000000001283
-0.8609999999999999 0.0000000000001258
-0.8599999999999999 0.0000000000001232
-0.8589999999999999 0.0000000000001202
-0.8579999999999999 0.0000000000001165
-0.8569999999999999 0.0000000000001126
-0.8559999999999999 0.0000000000001084
-0.8549999999999999 0.0000000000001037
-0.8539999999999999 0.0000000000000989
-0.8529999999999999 0.0000000000000939
-0.8519999999999999 0.0000000000000886
-0.8509999999999999 0.0000000000000832
-0.8499999999999999 0.0000000000000778
-0.8489999999999999 0.0000000000000724
-0.8479999999999999 0.0000000000000668
-0.8469999999999999 0.0000000000000614
-0.8459999999999999 0.0000000000000561
-0.8449999999999999 0.0000000000000508
-0.8439999999999999 0.0000000000000457
-0.8429999999999999 0.0000000000000405
-0.8419999999999999 0.0000000000000356
-0.8409999999999999 0.0000000000000312
-0.8399999999999999 0.0000000000000268
-0.8389999999999999 0.0000000000000228
-0.8379999999999999 0.0000000000000191
-0.8369999999999999 0.0000000000000155
-0.8359999999999999 0.0000000000000125
-0.8349999999999999 0.0000000000000097
-0.8339999999999999 0.0000000000000074
-0.8329999999999999 0.0000000000000052
-0.8319999999999999 0.0000000000000036
-0.8309999999999998 0.0000000000000021
-0.8299999999999998 0.0000000000000011
-0.8289999999999998 0.0000000000000004
-0.8279999999999998 0.0000000000000001
-0.8269999999999998 0.0000000000000002
-0.8259999999999998 0.0000000000000003
-0.8249999999999998 0.0000000000000000
-0.8239999999999998 0.0000000000000003
-0.8229999999999998 0.0000000000000010
-0.8219999999999998 0.0000000000000017
-0.8209999999999998 0.0000000000000024
-0.8199999999999998 0.0000000000000033
-0.8189999999999998 0.0000000000000043
-0.8179999999999998 0.0000000000000052
-0.8169999999999998 0.0000000000000061
-0.8159999999999998 0.0000000000000071
-0.8149999999999998 0.0000000000000081
-0.8139999999999998 0.0000000000000091
-0.8129999999999998 0.0000000000000100
-0.8119999999999998 0.0000000000000107
-0.8109999999999998 0.0000000000000115
-0.8099999999999998 0.0000000000000121
-0.8089999999999998 0.0000000000000127
-0.8079999999999998 0.0000000000000130
-0.8069999999999998 0.0000000000000135
-0.8059999999999998 0.0000000000000137
-0.8049999999999998 0.0000000000000139
-0.8039999999999998 0.0000000000000142
-0.8029999999999998 0.0000000000000141
-0.8019999999999998 0.0000000000000143
-0.8009999999999998 0.0000000000000143
-0.7999999999999998 0.0000000000000140
-0.7989999999999998 0.0000000000000140
-0.7979999999999998 0.0000000000000140
-0.7969999999999998 0.0000000000000135
-0.7959999999999998 0.0000000000000133
-0.7949999999999998 0.0000000000000131
-0.7939999999999998 0.0000000000000128
-0.7929999999999998 0.0000000000000128
-0.7919999999999998 0.0000000000000125
-0.7909999999999998 0.0000000000000121
-0.7899999999999998 0.0000000000000119
-0.7889999999999998 0.0000000000000117
-0.7879999999999998 0.0000000000000113
-0.7869999999999998 0.0000000000000111
-0.7859999999999998 0.0000000000000110
-0.7849999999999998 0.0000000000000107
-0.7839999999999998 0.0000000000000102
-0.7829999999999998 0.0000000000000101
-0.7819999999999998 0.0000000000000098
-0.7809999999999998 0.0000000000000097
-0.7799999999999998 0.0000000000000093
-0.7789999999999998 0.0000000000000090
-0.7779999999999998 0.0000000000000087
-0.7769999999999998 0.0000000000000083
-0.7759999999999998 0.0000000000000080
-0.7749999999999998 0.0000000000000077
-0.7739999999999998 0.0000000000000072
-0.7729999999999998 0.0000000000000069
-0.7719999999999998 0.0000000000000063
-0.7709999999999998 0.0000000000000059
-0.7699999999999998 0.0000000000000054
-0.7689999999999998 0.0000000000000048
-0.7679999999999998 0.0000000000000043
-0.7669999999999998 0.0000000000000036
-0.7659999999999998 0.0000000000000030
-0.7649999999999998 0.0000000000000022
-0.7639999999999998 0.0000000000000013
-0.7629999999999998 0.0000000000000003
-0.7619999999999998 0.0000000000000007
-0.7609999999999998 0.0000000000000019
-0.7599999999999998 0.0000000000000031
-0.7589999999999998 0.0000000000000044
-0.7579999999999998 0.0000000000000060
-0.7569999999999998 0.0000000000000075
-0.7559999999999998 0.0000000000000092
-0.7549999999999998 0.0000000000000110
-0.7539999999999998 0.0000000000000131
-0.7529999999999998 0.0000000000000152
-0.7519999999999998 0.0000000000000175
-0.7509999999999998 0.0000000000000200
-0.7499999999999998 0.0000000000000226
-0.7489999999999998 0.0000000000000252
-0.7479999999999998 0.0000000000000282
-0.7469999999999998 0.0000000000000312
-0.7459999999999998 0.0000000000000343
-0.7449999999999998 0.0000000000000374
-0.7439999999999998 0.0000000000000411
-0.7429999999999998 0.0000000000000443
-0.7419999999999998 0.0000000000000479
-0.7409999999999998 0.0000000000000517
-0.7399999999999998 0.0000000000000553
-0.7389999999999998 0.0000000000000590
-0.7379999999999998 0.0000000000000626
-0.7369999999999998 0.0000000000000662
-0.7359999999999998 0.0000000000000698
-0.7349999999999998 0.0000000000000734
-0.7339999999999998 0.0000000000000768
-0.7329999999999998 0.0000000000000800
-0.7319999999999998 0.0000000000000833
-0.7309999999999998 0.0000000000000865
-0.7299999999999998 0.0000000000000893
-0.7289999999999998 0.0000000000000918
-0.7279999999999998 0.0000000000000944
-0.7269999999999998 0.0000000000000966
-0.7259999999999998 0.0000000000000985
-0.7249999999999998 0.0000000000001000
-0.7239999999999998 0.0000000000001014
-0.7229999999999998 0.0000000000001026
-0.7219999999999998 0.0000000000001034
-0.7209999999999998 0.0000000000001039
-0.7199999999999998 0.0000000000001040
-0.7189999999999998 0.0000000000001039
-0.7179999999999997 0.0000000000001036
-0.7169999999999997 0.0000000000001029
-0.7159999999999997 0.0000000000001020
-0.7149999999999997 0.0000000000001009
-0.7139999999999997 0.0000000000000994
-0.7129999999999997 0.0000000000000979
-0.7119999999999997 0.0000000000000960
-0.7109999999999997 0.0000000000000941
-0.7099999999999997 0.0000000000000920
-0.7089999999999997 0.0000000000000897
-0.7079999999999997 0.0000000000000875
-0.7069999999999997 0.0000000000000849
-0.7059999999999997 0.0000000000000826
-0.7049999999999997 0.0000000000000802
-0.7039999999999997 0.0000000000000778
-0.7029999999999997 0.0000000000000753
-0.7019999999999997 0.0000000000000728
-0.7009999999999997 0.0000000000000708
-0.6999999999999997 0.0000000000000686
-0.6989999999999997 0.0000000000000665
-0.6979999999999997 0.0000000000000647
-0.6969999999999997 0.0000000000000629
-0.6959999999999997 0.0000000000000615
-0.6949999999999997 0.0000000000000602
-0.6939999999999997 0.0000000000000587
-0.6929999999999997 0.0000000000000577
-0.6919999999999997 0.0000000000000568
-0.6909999999999997 0.0000000000000563
-0.6899999999999997 0.0000000000000557
-0.6889999999999997 0.0000000000000553
-0.6879999999999997 0.0000000000000552
-0.6869999999999997 0.0000000000000551
-0.6859999999999997 0.0000000000000552
-0.6849999999999997 0.0000000000000554
-0.6839999999999997 0.0000000000000556
-0.6829999999999997 0.0000000000000561
-0.6819999999999997 0.0000000000000564
-0.6809999999999997 0.0000000000000570
-0.6799999999999997 0.0000000000000573
-0.6789999999999997 0.0000000000000577
-0.6779999999999997 0.0000000000000582
-0.6769999999999997 0.0000000000000585
-0.6759999999999997 0.0000000000000587
-0.6749999999999997 0.0000000000000587
-0.6739999999999997 0.0000000000000586
-0.6729999999999997 0.0000000000000587
-0.6719999999999997 0.0000000000000584
-0.6709999999999997 0.0000000000000580
-0.6699999999999997 0.0000000000000574
-0.6689999999999997 0.0000000000000566
-0.6679999999999997 0.0000000000000556
-0.6669999999999997 0.0000000000000546
-0.6659999999999997 0.0000000000000534
-0.6649999999999997 0.0000000000000518
-0.6639999999999997 0.0000000000000502
-0.6629999999999997 0.0000000000000484
-0.6619999999999997 0.0000000000000465
-0.6609999999999997 0.0000000000000444
-0.6599999999999997 0.0000000000000421
-0.6589999999999997 0.0000000000000397
-0.6579999999999997 0.0000000000000373
-0.6569999999999997 0.0000000000000349
-0.6559999999999997 0.0000000000000322
-0.6549999999999997 0.0000000000000295
-0.6539999999999997 0.0000000000000270
-0.6529999999999997 0.0000000000000243
-0.6519999999999997 0.0000000000000219
-0.6509999999999997 0.0000000000000194
-0.6499999999999997 0.0000000000000169
-0.6489999999999997 0.0000000000000147
-0.6479999999999997 0.0000000000000124
-0.6469999999999997 0.0000000000000103
-0.6459999999999997 0.0000000000000083
-0.6449999999999997 0.0000000000000067
-0.6439999999999997 0.0000000000000052
-0.6429999999999997 0.0000000000000038
-0.6419999999999997 0.0000000000000026
-0.6409999999999997 0.0000000000000017
-0.6399999999999997 0.0000000000000011
-0.6389999999999997 0.0000000000000008
-0.6379999999999997 0.0000000000000004
-0.6369999999999997 0.0000000000000004
-0.6359999999999997 0.0000000000000008
-0.6349999999999997 0.0000000000000013
-0.6339999999999997 0.0000000000000022
-0.6329999999999997 0.0000000000000031
-0.6319999999999997 0.0000000000000043
-0.6309999999999997 0.0000000000000056
-0.6299999999999997 0.0000000000000072
-0.6289999999999997 0.0000000000000089
-0.6279999999999997 0.0000000000000108
-0.6269999999999997 0.0000000000000128
-0.6259999999999997 0.0000000000000150
-0.6249999999999997 0.0000000000000172
-0.6239999999999997 0.0000000000000193
-0.6229999999999997 0.0000000000000218
-0.6219999999999997 0.0000000000000241
-0.6209999999999997 0.0000000000000264
-0.6199999999999997 0.0000000000000288
-0.6189999999999997 0.0000000000000311
-0.6179999999999997 0.0000000000000331
-0.6169999999999997 0.0000000000000354
-0.6159999999999997 0.0000000000000373
-0.6149999999999997 0.0000000000000391
-0.6139999999999997 0.0000000000000410
-0.6129999999999997 0.0000000000000424
-0.6119999999999997 0.0000000000000440
-0.6109999999999997 0.0000000000000452
-0.6099999999999997 0.0000000000000462
-0.6089999999999997 0.0000000000000471
-0.6079999999999997 0.0000000000000476
-0.6069999999999997 0.0000000000000480
-0.6059999999999997 0.0000000000000482
-0.6049999999999996 0.0000000000000481
-0.6039999999999996 0.0000000000000480
-0.6029999999999996 0.0000000000000474
-0.6019999999999996 0.0000000000000466
-0.6009999999999996 0.0000000000000459
-0.5999999999999996 0.0000000000000446
-0.5989999999999996 0.0000000000000434
-0.5979999999999996 0.0000000000000419
-0.5969999999999996 0.0000000000000403
-0.5959999999999996 0.0000000000000385
-0.5949999999999996 0.0000000000000367
-0.5939999999999996 0.0000000000000347
-0.5929999999999996 0.0000000000000329
-0.5919999999999996 0.0000000000000305
-0.5909999999999996 0.0000000000000284
-0.5899999999999996 0.0000000000000261
-0.5889999999999996 0.0000000000000239
-0.5879999999999996 0.0000000000000216
-0.5869999999999996 0.0000000000000197
-0.5859999999999996 0.0000000000000175
-0.5849999999999996 0.0000000000000154
-0.5839999999999996 0.0000000000000135
-0.5829999999999996 0.0000000000000118
-0.5819999999999996 0.0000000000000102
-0.5809999999999996 0.0000000000000085
-0.5799999999999996 0.0000000000000072
-0.5789999999999996 0.0000000000000061
-0.5779999999999996 0.0000000000000053
-0.5769999999999996 0.0000000000000044
-0.5759999999999996 0.0000000000000040
-0.5749999999999996 0.0000000000000036
-0.5739999999999996 0.0000000000000036
-0.5729999999999996 0.0000000000000038
-0.5719999999999996 0.0000000000000042
-0.5709999999999996 0.0000000000000049
-0.5699999999999996 0.0000000000000058
-0.5689999999999996 0.0000000000000069
-0.5679999999999996 0.0000000000000085
-0.5669999999999996 0.0000000000000099
-0.5659999999999996 0.0000000000000119
-0.5649999999999996 0.0000000000000137
-0.5639999999999996 0.0000000000000159
-0.5629999999999996 0.0000000000000183
-0.5619999999999996 0.0000000000000209
-0.5609999999999996 0.0000000000000234
-0.5599999999999996 0.0000000000000263
-0.5589999999999996 0.0000000000000291
-0.5579999999999996 0.0000000000000319
-0.5569999999999996 0.0000000000000350
-0.5559999999999996 0.0000000000000381
-0.5549999999999996 0.0000000000000409
-0.5539999999999996 0.0000000000000439
-0.5529999999999996 0.0000000000000469
-0.5519999999999996 0.0000000000000496
-0.5509999999999996 0.0000000000000523
-0.5499999999999996 0.0000000000000550
-0.5489999999999996 0.0000000000000575
-0.5479999999999996 0.0000000000000598
-0.5469999999999996 0.0000000000000618
-0.5459999999999996 0.0000000000000637
-0.5449999999999996 0.0000000000000655
-0.5439999999999996 0.0000000000000669
-0.5429999999999996 0.0000000000000679
-0.5419999999999996 0.0000000000000689
-0.5409999999999996 0.0000000000000695
-0.5399999999999996 0.0000000000000699
-0.5389999999999996 0.0000000000000699
-0.5379999999999996 0.0000000000000698
-0.5369999999999996 0.0000000000000693
-0.5359999999999996 0.0000000000000684
-0.5349999999999996 0.0000000000000673
-0.5339999999999996 0.0000000000000658
-0.5329999999999996 0.0000000000000641
-0.5319999999999996 0.0000000000000623
-0.5309999999999996 0.0000000000000601
-0.5299999999999996 0.0000000000000576
-0.5289999999999996 0.0000000000000550
-0.5279999999999996 0.0000000000000521
-0.5269999999999996 0.0000000000000488
-0.5259999999999996 0.0000000000000457
-0.5249999999999996 0.0000000000000424
-0.5239999999999996 0.0000000000000390
-0.5229999999999996 0.0000000000000354
-0.5219999999999996 0.0000000000000316
-0.5209999999999996 0.0000000000000280
-0.5199999999999996 0.0000000000000242
-0.5189999999999996 0.0000000000000204
-0.5179999999999996 0.0000000000000168
-0.5169999999999996 0.0000000000000131
-0.5159999999999996 0.0000000000000098
-0.5149999999999996 0.0000000000000062
-0.5139999999999996 0.0000000000000029
-0.5129999999999996 0.0000000000000002
-0.5119999999999996 0.0000000000000032
-0.5109999999999996 0.0000000000000059
-0.5099999999999996 0.0000000000000085
-0.5089999999999996 0.0000000000000108
-0.5079999999999996 0.0000000000000129
-0.5069999999999996 0.0000000000000149
-0.5059999999999996 0.0000000000000167
-0.5049999999999996 0.0000000000000180
-0.5039999999999996 0.0000000000000191
-0.5029999999999996 0.0000000000000201
-0.5019999999999996 0.0000000000000208
-0.5009999999999996 0.0000000000000211
-0.4999999999999996 0.0000000000000212
-0.4989999999999996 0.0000000000000211
-0.4979999999999996 0.0000000000000208
-0.4969999999999996 0.0000000000000202
-0.4959999999999996 0.0000000000000197
-0.4949999999999996 0.0000000000000188
-0.4939999999999996 0.0000000000000178
-0.4929999999999995 0.0000000000000165
-0.4919999999999995 0.0000000000000153
-0.4909999999999995 0.0000000000000140
-0.4899999999999995 0.0000000000000125
-0.4889999999999995 0.0000000000000111
-0.4879999999999995 0.0000000000000095
-0.4869999999999995 0.0000000000000081
-0.4859999999999995 0.0000000000000067
-0.4849999999999995 0.0000000000000052
-0.4839999999999995 0.0000000000000039
-0.4829999999999995 0.0000000000000028
-0.4819999999999995 0.0000000000000017
-0.4809999999999995 0.0000000000000007
-0.4799999999999995 0.0000000000000001
-0.4789999999999995 0.0000000000000008
-0.4779999999999995 0.0000000000000012
-0.4769999999999995 0.0000000000000014
-0.4759999999999995 0.0000000000000014
-0.4749999999999995 0.0000000000000016
-0.4739999999999995 0.0000000000000012
-0.4729999999999995 0.0000000000000006
-0.4719999999999995 0.0000000000000002
-0.4709999999999995 0.0000000000000014
-0.4699999999999995 0.0000000000000026
-0.4689999999999995 0.0000000000000040
-0.4679999999999995 0.0000000000000056
-0.4669999999999995 0.0000000000000074
-0.4659999999999995 0.0000000000000094
-0.4649999999999995 0.0000000000000115
-0.4639999999999995 0.0000000000000139
-0.4629999999999995 0.0000000000000162
-0.4619999999999995 0.0000000000000187
-0.4609999999999995 0.0000000000000213
-0.4599999999999995 0.0000000000000236
-0.4589999999999995 0.0000000000000263
-0.4579999999999995 0.0000000000000290
-0.4569999999999995 0.0000000000000315
-0.4559999999999995 0.0000000000000340
-0.4549999999999995 0.0000000000000365
-0.4539999999999995 0.0000000000000387
-0.4529999999999995 0.0000000000000411
-0.4519999999999995 0.0000000000000431
-0.4509999999999995 0.0000000000000449
-0.4499999999999995 0.0000000000000466
-0.4489999999999995 0.0000000000000481
-0.4479999999999995 0.0000000000000495
-0.4469999999999995 0.0000000000000503
-0.4459999999999995 0.0000000000000511
-0.4449999999999995 0.0000000000000515
-0.4439999999999995 0.0000000000000517
-0.4429999999999995 0.0000000000000516
-0.4419999999999995 0.0000000000000514
-0.4409999999999995 0.0000000000000510
-0.4399999999999995 0.0000000000000498
-0.4389999999999995 0.0000000000000487
-0.4379999999999995 0.0000000000000473
-0.4369999999999995 0.0000000000000456
-0.4359999999999995 0.0000000000000437
-0.4349999999999995 0.0000000000000417
-0.4339999999999995 0.0000000000000392
-0.4329999999999995 0.0000000000000367
-0.4319999999999995 0.0000000000000341
-0.4309999999999995 0.0000000000000312
-0.4299999999999995 0.0000000000000282
-0.4289999999999995 0.0000000000000253
-0.4279999999999995 0.0000000000000222
-0.4269999999999995 0.0000000000000191
-0.4259999999999995 0.0000000000000162
-0.4249999999999995 0.0000000000000131
-0.4239999999999995 0.0000000000000100
-0.4229999999999995 0.0000000000000071
-0.4219999999999995 0.0000000000000044
-0.4209999999999995 0.0000000000000019
-0.4199999999999995 0.0000000000000007
-0.4189999999999995 0.0000000000000029
-0.4179999999999995 0.0000000000000049
-0.4169999999999995 0.0000000000000066
-0.4159999999999995 0.0000000000000082
-0.4149999999999995 0.0000000000000093
-0.4139999999999995 0.0000000000000102
-0.4129999999999995 0.0000000000000110
-0.4119999999999995 0.0000000000000112
-0.4109999999999995 0.0000000000000112
-0.4099999999999995 0.0000000000000109
-0.4089999999999995 0.0000000000000101
-0.4079999999999995 0.0000000000000090
-0.4069999999999995 0.0000000000000078
-0.4059999999999995 0.0000000000000061
-0.4049999999999995 0.0000000000000042
-0.4039999999999995 0.0000000000000019
-0.4029999999999995 0.0000000000000004
-0.4019999999999995 0.0000000000000032
-0.4009999999999995 0.0000000000000061
-0.3999999999999995 0.0000000000000093
-0.3989999999999995 0.0000000000000125
-0.3979999999999995 0.0000000000000161
-0.3969999999999995 0.0000000000000195
-0.3959999999999995 0.0000000000000233
-0.3949999999999995 0.0000000000000270
-0.3939999999999995 0.0000000000000306
-0.3929999999999995 0.0000000000000343
-0.3919999999999995 0.0000000000000380
-0.3909999999999995 0.0000000000000415
-0.3899999999999995 0.0000000000000449
-0.3889999999999995 0.0000000000000482
-0.3879999999999995 0.0000000000000513
-0.3869999999999995 0.0000000000000541
-0.3859999999999995 0.0000000000000566
-0.3849999999999995 0.0000000000000591
-0.3839999999999995 0.0000000000000611
-0.3829999999999995 0.0000000000000627
-0.3819999999999995 0.0000000000000641
-0.3809999999999995 0.0000000000000651
-0.3799999999999994 0.0000000000000657
-0.3789999999999994 0.0000000000000661
-0.3779999999999994 0.0000000000000658
-0.3769999999999994 0.0000000000000653
-0.3759999999999994 0.0000000000000643
-0.3749999999999994 0.0000000000000629
-0.3739999999999994 0.0000000000000611
-0.3729999999999994 0.0000000000000591
-0.3719999999999994 0.0000000000000564
-0.3709999999999994 0.0000000000000534
-0.3699999999999994 0.0000000000000503
-0.3689999999999994 0.0000000000000467
-0.3679999999999994 0.0000000000000427
-0.3669999999999994 0.0000000000000386
-0.3659999999999994 0.0000000000000343
-0.3649999999999994 0.0000000000000296
-0.3639999999999994 0.0000000000000248
-0.3629999999999994 0.0000000000000197
-0.3619999999999994 0.0000000000000147
-0.3609999999999994 0.0000000000000094
-0.3599999999999994 0.0000000000000042
-0.3589999999999994 0.0000000000000010
-0.3579999999999994 0.0000000000000063
-0.3569999999999994 0.0000000000000113
-0.3559999999999994 0.0000000000000164
-0.3549999999999994 0.0000000000000214
-0.3539999999999994 0.0000000000000262
-0.3529999999999994 0.0000000000000306
-0.3519999999999994 0.0000000000000350
-0.3509999999999994 0.0000000000000389
-0.3499999999999994 0.0000000000000427
-0.3489999999999994 0.0000000000000461
-0.3479999999999994 0.0000000000000492
-0.3469999999999994 0.0000000000000518
-0.3459999999999994 0.0000000000000540
-0.3449999999999994 0.0000000000000561
-0.3439999999999994 0.0000000000000575
-0.3429999999999994 0.0000000000000585
-0.3419999999999994 0.0000000000000591
-0.3409999999999994 0.0000000000000592
-0.3399999999999994 0.0000000000000590
-0.3389999999999994 0.0000000000000582
-0.3379999999999994 0.0000000000000572
-0.3369999999999994 0.0000000000000555
-0.3359999999999994 0.0000000000000536
-0.3349999999999994 0.0000000000000512
-0.3339999999999994 0.0000000000000483
-0.3329999999999994 0.0000000000000453
-0.3319999999999994 0.0000000000000419
-0.3309999999999994 0.0000000000000381
-0.3299999999999994 0.0000000000000342
-0.3289999999999994 0.0000000000000299
-0.3279999999999994 0.0000000000000252
-0.3269999999999994 0.0000000000000209
-0.3259999999999994 0.0000000000000159
-0.3249999999999994 0.0000000000000110
-0.3239999999999994 0.0000000000000060
-0.3229999999999994 0.0000000000000009
-0.3219999999999994 0.0000000000000042
-0.3209999999999994 0.0000000000000093
-0.3199999999999994 0.0000000000000143
-0.3189999999999994 0.0000000000000193
-0.3179999999999994 0.0000000000000242
-0.3169999999999994 0.0000000000000290
-0.3159999999999994 0.0000000000000335
-0.3149999999999994 0.0000000000000377
-0.3139999999999994 0.0000000000000419
-0.3129999999999994 0.0000000000000460
-0.3119999999999994 0.0000000000000495
-0.3109999999999994 0.0000000000000530
-0.3099999999999994 0.0000000000000560
-0.3089999999999994 0.0000000000000587
-0.3079999999999994 0.0000000000000613
-0.3069999999999994 0.0000000000000634
-0.3059999999999994 0.0000000000000652
-0.3049999999999994 0.0000000000000667
-0.3039999999999994 0.0000000000000679
-0.3029999999999994 0.0000000000000688
-0.3019999999999994 0.0000000000000692
-0.3009999999999994 0.0000000000000695
-0.2999999999999994 0.0000000000000694
-0.2989999999999994 0.0000000000000691
-0.2979999999999994 0.0000000000000685
-0.2969999999999994 0.0000000000000675
-0.2959999999999994 0.0000000000000664
-0.2949999999999994 0.0000000000000649
-0.2939999999999994 0.0000000000000635
-0.2929999999999994 0.0000000000000615
-0.2919999999999994 0.0000000000000596
-0.2909999999999994 0.0000000000000576
-0.2899999999999994 0.0000000000000554
-0.2889999999999994 0.0000000000000532
-0.2879999999999994 0.0000000000000508
-0.2869999999999994 0.0000000000000484
-0.2859999999999994 0.0000000000000461
-0.2849999999999994 0.0000000000000437
-0.2839999999999994 0.0000000000000412
-0.2829999999999994 0.0000000000000389
-0.2819999999999994 0.0000000000000366
-0.2809999999999994 0.0000000000000345
-0.2799999999999994 0.0000000000000322
-0.2789999999999994 0.0000000000000303
-0.2779999999999994 0.0000000000000284
-0.2769999999999994 0.0000000000000265
-0.2759999999999994 0.0000000000000250
-0.2749999999999994 0.0000000000000235
-0.2739999999999994 0.0000000000000222
-0.2729999999999994 0.0000000000000210
-0.2719999999999994 0.0000000000000201
-0.2709999999999994 0.0000000000000195
-0.2699999999999994 0.0000000000000187
-0.2689999999999994 0.0000000000000184
-0.2679999999999993 0.0000000000000180
-0.2669999999999993 0.0000000000000180
-0.2659999999999993 0.0000000000000180
-0.2649999999999993 0.0000000000000181
-0.2639999999999993 0.0000000000000183
-0.2629999999999993 0.0000000000000188
-0.2619999999999993 0.0000000000000192
-0.2609999999999993 0.0000000000000199
-0.2599999999999993 0.0000000000000205
-0.2589999999999993 0.0000000000000213
-0.2579999999999993 0.0000000000000221
-0.2569999999999993 0.0000000000000228
-0.2559999999999993 0.0000000000000238
-0.2549999999999993 0.0000000000000245
-0.2539999999999993 0.0000000000000253
-0.2529999999999993 0.0000000000000263
-0.2519999999999993 0.0000000000000270
-0.2509999999999993 0.0000000000000278
-0.2499999999999993 0.0000000000000285
-0.2489999999999993 0.0000000000000290
-0.2479999999999993 0.0000000000000294
-0.2469999999999993 0.0000000000000300
-0.2459999999999993 0.0000000000000303
-0.2449999999999993 0.0000000000000305
-0.2439999999999993 0.0000000000000306
-0.2429999999999993 0.0000000000000308
-0.2419999999999993 0.0000000000000304
-0.2409999999999993 0.0000000000000304
-0.2399999999999993 0.0000000000000299
-0.2389999999999993 0.0000000000000296
-0.2379999999999993 0.0000000000000291
-0.2369999999999993 0.0000000000000282
-0.2359999999999993 0.0000000000000275
-0.2349999999999993 0.0000000000000266
-0.2339999999999993 0.0000000000000255
-0.2329999999999993 0.0000000000000245
-0.2319999999999993 0.0000000000000234
-0.2309999999999993 0.0000000000000224
-0.2299999999999993 0.0000000000000210
-0.2289999999999993 0.0000000000000198
-0.2279999999999993 0.0000000000000185
-0.2269999999999993 0.0000000000000172
-0.2259999999999993 0.0000000000000159
-0.2249999999999993 0.0000000000000147
-0.2239999999999993 0.0000000000000134
-0.2229999999999993 0.0000000000000122
-0.2219999999999993 0.0000000000000111
-0.2209999999999993 0.0000000000000100
-0.2199999999999993 0.0000000000000090
-0.2189999999999993 0.0000000000000081
-0.2179999999999993 0.0000000000000074
-0.2169999999999993 0.0000000000000067
-0.2159999999999993 0.0000000000000060
-0.2149999999999993 0.0000000000000057
-0.2139999999999993 0.0000000000000054
-0.2129999999999993 0.0000000000000051
-0.2119999999999993 0.0000000000000051
-0.2109999999999993 0.0000000000000053
-0.2099999999999993 0.0000000000000056
-0.2089999999999993 0.0000000000000059
-0.2079999999999993 0.0000000000000067
-0.2069999999999993 0.0000000000000073
-0.2059999999999993 0.0000000000000081
-0.2049999999999993 0.0000000000000089
-0.2039999999999993 0.0000000000000101
-0.2029999999999993 0.0000000000000113
-0.2019999999999993 0.0000000000000127
-0.2009999999999993 0.0000000000000140
-0.1999999999999993 0.0000000000000155
-0.1989999999999993 0.0000000000000171
-0.1979999999999993 0.0000000000000188
-0.1969999999999993 0.0000000000000207
-0.1959999999999993 0.0000000000000223
-0.1949999999999993 0.0000000000000240
-0.1939999999999993 0.0000000000000260
-0.1929999999999993 0.0000000000000276
-0.1919999999999993 0.0000000000000295
-0.1909999999999993 0.0000000000000312
-0.1899999999999993 0.0000000000000330
-0.1889999999999993 0.0000000000000345
-0.1879999999999993 0.0000000000000363
-0.1869999999999993 0.0000000000000377
-0.1859999999999993 0.0000000000000391
-0.1849999999999993 0.0000000000000405
-0.1839999999999993 0.0000000000000417
-0.1829999999999993 0.0000000000000427
-0.1819999999999993 0.0000000000000437
-0.1809999999999993 0.0000000000000446
-0.1799999999999993 0.0000000000000455
-0.1789999999999993 0.0000000000000459
-0.1779999999999993 0.0000000000000463
-0.1769999999999993 0.0000000000000467
-0.1759999999999993 0.0000000000000466
-0.1749999999999993 0.0000000000000467
-0.1739999999999993 0.0000000000000466
-0.1729999999999993 0.0000000000000463
-0.1719999999999993 0.0000000000000457
-0.1709999999999993 0.0000000000000451
-0.1699999999999993 0.0000000000000445
-0.1689999999999993 0.0000000000000437
-0.1679999999999993 0.0000000000000426
-0.1669999999999993 0.0000000000000415
-0.1659999999999993 0.0000000000000403
-0.1649999999999993 0.0000000000000392
-0.1639999999999993 0.0000000000000380
-0.1629999999999993 0.0000000000000366
-0.1619999999999993 0.0000000000000352
-0.1609999999999993 0.0000000000000338
-0.1599999999999993 0.0000000000000324
-0.1589999999999993 0.0000000000000311
-0.1579999999999993 0.0000000000000296
-0.1569999999999993 0.0000000000000283
-0.1559999999999993 0.0000000000000269
-0.1549999999999992 0.0000000000000256
-0.1539999999999992 0.0000000000000244
-0.1529999999999992 0.0000000000000233
-0.1519999999999992 0.0000000000000222
-0.1509999999999992 0.0000000000000212
-0.1499999999999992 0.0000000000000203
-0.1489999999999992 0.0000000000000198
-0.1479999999999992 0.0000000000000191
-0.1469999999999992 0.0000000000000187
-0.1459999999999992 0.0000000000000183
-0.1449999999999992 0.0000000000000182
-0.1439999999999992 0.0000000000000181
-0.1429999999999992 0.0000000000000184
-0.1419999999999992 0.0000000000000185
-0.1409999999999992 0.0000000000000191
-0.1399999999999992 0.0000000000000197
-0.1389999999999992 0.0000000000000204
-0.1379999999999992 0.0000000000000213
-0.1369999999999992 0.0000000000000223
-0.1359999999999992 0.0000000000000236
-0.1349999999999992 0.0000000000000249
-0.1339999999999992 0.0000000000000264
-0.1329999999999992 0.0000000000000281
-0.1319999999999992 0.0000000000000296
-0.1309999999999992 0.0000000000000314
-0.1299999999999992 0.0000000000000333
-0.1289999999999992 0.0000000000000353
-0.1279999999999992 0.0000000000000373
-0.1269999999999992 0.0000000000000394
-0.1259999999999992 0.0000000000000415
-0.1249999999999992 0.0000000000000437
-0.1239999999999992 0.0000000000000459
-0.1229999999999992 0.0000000000000481
-0.1219999999999992 0.0000000000000503
-0.1209999999999992 0.0000000000000525
-0.1199999999999992 0.0000000000000546
-0.1189999999999992 0.0000000000000566
-0.1179999999999992 0.0000000000000586
-0.1169999999999992 0.0000000000000604
-0.1159999999999992 0.0000000000000624
-0.1149999999999992 0.0000000000000642
-0.1139999999999992 0.0000000000000657
-0.1129999999999992 0.0000000000000674
-0.1119999999999992 0.0000000000000689
-0.1109999999999992 0.0000000000000702
-0.1099999999999992 0.0000000000000713
-0.1089999999999992 0.0000000000000723
-0.1079999999999992 0.0000000000000733
-0.1069999999999992 0.0000000000000739
-0.1059999999999992 0.0000000000000746
-0.1049999999999992 0.0000000000000748
-0.1039999999999992 0.0000000000000753
-0.1029999999999992 0.0000000000000754
-0.1019999999999992 0.0000000000000753
-0.1009999999999992 0.0000000000000752
-0.0999999999999992 0.0000000000000748
-0.0989999999999992 0.0000000000000742
-0.0979999999999992 0.0000000000000736
-0.0969999999999992 0.0000000000000729
-0.0959999999999992 0.0000000000000721
-0.0949999999999992 0.0000000000000709
-0.0939999999999992 0.0000000000000698
-0.0929999999999992 0.0000000000000685
-0.0919999999999992 0.0000000000000672
-0.0909999999999992 0.0000000000000656
-0.0899999999999992 0.0000000000000641
-0.0889999999999992 0.0000000000000625
-0.0879999999999992 0.0000000000000606
-0.0869999999999992 0.0000000000000588
-0.0859999999999992 0.0000000000000570
-0.0849999999999992 0.0000000000000551
-0.0839999999999992 0.0000000000000532
-0.0829999999999992 0.0000000000000511
-0.0819999999999992 0.0000000000000492
-0.0809999999999992 0.0000000000000470
-0.0799999999999992 0.0000000000000450
-0.0789999999999992 0.0000000000000429
-0.0779999999999992 0.0000000000000410
-0.0769999999999992 0.0000000000000389
-0.0759999999999992 0.0000000000000370
-0.0749999999999992 0.0000000000000349
-0.0739999999999992 0.0000000000000329
-0.0729999999999992 0.0000000000000311
-0.0719999999999992 0.0000000000000292
-0.0709999999999992 0.0000000000000274
-0.0699999999999992 0.0000000000000256
-0.0689999999999992 0.0000000000000240
-0.0679999999999992 0.0000000000000224
-0.0669999999999992 0.0000000000000209
-0.0659999999999992 0.0000000000000194
-0.0649999999999992 0.0000000000000180
-0.0639999999999992 0.0000000000000165
-0.0629999999999992 0.0000000000000155
-0.0619999999999992 0.0000000000000142
-0.0609999999999992 0.0000000000000131
-0.0599999999999992 0.0000000000000121
-0.0589999999999992 0.0000000000000110
-0.0579999999999992 0.0000000000000103
-0.0569999999999992 0.0000000000000095
-0.0559999999999992 0.0000000000000089
-0.0549999999999992 0.0000000000000082
-0.0539999999999992 0.0000000000000077
-0.0529999999999992 0.0000000000000072
-0.0519999999999992 0.0000000000000067
-0.0509999999999992 0.0000000000000066
-0.0499999999999992 0.0000000000000062
-0.0489999999999992 0.0000000000000061
-0.0479999999999992 0.0000000000000059
-0.0469999999999992 0.0000000000000059
-0.0459999999999992 0.0000000000000059
-0.0449999999999992 0.0000000000000060
-0.0439999999999992 0.0000000000000062
-0.0429999999999992 0.0000000000000064
-0.0419999999999991 0.0000000000000067
-0.0409999999999991 0.0000000000000070
-0.0399999999999991 0.0000000000000074
-0.0389999999999991 0.0000000000000078
-0.0379999999999991 0.0000000000000084
-0.0369999999999991 0.0000000000000088
-0.0359999999999991 0.0000000000000093
-0.0349999999999991 0.0000000000000100
-0.0339999999999991 0.0000000000000105
-0.0329999999999991 0.0000000000000112
-0.0319999999999991 0.0000000000000120
-0.0309999999999991 0.0000000000000127
-0.0299999999999991 0.0000000000000133
-0.0289999999999991 0.0000000000000143
-0.0279999999999991 0.0000000000000151
-0.0269999999999991 0.0000000000000158
-0.0259999999999991 0.0000000000000167
-0.0249999999999991 0.0000000000000174
-0.0239999999999991 0.0000000000000183
-0.0229999999999991 0.0000000000000191
-0.0219999999999991 0.0000000000000200
-0.0209999999999991 0.0000000000000208
-0.0199999999999991 0.0000000000000214
-0.0189999999999991 0.0000000000000224
-0.0179999999999991 0.0000000000000231
-0.0169999999999991 0.0000000000000238
-0.0159999999999991 0.0000000000000245
-0.0149999999999991 0.0000000000000252
-0.0139999999999991 0.0000000000000259
-0.0129999999999991 0.0000000000000265
-0.0119999999999991 0.0000000000000271
-0.0109999999999991 0.0000000000000273
-0.0099999999999991 0.0000000000000279
-0.0089999999999991 0.0000000000000282
-0.0079999999999991 0.0000000000000284
-0.0069999999999991 0.0000000000000288
-0.0059999999999991 0.0000000000000288
-0.0049999999999991 0.0000000000000289
-0.0039999999999991 0.0000000000000289
-0.0029999999999991 0.0000000000000289
-0.0019999999999991 0.0000000000000286
-0.0009999999999991 0.0000000000000283
0.0000000000000009 0.0000000000000281
0.0010000000000009 0.0000000000000276
0.0020000000000009 0.0000000000000272
0.0030000000000009 0.0000000000000266
0.0040000000000009 0.0000000000000260
0.0050000000000009 0.0000000000000253
0.0060000000000009 0.0000000000000245
0.0070000000000009 0.0000000000000238
0.0080000000000009 0.0000000000000229
0.0090000000000009 0.0000000000000216
0.0100000000000009 0.0000000000000207
0.0110000000000009 0.0000000000000197
0.0120000000000009 0.0000000000000183
0.0130000000000009 0.0000000000000173
0.0140000000000009 0.0000000000000161
0.0150000000000009 0.0000000000000148
0.0160000000000009 0.0000000000000134
0.0170000000000009 0.0000000000000123
0.0180000000000009 0.0000000000000110
0.0190000000000009 0.0000000000000098
0.0200000000000009 0.0000000000000085
0.0210000000000009 0.0000000000000073
0.0220000000000009 0.0000000000000060
0.0230000000000009 0.0000000000000049
0.0240000000000009 0.0000000000000038
0.0250000000000009 0.0000000000000028
0.0260000000000009 0.0000000000000017
0.0270000000000009 0.0000000000000010
0.0280000000000009 0.0000000000000001
0.0290000000000009 0.0000000000000006
0.0300000000000009 0.0000000000000012
0.0310000000000009 0.0000000000000018
0.0320000000000009 0.0000000000000022
0.0330000000000009 0.0000000000000023
0.0340000000000009 0.0000000000000024
0.0350000000000009 0.0000000000000026
0.0360000000000009 0.0000000000000026
0.0370000000000009 0.0000000000000022
0.0380000000000009 0.0000000000000017
0.0390000000000009 0.0000000000000012
0.0400000000000009 0.0000000000000006
0.0410000000000009 0.0000000000000003
0.0420000000000009 0.0000000000000013
0.0430000000000009 0.0000000000000023
0.0440000000000009 0.0000000000000037
0.0450000000000009 0.0000000000000050
0.0460000000000009 0.0000000000000067
0.0470000000000009 0.0000000000000081
0.0480000000000009 0.0000000000000099
0.0490000000000009 0.0000000000000117
0.0500000000000009 0.0000000000000137
0.0510000000000009 0.0000000000000158
0.0520000000000009 0.0000000000000179
0.0530000000000009 0.0000000000000201
0.0540000000000009 0.0000000000000224
0.0550000000000009 0.0000000000000249
0.0560000000000009 0.0000000000000272
0.0570000000000009 0.0000000000000294
0.0580000000000009 0.0000000000000320
0.0590000000000009 0.0000000000000343
0.0600000000000009 0.0000000000000367
0.0610000000000009 0.0000000000000393
0.0620000000000009 0.0000000000000416
0.0630000000000009 0.0000000000000440
0.0640000000000009 0.0000000000000462
0.0650000000000009 0.0000000000000484
0.0660000000000009 0.0000000000000506
0.0670000000000009 0.0000000000000527
0.0680000000000009 0.0000000000000546
0.0690000000000009 0.0000000000000565
0.0700000000000009 0.0000000000000581
0.0710000000000009 0.0000000000000598
0.0720000000000009 0.0000000000000614
0.0730000000000009 0.0000000000000627
0.0740000000000009 0.0000000000000639
0.0750000000000009 0.0000000000000651
0.0760000000000009 0.0000000000000661
0.0770000000000009 0.0000000000000668
0.0780000000000009 0.0000000000000676
0.0790000000000009 0.0000000000000681
0.0800000000000009 0.0000000000000684
0.0810000000000009 0.0000000000000685
0.0820000000000009 0.0000000000000685
0.0830000000000009 0.0000000000000685
0.0840000000000009 0.0000000000000684
0.0850000000000009 0.0000000000000679
0.0860000000000010 0.0000000000000675
0.0870000000000010 0.0000000000000668
0.0880000000000010 0.0000000000000661
0.0890000000000010 0.0000000000000653
0.0900000000000010 0.0000000000000645
0.0910000000000010 0.0000000000000635
0.0920000000000010 0.0000000000000625
0.0930000000000010 0.0000000000000614
0.0940000000000010 0.0000000000000602
0.0950000000000010 0.0000000000000591
0.0960000000000010 0.0000000000000577
0.0970000000000010 0.0000000000000565
0.0980000000000010 0.0000000000000553
0.0990000000000010 0.0000000000000541
0.1000000000000010 0.0000000000000530
0.1010000000000010 0.0000000000000516
0.1020000000000010 0.0000000000000505
0.1030000000000010 0.0000000000000494
0.1040000000000010 0.0000000000000483
0.1050000000000010 0.0000000000000474
0.1060000000000010 0.0000000000000465
0.1070000000000010 0.0000000000000456
0.1080000000000010 0.0000000000000450
0.1090000000000010 0.0000000000000444
0.1100000000000010 0.0000000000000439
0.1110000000000010 0.0000000000000435
0.1120000000000010 0.0000000000000433
0.1130000000000010 0.0000000000000430
0.1140000000000010 0.0000000000000429
0.1150000000000010 0.0000000000000430
0.1160000000000010 0.0000000000000432
0.1170000000000010 0.0000000000000435
0.1180000000000010 0.0000000000000440
0.1190000000000010 0.0000000000000443
0.1200000000000010 0.0000000000000449
0.1210000000000010 0.0000000000000456
0.1220000000000010 0.0000000000000464
0.1230000000000010 0.0000000000000472
0.1240000000000010 0.0000000000000480
0.1250000000000010 0.0000000000000488
0.1260000000000010 0.0000000000000501
0.1270000000000010 0.0000000000000511
0.1280000000000010 0.0000000000000522
0.1290000000000010 0.0000000000000533
0.1300000000000010 0.0000000000000544
0.1310000000000010 0.0000000000000556
0.1320000000000010 0.0000000000000566
0.1330000000000010 0.0000000000000577
0.1340000000000010 0.0000000000000588
0.1350000000000010 0.0000000000000597
0.1360000000000010 0.0000000000000606
0.1370000000000010 0.0000000000000616
0.1380000000000010 0.0000000000000624
0.1390000000000010 0.0000000000000632
0.1400000000000010 0.0000000000000637
0.1410000000000010 0.0000000000000644
0.1420000000000010 0.0000000000000646
0.1430000000000010 0.0000000000000649
0.1440000000000010 0.0000000000000652
0.1450000000000010 0.0000000000000652
0.1460000000000010 0.0000000000000649
0.1470000000000010 0.0000000000000647
0.1480000000000010 0.0000000000000644
0.1490000000000010 0.0000000000000641
0.1500000000000010 0.0000000000000633
0.1510000000000010 0.0000000000000624
0.1520000000000010 0.0000000000000615
0.1530000000000010 0.0000000000000603
0.1540000000000010 0.0000000000000593
0.1550000000000010 0.0000000000000578
0.1560000000000010 0.0000000000000564
0.1570000000000010 0.0000000000000548
0.1580000000000010 0.0000000000000531
0.1590000000000010 0.0000000000000515
0.1600000000000010 0.0000000000000496
0.1610000000000010 0.0000000000000476
0.1620000000000010 0.0000000000000455
0.1630000000000010 0.0000000000000434
0.1640000000000010 0.0000000000000414
0.1650000000000010 0.0000000000000392
0.1660000000000010 0.0000000000000370
0.1670000000000010 0.0000000000000346
0.1680000000000010 0.0000000000000326
0.1690000000000010 0.0000000000000304
0.1700000000000010 0.0000000000000280
0.1710000000000010 0.0000000000000260
0.1720000000000010 0.0000000000000239
0.1730000000000010 0.0000000000000218
0.1740000000000010 0.0000000000000199
0.1750000000000010 0.0000000000000179
0.1760000000000010 0.0000000000000160
0.1770000000000010 0.0000000000000142
0.1780000000000010 0.0000000000000125
0.1790000000000010 0.0000000000000111
0.1800000000000010 0.0000000000000097
0.1810000000000010 0.0000000000000083
0.1820000000000010 0.0000000000000070
0.1830000000000010 0.0000000000000060
0.1840000000000010 0.0000000000000051
0.1850000000000010 0.0000000000000043
0.1860000000000010 0.0000000000000036
0.1870000000000010 0.0000000000000031
0.1880000000000010 0.0000000000000029
0.1890000000000010 0.0000000000000026
0.1900000000000010 0.0000000000000023
0.1910000000000010 0.0000000000000026
0.1920000000000010 0.0000000000000026
0.1930000000000010 0.0000000000000029
0.1940000000000010 0.0000000000000033
0.1950000000000010 0.0000000000000038
0.1960000000000010 0.0000000000000044
0.1970000000000010 0.0000000000000051
0.1980000000000010 0.0000000000000059
0.1990000000000010 0.0000000000000069
0.2000000000000010 0.0000000000000078
0.2010000000000010 0.0000000000000087
0.2020000000000010 0.0000000000000099
0.2030000000000010 0.0000000000000111
0.2040000000000010 0.0000000000000123
0.2050000000000010 0.0000000000000134
0.2060000000000010 0.0000000000000147
0.2070000000000010 0.0000000000000160
0.2080000000000010 0.0000000000000172
0.2090000000000010 0.0000000000000184
0.2100000000000010 0.0000000000000197
0.2110000000000010 0.0000000000000209
0.2120000000000010 0.0000000000000220
0.2130000000000010 0.0000000000000232
0.2140000000000011 0.0000000000000243
0.2150000000000011 0.0000000000000253
0.2160000000000011 0.0000000000000264
0.2170000000000011 0.0000000000000272
0.2180000000000011 0.0000000000000281
0.2190000000000011 0.0000000000000291
0.2200000000000011 0.0000000000000298
0.2210000000000011 0.0000000000000304
0.2220000000000011 0.0000000000000311
0.2230000000000011 0.0000000000000316
0.2240000000000011 0.0000000000000321
0.2250000000000011 0.0000000000000325
0.2260000000000011 0.0000000000000328
0.2270000000000011 0.0000000000000330
0.2280000000000011 0.0000000000000333
0.2290000000000011 0.0000000000000333
0.2300000000000011 0.0000000000000334
0.2310000000000011 0.0000000000000333
0.2320000000000011 0.0000000000000334
0.2330000000000011 0.0000000000000333
0.2340000000000011 0.0000000000000333
0.2350000000000011 0.0000000000000332
0.2360000000000011 0.0000000000000329
0.2370000000000011 0.0000000000000326
0.2380000000000011 0.0000000000000324
0.2390000000000011 0.0000000000000322
0.2400000000000011 0.0000000000000320
0.2410000000000011 0.0000000000000319
0.2420000000000011 0.0000000000000315
0.2430000000000011 0.0000000000000312
0.2440000000000011 0.0000000000000311
0.2450000000000011 0.0000000000000310
0.2460000000000011 0.0000000000000306
0.2470000000000011 0.0000000000000303
0.2480000000000011 0.0000000000000303
0.2490000000000011 0.0000000000000302
0.2500000000000011 0.0000000000000301
0.2510000000000011 0.0000000000000301
0.2520000000000011 0.0000000000000301
0.2530000000000011 0.0000000000000301
0.2540000000000011 0.0000000000000303
0.2550000000000011 0.0000000000000303
0.2560000000000011 0.0000000000000304
0.2570000000000011 0.0000000000000305
0.2580000000000011 0.0000000000000309
0.2590000000000011 0.0000000000000311
0.2600000000000011 0.0000000000000314
0.2610000000000011 0.0000000000000318
0.2620000000000011 0.0000000000000321
0.2630000000000011 0.0000000000000324
0.2640000000000011 0.0000000000000328
0.2650000000000011 0.0000000000000332
0.2660000000000011 0.0000000000000336
0.2670000000000011 0.0000000000000340
0.2680000000000011 0.0000000000000345
0.2690000000000011 0.0000000000000347
0.2700000000000011 0.0000000000000352
0.2710000000000011 0.0000000000000356
0.2720000000000011 0.0000000000000360
0.2730000000000011 0.0000000000000363
0.2740000000000011 0.0000000000000366
0.2750000000000011 0.0000000000000369
0.2760000000000011 0.0000000000000372
0.2770000000000011 0.0000000000000374
0.2780000000000011 0.0000000000000376
0.2790000000000011 0.0000000000000379
0.2800000000000011 0.0000000000000379
0.2810000000000011 0.0000000000000380
0.2820000000000011 0.0000000000000381
0.2830000000000011 0.0000000000000380
0.2840000000000011 0.0000000000000377
0.2850000000000011 0.0000000000000376
0.2860000000000011 0.0000000000000376
0.2870000000000011 0.0000000000000374
0.2880000000000011 0.0000000000000371
0.2890000000000011 0.0000000000000369
0.2900000000000011 0.0000000000000365
0.2910000000000011 0.0000000000000362
0.2920000000000011 0.0000000000000359
0.2930000000000011 0.0000000000000354
0.2940000000000011 0.0000000000000349
0.2950000000000011 0.0000000000000343
0.2960000000000011 0.0000000000000340
0.2970000000000011 0.0000000000000334
0.2980000000000011 0.0000000000000331
0.2990000000000011 0.0000000000000325
0.3000000000000011 0.0000000000000320
0.3010000000000011 0.0000000000000315
0.3020000000000011 0.0000000000000312
0.3030000000000011 0.0000000000000308
0.3040000000000011 0.0000000000000304
0.3050000000000011 0.0000000000000301
0.3060000000000011 0.0000000000000296
0.3070000000000011 0.0000000000000293
0.3080000000000011 0.0000000000000291
0.3090000000000011 0.0000000000000290
0.3100000000000011 0.0000000000000289
0.3110000000000011 0.0000000000000288
0.3120000000000011 0.0000000000000289
0.3130000000000011 0.0000000000000289
0.3140000000000011 0.0000000000000291
0.3150000000000011 0.0000000000000292
0.3160000000000011 0.0000000000000294
0.3170000000000011 0.0000000000000299
0.3180000000000011 0.0000000000000304
0.3190000000000011 0.0000000000000306
0.3200000000000011 0.0000000000000313
0.3210000000000011 0.0000000000000319
0.3220000000000011 0.0000000000000325
0.3230000000000011 0.0000000000000331
0.3240000000000011 0.0000000000000339
0.3250000000000011 0.0000000000000347
0.3260000000000011 0.0000000000000354
0.3270000000000011 0.0000000000000363
0.3280000000000011 0.0000000000000372
0.3290000000000011 0.0000000000000380
0.3300000000000011 0.0000000000000391
0.3310000000000011 0.0000000000000399
0.3320000000000011 0.0000000000000406
0.3330000000000011 0.0000000000000416
0.3340000000000011 0.0000000000000425
0.3350000000000011 0.0000000000000433
0.3360000000000011 0.0000000000000441
0.3370000000000011 0.0000000000000447
0.3380000000000011 0.0000000000000455
0.3390000000000011 0.0000000000000461
0.3400000000000011 0.0000000000000467
0.3410000000000011 0.0000000000000471
0.3420000000000011 0.0000000000000474
0.3430000000000011 0.0000000000000479
0.3440000000000011 0.0000000000000481
0.3450000000000011 0.0000000000000481
0.3460000000000011 0.0000000000000480
0.3470000000000011 0.0000000000000480
0.3480000000000011 0.0000000000000477
0.3490000000000011 0.0000000000000473
0.3500000000000011 0.0000000000000470
0.3510000000000011 0.0000000000000464
0.3520000000000011 0.0000000000000457
0.3530000000000011 0.0000000000000449
0.3540000000000011 0.0000000000000439
0.3550000000000011 0.0000000000000427
0.3560000000000011 0.0000000000000416
0.3570000000000011 0.0000000000000403
0.3580000000000012 0.0000000000000390
0.3590000000000012 0.0000000000000376
0.3600000000000012 0.0000000000000360
0.3610000000000012 0.0000000000000343
0.3620000000000012 0.0000000000000325
0.3630000000000012 0.0000000000000306
0.3640000000000012 0.0000000000000288
0.3650000000000012 0.0000000000000269
0.3660000000000012 0.0000000000000249
0.3670000000000012 0.0000000000000230
0.3680000000000012 0.0000000000000209
0.3690000000000012 0.0000000000000189
0.3700000000000012 0.0000000000000168
0.3710000000000012 0.0000000000000148
0.3720000000000012 0.0000000000000129
0.3730000000000012 0.0000000000000108
0.3740000000000012 0.0000000000000089
0.3750000000000012 0.0000000000000070
0.3760000000000012 0.0000000000000052
0.3770000000000012 0.0000000000000036
0.3780000000000012 0.0000000000000019
0.3790000000000012 0.0000000000000002
0.3800000000000012 0.0000000000000011
0.3810000000000012 0.0000000000000024
0.3820000000000012 0.0000000000000037
0.3830000000000012 0.0000000000000047
0.3840000000000012 0.0000000000000056
0.3850000000000012 0.0000000000000063
0.3860000000000012 0.0000000000000069
0.3870000000000012 0.0000000000000074
0.3880000000000012 0.0000000000000077
0.3890000000000012 0.0000000000000080
0.3900000000000012 0.0000000000000078
0.3910000000000012 0.0000000000000077
0.3920000000000012 0.0000000000000073
0.3930000000000012 0.0000000000000067
0.3940000000000012 0.0000000000000059
0.3950000000000012 0.0000000000000051
0.3960000000000012 0.0000000000000041
0.3970000000000012 0.0000000000000031
0.3980000000000012 0.0000000000000018
0.3990000000000012 0.0000000000000003
0.4000000000000012 0.0000000000000012
0.4010000000000012 0.0000000000000029
0.4020000000000012 0.0000000000000047
0.4030000000000012 0.0000000000000066
0.4040000000000012 0.0000000000000085
0.4050000000000012 0.0000000000000105
0.4060000000000012 0.0000000000000127
0.4070000000000012 0.0000000000000149
0.4080000000000012 0.0000000000000170
0.4090000000000012 0.0000000000000192
0.4100000000000012 0.0000000000000215
0.4110000000000012 0.0000000000000239
0.4120000000000012 0.0000000000000260
0.4130000000000012 0.0000000000000282
0.4140000000000012 0.0000000000000304
0.4150000000000012 0.0000000000000325
0.4160000000000012 0.0000000000000344
0.4170000000000012 0.0000000000000364
0.4180000000000012 0.0000000000000385
0.4190000000000012 0.0000000000000402
0.4200000000000012 0.0000000000000419
0.4210000000000012 0.0000000000000435
0.4220000000000012 0.0000000000000449
0.4230000000000012 0.0000000000000463
0.4240000000000012 0.0000000000000474
0.4250000000000012 0.0000000000000484
0.4260000000000012 0.0000000000000492
0.4270000000000012 0.0000000000000500
0.4280000000000012 0.0000000000000504
0.4290000000000012 0.0000000000000508
0.4300000000000012 0.0000000000000510
0.4310000000000012 0.0000000000000508
0.4320000000000012 0.0000000000000508
0.4330000000000012 0.0000000000000504
0.4340000000000012 0.0000000000000498
0.4350000000000012 0.0000000000000492
0.4360000000000012 0.0000000000000483
0.4370000000000012 0.0000000000000473
0.4380000000000012 0.0000000000000463
0.4390000000000012 0.0000000000000449
0.4400000000000012 0.0000000000000436
0.4410000000000012 0.0000000000000420
0.4420000000000012 0.0000000000000402
0.4430000000000012 0.0000000000000385
0.4440000000000012 0.0000000000000366
0.4450000000000012 0.0000000000000346
0.4460000000000012 0.0000000000000328
0.4470000000000012 0.0000000000000304
0.4480000000000012 0.0000000000000283
0.4490000000000012 0.0000000000000262
0.4500000000000012 0.0000000000000240
0.4510000000000012 0.0000000000000219
0.4520000000000012 0.0000000000000197
0.4530000000000012 0.0000000000000174
0.4540000000000012 0.0000000000000154
0.4550000000000012 0.0000000000000133
0.4560000000000012 0.0000000000000114
0.4570000000000012 0.0000000000000094
0.4580000000000012 0.0000000000000077
0.4590000000000012 0.0000000000000060
0.4600000000000012 0.0000000000000043
0.4610000000000012 0.0000000000000029
0.4620000000000012 0.0000000000000016
0.4630000000000012 0.0000000000000004
0.4640000000000012 0.0000000000000008
0.4650000000000012 0.0000000000000016
0.4660000000000012 0.0000000000000023
0.4670000000000012 0.0000000000000029
0.4680000000000012 0.0000000000000033
0.4690000000000012 0.0000000000000032
0.4700000000000013 0.0000000000000033
0.4710000000000013 0.0000000000000032
0.4720000000000013 0.0000000000000028
0.4730000000000013 0.0000000000000023
0.4740000000000013 0.0000000000000017
0.4750000000000013 0.0000000000000007
0.4760000000000013 0.0000000000000003
0.4770000000000013 0.0000000000000016
0.4780000000000013 0.0000000000000029
0.4790000000000013 0.0000000000000046
0.4800000000000013 0.0000000000000061
0.4810000000000013 0.0000000000000079
0.4820000000000013 0.0000000000000098
0.4830000000000013 0.0000000000000118
0.4840000000000013 0.0000000000000138
0.4850000000000013 0.0000000000000160
0.4860000000000013 0.0000000000000183
0.4870000000000013 0.0000000000000205
0.4880000000000013 0.0000000000000228
0.4890000000000013 0.0000000000000251
0.4900000000000013 0.0000000000000273
0.4910000000000013 0.0000000000000296
0.4920000000000013 0.0000000000000321
0.4930000000000013 0.0000000000000342
0.4940000000000013 0.0000000000000364
0.4950000000000013 0.0000000000000383
0.4960000000000013 0.0000000000000405
0.4970000000000013 0.0000000000000424
0.4980000000000013 0.0000000000000441
0.4990000000000013 0.0000000000000456
0.5000000000000012 0.0000000000000472
0.5010000000000012 0.0000000000000487
0.5020000000000012 0.0000000000000496
0.5030000000000012 0.0000000000000507
0.5040000000000012 0.0000000000000516
0.5050000000000012 0.0000000000000523
0.5060000000000012 0.0000000000000527
0.5070000000000012 0.0000000000000528
0.5080000000000012 0.0000000000000530
0.5090000000000012 0.0000000000000527
0.5100000000000012 0.0000000000000524
0.5110000000000012 0.0000000000000518
0.5120000000000012 0.0000000000000512
0.5130000000000012 0.0000000000000503
0.5140000000000012 0.0000000000000491
0.5150000000000012 0.0000000000000479
0.5160000000000012 0.0000000000000464
0.5170000000000012 0.0000000000000449
0.5180000000000012 0.0000000000000432
0.5190000000000012 0.0000000000000412
0.5200000000000012 0.0000000000000395
0.5210000000000012 0.0000000000000374
0.5220000000000012 0.0000000000000352
0.5230000000000012 0.0000000000000332
0.5240000000000012 0.0000000000000309
0.5250000000000012 0.0000000000000288
0.5260000000000012 0.0000000000000264
0.5270000000000012 0.0000000000000243
0.5280000000000012 0.0000000000000221
0.5290000000000012 0.0000000000000199
0.5300000000000012 0.0000000000000179
0.5310000000000012 0.0000000000000159
0.5320000000000012 0.0000000000000141
0.5330000000000013 0.0000000000000122
0.5340000000000013 0.0000000000000105
0.5350000000000013 0.0000000000000093
0.5360000000000013 0.0000000000000079
0.5370000000000013 0.0000000000000067
0.5380000000000013 0.0000000000000059
0.5390000000000013 0.0000000000000051
0.5400000000000013 0.0000000000000047
0.5410000000000013 0.0000000000000043
0.5420000000000013 0.0000000000000042
0.5430000000000013 0.0000000000000044
0.5440000000000013 0.0000000000000048
0.5450000000000013 0.0000000000000056
0.5460000000000013 0.0000000000000062
0.5470000000000013 0.0000000000000073
0.5480000000000013 0.0000000000000084
0.5490000000000013 0.0000000000000099
0.5500000000000013 0.0000000000000114
0.5510000000000013 0.0000000000000131
0.5520000000000013 0.0000000000000149
0.5530000000000013 0.0000000000000172
0.5540000000000013 0.0000000000000192
0.5550000000000013 0.0000000000000214
0.5560000000000013 0.0000000000000236
0.5570000000000013 0.0000000000000263
0.5580000000000013 0.0000000000000285
0.5590000000000013 0.0000000000000310
0.5600000000000013 0.0000000000000334
0.5610000000000013 0.0000000000000357
0.5620000000000013 0.0000000000000380
0.5630000000000013 0.0000000000000404
0.5640000000000013 0.0000000000000424
0.5650000000000013 0.0000000000000443
0.5660000000000013 0.0000000000000462
0.5670000000000013 0.0000000000000480
0.5680000000000013 0.0000000000000494
0.5690000000000013 0.0000000000000507
0.5700000000000013 0.0000000000000517
0.5710000000000013 0.0000000000000526
0.5720000000000013 0.0000000000000532
0.5730000000000013 0.0000000000000536
0.5740000000000013 0.0000000000000537
0.5750000000000013 0.0000000000000535
0.5760000000000013 0.0000000000000531
0.5770000000000013 0.0000000000000526
0.5780000000000013 0.0000000000000516
0.5790000000000013 0.0000000000000506
0.5800000000000013 0.0000000000000492
0.5810000000000013 0.0000000000000476
0.5820000000000013 0.0000000000000459
0.5830000000000013 0.0000000000000439
0.5840000000000013 0.0000000000000416
0.5850000000000013 0.0000000000000394
0.5860000000000013 0.0000000000000371
0.5870000000000013 0.0000000000000346
0.5880000000000013 0.0000000000000321
0.5890000000000013 0.0000000000000296
0.5900000000000013 0.0000000000000269
0.5910000000000013 0.0000000000000244
0.5920000000000013 0.0000000000000220
0.5930000000000013 0.0000000000000195
0.5940000000000013 0.0000000000000171
0.5950000000000013 0.0000000000000150
0.5960000000000013 0.0000000000000131
0.5970000000000013 0.0000000000000112
0.5980000000000013 0.0000000000000095
0.5990000000000013 0.0000000000000083
0.6000000000000013 0.0000000000000072
0.6010000000000013 0.0000000000000063
0.6020000000000013 0.0000000000000059
0.6030000000000013 0.0000000000000057
0.6040000000000013 0.0000000000000058
0.6050000000000013 0.0000000000000061
0.6060000000000013 0.0000000000000069
0.6070000000000013 0.0000000000000078
0.6080000000000013 0.0000000000000092
0.6090000000000013 0.0000000000000107
0.6100000000000013 0.0000000000000127
0.6110000000000013 0.0000000000000149
0.6120000000000013 0.0000000000000173
0.6130000000000013 0.0000000000000198
0.6140000000000013 0.0000000000000226
0.6150000000000013 0.0000000000000255
0.6160000000000013 0.0000000000000286
0.6170000000000013 0.0000000000000319
0.6180000000000013 0.0000000000000351
0.6190000000000013 0.0000000000000383
0.6200000000000013 0.0000000000000415
0.6210000000000013 0.0000000000000447
0.6220000000000013 0.0000000000000477
0.6230000000000013 0.0000000000000506
0.6240000000000013 0.0000000000000534
0.6250000000000013 0.0000000000000557
0.6260000000000013 0.0000000000000581
0.6270000000000013 0.0000000000000600
0.6280000000000013 0.0000000000000613
0.6290000000000013 0.0000000000000626
0.6300000000000013 0.0000000000000635
0.6310000000000013 0.0000000000000638
0.6320000000000013 0.0000000000000636
0.6330000000000013 0.0000000000000631
0.6340000000000013 0.0000000000000622
0.6350000000000013 0.0000000000000606
0.6360000000000013 0.0000000000000587
0.6370000000000013 0.0000000000000563
0.6380000000000013 0.0000000000000535
0.6390000000000013 0.0000000000000502
0.6400000000000013 0.0000000000000465
0.6410000000000013 0.0000000000000424
0.6420000000000013 0.0000000000000379
0.6430000000000013 0.0000000000000330
0.6440000000000013 0.0000000000000280
0.6450000000000014 0.0000000000000225
0.6460000000000014 0.0000000000000171
0.6470000000000014 0.0000000000000113
0.6480000000000014 0.0000000000000053
0.6490000000000014 0.0000000000000004
0.6500000000000014 0.0000000000000062
0.6510000000000014 0.0000000000000120
0.6520000000000014 0.0000000000000178
0.6530000000000014 0.0000000000000232
0.6540000000000014 0.0000000000000285
0.6550000000000014 0.0000000000000334
0.6560000000000014 0.0000000000000380
0.6570000000000014 0.0000000000000420
0.6580000000000014 0.0000000000000457
0.6590000000000014 0.0000000000000488
0.6600000000000014 0.0000000000000514
0.6610000000000014 0.0000000000000535
0.6620000000000014 0.0000000000000548
0.6630000000000014 0.0000000000000556
0.6640000000000014 0.0000000000000557
0.6650000000000014 0.0000000000000550
0.6660000000000014 0.0000000000000538
0.6670000000000014 0.0000000000000516
0.6680000000000014 0.0000000000000490
0.6690000000000014 0.0000000000000454
0.6700000000000014 0.0000000000000413
0.6710000000000014 0.0000000000000366
0.6720000000000014 0.0000000000000310
0.6730000000000014 0.0000000000000251
0.6740000000000014 0.0000000000000187
0.6750000000000014 0.0000000000000115
0.6760000000000014 0.0000000000000040
0.6770000000000014 0.0000000000000038
0.6780000000000014 0.0000000000000121
0.6790000000000014 0.0000000000000205
0.6800000000000014 0.0000000000000292
0.6810000000000014 0.0000000000000383
0.6820000000000014 0.0000000000000472
0.6830000000000014 0.0000000000000562
0.6840000000000014 0.0000000000000652
0.6850000000000014 0.0000000000000739
0.6860000000000014 0.0000000000000826
0.6870000000000014 0.0000000000000908
0.6880000000000014 0.0000000000000990
0.6890000000000014 0.0000000000001067
0.6900000000000014 0.0000000000001140
0.6910000000000014 0.0000000000001207
0.6920000000000014 0.0000000000001268
0.6930000000000014 0.0000000000001326
0.6940000000000014 0.0000000000001374
0.6950000000000014 0.0000000000001419
0.6960000000000014 0.0000000000001453
0.6970000000000014 0.0000000000001485
0.6980000000000014 0.0000000000001507
0.6990000000000014 0.0000000000001522
0.7000000000000014 0.0000000000001529
0.7010000000000014 0.0000000000001529
0.7020000000000014 0.0000000000001520
0.7030000000000014 0.0000000000001504
0.7040000000000014 0.0000000000001482
0.7050000000000014 0.0000000000001452
0.7060000000000014 0.0000000000001416
0.7070000000000014 0.0000000000001372
0.7080000000000014 0.0000000000001324
0.7090000000000014 0.0000000000001267
0.7100000000000014 0.0000000000001205
0.7110000000000014 0.0000000000001138
0.7120000000000014 0.0000000000001066
0.7130000000000014 0.0000000000000988
0.7140000000000014 0.0000000000000908
0.7150000000000014 0.0000000000000825
0.7160000000000014 0.0000000000000736
0.7170000000000014 0.0000000000000646
0.7180000000000014 0.0000000000000553
0.7190000000000014 0.0000000000000456
0.7200000000000014 0.0000000000000361
0.7210000000000014 0.0000000000000264
0.7220000000000014 0.0000000000000167
0.7230000000000014 0.0000000000000069
0.7240000000000014 0.0000000000000031
0.7250000000000014 0.0000000000000129
0.7260000000000014 0.0000000000000224
0.7270000000000014 0.0000000000000319
0.7280000000000014 0.0000000000000411
0.7290000000000014 0.0000000000000501
0.7300000000000014 0.0000000000000588
0.7310000000000014 0.0000000000000672
0.7320000000000014 0.0000000000000753
0.7330000000000014 0.0000000000000829
0.7340000000000014 0.0000000000000902
0.7350000000000014 0.0000000000000971
0.7360000000000014 0.0000000000001033
0.7370000000000014 0.0000000000001090
0.7380000000000014 0.0000000000001144
0.7390000000000014 0.0000000000001191
0.7400000000000014 0.0000000000001230
0.7410000000000014 0.0000000000001265
0.7420000000000014 0.0000000000001293
0.7430000000000014 0.0000000000001316
0.7440000000000014 0.0000000000001330
0.7450000000000014 0.0000000000001340
0.7460000000000014 0.0000000000001341
0.7470000000000014 0.0000000000001337
0.7480000000000014 0.0000000000001326
0.7490000000000014 0.0000000000001307
0.7500000000000014 0.0000000000001285
0.7510000000000014 0.0000000000001252
0.7520000000000014 0.0000000000001219
0.7530000000000014 0.0000000000001178
0.7540000000000014 0.0000000000001130
0.7550000000000014 0.0000000000001082
0.7560000000000014 0.0000000000001027
0.7570000000000014 0.0000000000000970
0.7580000000000015 0.0000000000000910
0.7590000000000015 0.0000000000000847
0.7600000000000015 0.0000000000000783
0.7610000000000015 0.0000000000000722
0.7620000000000015 0.0000000000000656
0.7630000000000015 0.0000000000000593
0.7640000000000015 0.0000000000000531
0.7650000000000015 0.0000000000000472
0.7660000000000015 0.0000000000000414
0.7670000000000015 0.0000000000000363
0.7680000000000015 0.0000000000000313
0.7690000000000015 0.0000000000000270
0.7700000000000015 0.0000000000000231
0.7710000000000015 0.0000000000000199
0.7720000000000015 0.0000000000000173
0.7730000000000015 0.0000000000000155
0.7740000000000015 0.0000000000000141
0.7750000000000015 0.0000000000000138
0.7760000000000015 0.0000000000000140
0.7770000000000015 0.0000000000000148
0.7780000000000015 0.0000000000000162
0.7790000000000015 0.0000000000000187
0.7800000000000015 0.0000000000000216
0.7810000000000015 0.0000000000000251
0.7820000000000015 0.0000000000000289
0.7830000000000015 0.0000000000000333
0.7840000000000015 0.0000000000000381
0.7850000000000015 0.0000000000000431
0.7860000000000015 0.0000000000000483
0.7870000000000015 0.0000000000000536
0.7880000000000015 0.0000000000000588
0.7890000000000015 0.0000000000000643
0.7900000000000015 0.0000000000000693
0.7910000000000015 0.0000000000000742
0.7920000000000015 0.0000000000000786
0.7930000000000015 0.0000000000000826
0.7940000000000015 0.0000000000000862
0.7950000000000015 0.0000000000000890
0.7960000000000015 0.0000000000000915
0.7970000000000015 0.0000000000000929
0.7980000000000015 0.0000000000000937
0.7990000000000015 0.0000000000000940
0.8000000000000015 0.0000000000000934
0.8010000000000015 0.0000000000000918
0.8020000000000015 0.0000000000000897
0.8030000000000015 0.0000000000000869
0.8040000000000015 0.0000000000000833
0.8050000000000015 0.0000000000000793
0.8060000000000015 0.0000000000000747
0.8070000000000015 0.0000000000000696
0.8080000000000015 0.0000000000000641
0.8090000000000015 0.0000000000000585
0.8100000000000015 0.0000000000000527
0.8110000000000015 0.0000000000000470
0.8120000000000015 0.0000000000000409
0.8130000000000015 0.0000000000000354
0.8140000000000015 0.0000000000000302
0.8150000000000015 0.0000000000000253
0.8160000000000015 0.0000000000000209
0.8170000000000015 0.0000000000000171
0.8180000000000015 0.0000000000000139
0.8190000000000015 0.0000000000000115
0.8200000000000015 0.0000000000000099
0.8210000000000015 0.0000000000000091
0.8220000000000015 0.0000000000000094
0.8230000000000015 0.0000000000000104
0.8240000000000015 0.0000000000000124
0.8250000000000015 0.0000000000000152
0.8260000000000015 0.0000000000000188
0.8270000000000015 0.0000000000000234
0.8280000000000015 0.0000000000000284
0.8290000000000015 0.0000000000000342
0.8300000000000015 0.0000000000000407
0.8310000000000015 0.0000000000000475
0.8320000000000015 0.0000000000000548
0.8330000000000015 0.0000000000000622
0.8340000000000015 0.0000000000000698
0.8350000000000015 0.0000000000000778
0.8360000000000015 0.0000000000000855
0.8370000000000015 0.0000000000000929
0.8380000000000015 0.0000000000001000
0.8390000000000015 0.0000000000001068
0.8400000000000015 0.0000000000001131
0.8410000000000015 0.0000000000001189
0.8420000000000015 0.0000000000001241
0.8430000000000015 0.0000000000001285
0.8440000000000015 0.0000000000001323
0.8450000000000015 0.0000000000001352
0.8460000000000015 0.0000000000001372
0.8470000000000015 0.0000000000001386
0.8480000000000015 0.0000000000001392
0.8490000000000015 0.0000000000001390
0.8500000000000015 0.0000000000001379
0.8510000000000015 0.0000000000001360
0.8520000000000015 0.0000000000001336
0.8530000000000015 0.0000000000001303
0.8540000000000015 0.0000000000001266
0.8550000000000015 0.0000000000001220
0.8560000000000015 0.0000000000001171
0.8570000000000015 0.0000000000001118
0.8580000000000015 0.0000000000001062
0.8590000000000015 0.0000000000001003
0.8600000000000015 0.0000000000000937
0.8610000000000015 0.0000000000000873
0.8620000000000015 0.0000000000000807
0.8630000000000015 0.0000000000000736
0.8640000000000015 0.0000000000000666
0.8650000000000015 0.0000000000000598
0.8660000000000015 0.0000000000000530
0.8670000000000015 0.0000000000000461
0.8680000000000015 0.0000000000000391
0.8690000000000015 0.0000000000000324
0.8700000000000015 0.0000000000000260
0.8710000000000016 0.0000000000000194
0.8720000000000016 0.0000000000000135
0.8730000000000016 0.0000000000000077
0.8740000000000016 0.0000000000000023
0.8750000000000016 0.0000000000000028
0.8760000000000016 0.0000000000000072
0.8770000000000016 0.0000000000000117
0.8780000000000016 0.0000000000000152
0.8790000000000016 0.0000000000000183
0.8800000000000016 0.0000000000000208
0.8810000000000016 0.0000000000000229
0.8820000000000016 0.0000000000000240
0.8830000000000016 0.0000000000000244
0.8840000000000016 0.0000000000000242
0.8850000000000016 0.0000000000000232
0.8860000000000016 0.0000000000000214
0.8870000000000016 0.0000000000000189
0.8880000000000016 0.0000000000000154
0.8890000000000016 0.0000000000000113
0.8900000000000016 0.0000000000000064
0.8910000000000016 0.0000000000000010
0.8920000000000016 0.0000000000000054
0.8930000000000016 0.0000000000000127
0.8940000000000016 0.0000000000000200
0.8950000000000016 0.0000000000000280
0.8960000000000016 0.0000000000000364
0.8970000000000016 0.0000000000000453
0.8980000000000016 0.0000000000000544
0.8990000000000016 0.0000000000000637
0.9000000000000016 0.0000000000000733
0.9010000000000016 0.0000000000000827
0.9020000000000016 0.0000000000000918
0.9030000000000016 0.0000000000001008
0.9040000000000016 0.0000000000001095
0.9050000000000016 0.0000000000001178
0.9060000000000016 0.0000000000001253
0.9070000000000016 0.0000000000001321
0.9080000000000016 0.0000000000001381
0.9090000000000016 0.0000000000001431
0.9100000000000016 0.0000000000001468
0.9110000000000016 0.0000000000001492
0.9120000000000016 0.0000000000001500
0.9130000000000016 0.0000000000001493
0.9140000000000016 0.0000000000001469
0.9150000000000016 0.0000000000001428
0.9160000000000016 0.0000000000001367
0.9170000000000016 0.0000000000001286
0.9180000000000016 0.0000000000001185
0.9190000000000016 0.0000000000001065
0.9200000000000016 0.0000000000000929
0.9210000000000016 0.0000000000000778
0.9220000000000016 0.0000000000000611
0.9230000000000016 0.0000000000000435
0.9240000000000016 0.0000000000000253
0.9250000000000016 0.0000000000000070
0.9260000000000016 0.0000000000000114
0.9270000000000016 0.0000000000000286
0.9280000000000016 0.0000000000000447
0.9290000000000016 0.0000000000000591
0.9300000000000016 0.0000000000000709
0.9310000000000016 0.0000000000000799
0.9320000000000016 0.0000000000000858
0.9330000000000016 0.0000000000000880
0.9340000000000016 0.0000000000000867
0.9350000000000016 0.0000000000000815
0.9360000000000016 0.0000000000000726
0.9370000000000016 0.0000000000000605
0.9380000000000016 0.0000000000000455
0.9390000000000016 0.0000000000000285
0.9400000000000016 0.0000000000000102
0.9410000000000016 0.0000000000000088
0.9420000000000016 0.0000000000000273
0.9430000000000016 0.0000000000000442
0.9440000000000016 0.0000000000000590
0.9450000000000016 0.0000000000000704
0.9460000000000016 0.0000000000000778
0.9470000000000016 0.0000000000000810
0.9480000000000016 0.0000000000000794
0.9490000000000016 0.0000000000000738
0.9500000000000016 0.0000000000000641
0.9510000000000016 0.0000000000000513
0.9520000000000016 0.0000000000000364
0.9530000000000016 0.0000000000000209
0.9540000000000016 0.0000000000000066
0.9550000000000016 0.0000000000000056
0.9560000000000016 0.0000000000000137
0.9570000000000016 0.0000000000000164
0.9580000000000016 0.0000000000000131
0.9590000000000016 0.0000000000000031
0.9600000000000016 0.0000000000000131
0.9610000000000016 0.0000000000000351
0.9620000000000016 0.0000000000000612
0.9630000000000016 0.0000000000000889
0.9640000000000016 0.0000000000001162
0.9650000000000016 0.0000000000001400
0.9660000000000016 0.0000000000001569
0.9670000000000016 0.0000000000001650
0.9680000000000016 0.0000000000001615
0.9690000000000016 0.0000000000001458
0.9700000000000016 0.0000000000001179
0.9710000000000016 0.0000000000000789
0.9720000000000016 0.0000000000000321
0.9730000000000016 0.0000000000000184
0.9740000000000016 0.0000000000000673
0.9750000000000016 0.0000000000001088
0.9760000000000016 0.0000000000001372
0.9770000000000016 0.0000000000001480
0.9780000000000016 0.0000000000001381
0.9790000000000016 0.0000000000001070
0.9800000000000016 0.0000000000000567
0.9810000000000016 0.0000000000000072
0.9820000000000016 0.0000000000000766
0.9830000000000017 0.0000000000001420
0.9840000000000017 0.0000000000001938
0.9850000000000017 0.0000000000002239
0.9860000000000017 0.0000000000002279
0.9870000000000017 0.0000000000002073
0.9880000000000017 0.0000000000001690
0.9890000000000017 0.0000000000001258
0.9900000000000017 0.0000000000000936
0.9910000000000017 0.0000000000000862
0.9920000000000017 0.0000000000001088
0.9930000000000017 0.0000000000001525
0.9940000000000017 0.0000000000001906
0.9950000000000017 0.0000000000001827
0.9960000000000017 0.0000000000000918
0.9970000000000017 0.0000000000000793
0.9980000000000017 0.0000000000002280
0.9990000000000017 0.0000000000000703
