-1.0000000000000000 0.0000000000000001
-0.9990000000000000 0.0000000000009224
-0.9980000000000000 0.0000000000017825
-0.9970000000000000 0.0000000000025826
-0.9960000000000000 0.0000000000033241
-0.9950000000000000 0.0000000000040095
-0.9940000000000000 0.0000000000046400
-0.9930000000000000 0.0000000000052170
-0.9920000000000000 0.0000000000057431
-0.9910000000000000 0.0000000000062191
-0.9900000000000000 0.0000000000066473
-0.9890000000000000 0.0000000000070290
-0.9880000000000000 0.0000000000073657
-0.9870000000000000 0.0000000000076589
-0.9860000000000000 0.0000000000079102
-0.9850000000000000 0.0000000000081211
-0.9840000000000000 0.0000000000082930
-0.9830000000000000 0.0000000000084273
-0.9820000000000000 0.0000000000085253
-0.9810000000000000 0.0000000000085887
-0.9800000000000000 0.0000000000086184
-0.9790000000000000 0.0000000000086159
-0.9780000000000000 0.0000000000085826
-0.9770000000000000 0.0000000000085193
-0.9760000000000000 0.0000000000084279
-0.9750000000000000 0.0000000000083090
-0.9740000000000000 0.0000000000081641
-0.9730000000000000 0.0000000000079943
-0.9720000000000000 0.0000000000078005
-0.9710000000000000 0.0000000000075843
-0.9700000000000000 0.0000000000073461
-0.9690000000000000 0.0000000000070876
-0.9680000000000000 0.0000000000068093
-0.9670000000000000 0.0000000000065125
-0.9660000000000000 0.0000000000061980
-0.9650000000000000 0.0000000000058670
-0.9640000000000000 0.0000000000055203
-0.9630000000000000 0.0000000000051589
-0.9620000000000000 0.0000000000047835
-0.9610000000000000 0.0000000000043952
-0.9600000000000000 0.0000000000039946
-0.9590000000000000 0.0000000000035827
-0.9580000000000000 0.0000000000031604
-0.9570000000000000 0.0000000000027282
-0.9560000000000000 0.0000000000022872
-0.9550000000000000 0.0000000000018379
-0.9540000000000000 0.0000000000013809
-0.9530000000000000 0.0000000000009175
-0.9520000000000000 0.0000000000004479
-0.9510000000000000 0.0000000000000271
-0.9500000000000000 0.0000000000005068
-0.9490000000000000 0.0000000000009905
-0.9480000000000000 0.0000000000014779
-0.9470000000000000 0.0000000000019680
-0.9460000000000000 0.0000000000024605
-0.9450000000000000 0.0000000000029545
-0.9440000000000000 0.0000000000034497
-0.9429999999999999 0.0000000000039454
-0.9419999999999999 0.0000000000044413
-0.9409999999999999 0.0000000000049368
-0.9399999999999999 0.0000000000054313
-0.9389999999999999 0.0000000000059244
-0.9379999999999999 0.0000000000064154
-0.9369999999999999 0.0000000000069044
-0.9359999999999999 0.0000000000073904
-0.9349999999999999 0.0000000000078735
-0.9339999999999999 0.0000000000083527
-0.9329999999999999 0.0000000000088278
-0.9319999999999999 0.0000000000092987
-0.9309999999999999 0.0000000000097649
-0.9299999999999999 0.0000000000102259
-0.9289999999999999 0.0000000000106816
-0.9279999999999999 0.0000000000111313
-0.9269999999999999 0.0000000000115750
-0.9259999999999999 0.0000000000120123
-0.9249999999999999 0.0000000000124428
-0.9239999999999999 0.0000000000128665
-0.9229999999999999 0.0000000000132829
-0.9219999999999999 0.0000000000136919
-0.9209999999999999 0.0000000000140929
-0.9199999999999999 0.0000000000144860
-0.9189999999999999 0.0000000000148709
-0.9179999999999999 0.0000000000152475
-0.9169999999999999 0.0000000000156152
-0.9159999999999999 0.0000000000159741
-0.9149999999999999 0.0000000000163241
-0.9139999999999999 0.0000000000166648
-0.9129999999999999 0.0000000000169960
-0.9119999999999999 0.0000000000173177
-0.9109999999999999 0.0000000000176298
-0.9099999999999999 0.0000000000179322
-0.9089999999999999 0.0000000000182245
-0.9079999999999999 0.0000000000185069
-0.9069999999999999 0.0000000000187788
-0.9059999999999999 0.0000000000190404
-0.9049999999999999 0.0000000000192919
-0.9039999999999999 0.0000000000195326
-0.9029999999999999 0.0000000000197629
-0.9019999999999999 0.0000000000199825
-0.9009999999999999 0.0000000000201913
-0.8999999999999999 0.0000000000203896
-0.8989999999999999 0.0000000000205767
-0.8979999999999999 0.0000000000207530
-0.8969999999999999 0.0000000000209184
-0.8959999999999999 0.0000000000210729
-0.8949999999999999 0.0000000000212164
-0.8939999999999999 0.0000000000213488
-0.8929999999999999 0.0000000000214704
-0.8919999999999999 0.0000000000215807
-0.8909999999999999 0.0000000000216801
-0.8899999999999999 0.0000000000217686
-0.8889999999999999 0.0000000000218461
-0.8879999999999999 0.0000000000219124
-0.8869999999999999 0.0000000000219676
-0.8859999999999999 0.0000000000220122
-0.8849999999999999 0.0000000000220456
-0.8839999999999999 0.0000000000220681
-0.8829999999999999 0.0000000000220799
-0.8819999999999999 0.0000000000220808
-0.8809999999999999 0.0000000000220711
-0.8799999999999999 0.0000000000220507
-0.8789999999999999 0.0000000000220194
-0.8779999999999999 0.0000000000219775
-0.8769999999999999 0.0000000000219254
-0.8759999999999999 0.0000000000218627
-0.8749999999999999 0.0000000000217897
-0.8739999999999999 0.0000000000217062
-0.8729999999999999 0.0000000000216126
-0.8719999999999999 0.0000000000215089
-0.8709999999999999 0.0000000000213951
-0.8699999999999999 0.0000000000212715
-0.8689999999999999 0.0000000000211380
-0.8679999999999999 0.0000000000209949
-0.8669999999999999 0.0000000000208419
-0.8659999999999999 0.0000000000206793
-0.8649999999999999 0.0000000000205075
-0.8639999999999999 0.0000000000203264
-0.8629999999999999 0.0000000000201359
-0.8619999999999999 0.0000000000199363
-0.8609999999999999 0.0000000000197280
-0.8599999999999999 0.0000000000195105
-0.8589999999999999 0.0000000000192845
-0.8579999999999999 0.0000000000190498
-0.8569999999999999 0.0000000000188066
-0.8559999999999999 0.0000000000185552
-0.8549999999999999 0.0000000000182955
-0.8539999999999999 0.0000000000180277
-0.8529999999999999 0.0000000000177518
-0.8519999999999999 0.0000000000174682
-0.8509999999999999 0.0000000000171769
-0.8499999999999999 0.0000000000168782
-0.8489999999999999 0.0000000000165722
-0.8479999999999999 0.0000000000162586
-0.8469999999999999 0.0000000000159380
-0.8459999999999999 0.0000000000156106
-0.8449999999999999 0.0000000000152762
-0.8439999999999999 0.0000000000149353
-0.8429999999999999 0.0000000000145877
-0.8419999999999999 0.0000000000142339
-0.8409999999999999 0.0000000000138738
-0.8399999999999999 0.0000000000135078
-0.8389999999999999 0.0000000000131357
-0.8379999999999999 0.0000000000127578
-0.8369999999999999 0.0000000000123743
-0.8359999999999999 0.0000000000119855
-0.8349999999999999 0.0000000000115914
-0.8339999999999999 0.0000000000111919
-0.8329999999999999 0.0000000000107876
-0.8319999999999999 0.0000000000103784
-0.8309999999999998 0.0000000000099645
-0.8299999999999998 0.0000000000095461
-0.8289999999999998 0.0000000000091235
-0.8279999999999998 0.0000000000086965
-0.8269999999999998 0.0000000000082655
-0.8259999999999998 0.0000000000078306
-0.8249999999999998 0.0000000000073920
-0.8239999999999998 0.0000000000069498
-0.8229999999999998 0.0000000000065040
-0.8219999999999998 0.0000000000060552
-0.8209999999999998 0.0000000000056032
-0.8199999999999998 0.0000000000051481
-0.8189999999999998 0.0000000000046904
-0.8179999999999998 0.0000000000042299
-0.8169999999999998 0.0000000000037669
-0.8159999999999998 0.0000000000033016
-0.8149999999999998 0.0000000000028342
-0.8139999999999998 0.0000000000023647
-0.8129999999999998 0.0000000000018933
-0.8119999999999998 0.0000000000014202
-0.8109999999999998 0.0000000000009455
-0.8099999999999998 0.0000000000004694
-0.8089999999999998 0.0000000000000081
-0.8079999999999998 0.0000000000004865
-0.8069999999999998 0.0000000000009660
-0.8059999999999998 0.0000000000014463
-0.8049999999999998 0.0000000000019273
-0.8039999999999998 0.0000000000024089
-0.8029999999999998 0.0000000000028908
-0.8019999999999998 0.0000000000033730
-0.8009999999999998 0.0000000000038551
-0.7999999999999998 0.0000000000043376
-0.7989999999999998 0.0000000000048196
-0.7979999999999998 0.0000000000053013
-0.7969999999999998 0.0000000000057826
-0.7959999999999998 0.0000000000062633
-0.7949999999999998 0.0000000000067433
-0.7939999999999998 0.0000000000072224
-0.7929999999999998 0.0000000000077006
-0.7919999999999998 0.0000000000081777
-0.7909999999999998 0.0000000000086533
-0.7899999999999998 0.0000000000091275
-0.7889999999999998 0.0000000000096002
-0.7879999999999998 0.0000000000100713
-0.7869999999999998 0.0000000000105407
-0.7859999999999998 0.0000000000110082
-0.7849999999999998 0.0000000000114735
-0.7839999999999998 0.0000000000119368
-0.7829999999999998 0.0000000000123977
-0.7819999999999998 0.0000000000128563
-0.7809999999999998 0.0000000000133124
-0.7799999999999998 0.0000000000137657
-0.7789999999999998 0.0000000000142164
-0.7779999999999998 0.0000000000146642
-0.7769999999999998 0.0000000000151089
-0.7759999999999998 0.0000000000155507
-0.7749999999999998 0.0000000000159892
-0.7739999999999998 0.0000000000164243
-0.7729999999999998 0.0000000000168562
-0.7719999999999998 0.0000000000172845
-0.7709999999999998 0.0000000000177091
-0.7699999999999998 0.0000000000181301
-0.7689999999999998 0.0000000000185472
-0.7679999999999998 0.0000000000189603
-0.7669999999999998 0.0000000000193695
-0.7659999999999998 0.0000000000197745
-0.7649999999999998 0.0000000000201753
-0.7639999999999998 0.0000000000205718
-0.7629999999999998 0.0000000000209639
-0.7619999999999998 0.0000000000213515
-0.7609999999999998 0.0000000000217345
-0.7599999999999998 0.0000000000221129
-0.7589999999999998 0.0000000000224866
-0.7579999999999998 0.0000000000228554
-0.7569999999999998 0.0000000000232192
-0.7559999999999998 0.0000000000235783
-0.7549999999999998 0.0000000000239321
-0.7539999999999998 0.0000000000242806
-0.7529999999999998 0.0000000000246242
-0.7519999999999998 0.0000000000249623
-0.7509999999999998 0.0000000000252951
-0.7499999999999998 0.0000000000256225
-0.7489999999999998 0.0000000000259444
-0.7479999999999998 0.0000000000262607
-0.7469999999999998 0.0000000000265713
-0.7459999999999998 0.0000000000268763
-0.7449999999999998 0.0000000000271755
-0.7439999999999998 0.0000000000274688
-0.7429999999999998 0.0000000000277565
-0.7419999999999998 0.0000000000280379
-0.7409999999999998 0.0000000000283136
-0.7399999999999998 0.0000000000285829
-0.7389999999999998 0.0000000000288464
-0.7379999999999998 0.0000000000291036
-0.7369999999999998 0.0000000000293549
-0.7359999999999998 0.0000000000295997
-0.7349999999999998 0.0000000000298382
-0.7339999999999998 0.0000000000300707
-0.7329999999999998 0.0000000000302965
-0.7319999999999998 0.0000000000305159
-0.7309999999999998 0.0000000000307290
-0.7299999999999998 0.0000000000309355
-0.7289999999999998 0.0000000000311355
-0.7279999999999998 0.0000000000313291
-0.7269999999999998 0.0000000000315159
-0.7259999999999998 0.0000000000316961
-0.7249999999999998 0.0000000000318697
-0.7239999999999998 0.0000000000320367
-0.7229999999999998 0.0000000000321969
-0.7219999999999998 0.0000000000323506
-0.7209999999999998 0.0000000000324974
-0.7199999999999998 0.0000000000326374
-0.7189999999999998 0.0000000000327707
-0.7179999999999997 0.0000000000328971
-0.7169999999999997 0.0000000000330167
-0.7159999999999997 0.0000000000331295
-0.7149999999999997 0.0000000000332354
-0.7139999999999997 0.0000000000333346
-0.7129999999999997 0.0000000000334268
-0.7119999999999997 0.0000000000335121
-0.7109999999999997 0.0000000000335906
-0.7099999999999997 0.0000000000336622
-0.7089999999999997 0.0000000000337268
-0.7079999999999997 0.0000000000337845
-0.7069999999999997 0.0000000000338354
-0.7059999999999997 0.0000000000338795
-0.7049999999999997 0.0000000000339164
-0.7039999999999997 0.0000000000339467
-0.7029999999999997 0.0000000000339699
-0.7019999999999997 0.0000000000339864
-0.7009999999999997 0.0000000000339958
-0.6999999999999997 0.0000000000339984
-0.6989999999999997 0.0000000000339944
-0.6979999999999997 0.0000000000339831
-0.6969999999999997 0.0000000000339654
-0.6959999999999997 0.0000000000339404
-0.6949999999999997 0.0000000000339089
-0.6939999999999997 0.0000000000338704
-0.6929999999999997 0.0000000000338254
-0.6919999999999997 0.0000000000337735
-0.6909999999999997 0.0000000000337150
-0.6899999999999997 0.0000000000336495
-0.6889999999999997 0.0000000000335775
-0.6879999999999997 0.0000000000334986
-0.6869999999999997 0.0000000000334134
-0.6859999999999997 0.0000000000333215
-0.6849999999999997 0.0000000000332228
-0.6839999999999997 0.0000000000331176
-0.6829999999999997 0.0000000000330060
-0.6819999999999997 0.0000000000328878
-0.6809999999999997 0.0000000000327631
-0.6799999999999997 0.0000000000326320
-0.6789999999999997 0.0000000000324945
-0.6779999999999997 0.0000000000323507
-0.6769999999999997 0.0000000000322005
-0.6759999999999997 0.0000000000320438
-0.6749999999999997 0.0000000000318811
-0.6739999999999997 0.0000000000317121
-0.6729999999999997 0.0000000000315368
-0.6719999999999997 0.0000000000313556
-0.6709999999999997 0.0000000000311682
-0.6699999999999997 0.0000000000309747
-0.6689999999999997 0.0000000000307752
-0.6679999999999997 0.0000000000305697
-0.6669999999999997 0.0000000000303584
-0.6659999999999997 0.0000000000301410
-0.6649999999999997 0.0000000000299178
-0.6639999999999997 0.0000000000296890
-0.6629999999999997 0.0000000000294545
-0.6619999999999997 0.0000000000292142
-0.6609999999999997 0.0000000000289684
-0.6599999999999997 0.0000000000287168
-0.6589999999999997 0.0000000000284599
-0.6579999999999997 0.0000000000281974
-0.6569999999999997 0.0000000000279297
-0.6559999999999997 0.0000000000276563
-0.6549999999999997 0.0000000000273779
-0.6539999999999997 0.0000000000270940
-0.6529999999999997 0.0000000000268050
-0.6519999999999997 0.0000000000265111
-0.6509999999999997 0.0000000000262119
-0.6499999999999997 0.0000000000259078
-0.6489999999999997 0.0000000000255987
-0.6479999999999997 0.0000000000252848
-0.6469999999999997 0.0000000000249659
-0.6459999999999997 0.0000000000246424
-0.6449999999999997 0.0000000000243141
-0.6439999999999997 0.0000000000239813
-0.6429999999999997 0.0000000000236439
-0.6419999999999997 0.0000000000233018
-0.6409999999999997 0.0000000000229554
-0.6399999999999997 0.0000000000226045
-0.6389999999999997 0.0000000000222495
-0.6379999999999997 0.0000000000218902
-0.6369999999999997 0.0000000000215266
-0.6359999999999997 0.0000000000211590
-0.6349999999999997 0.0000000000207874
-0.6339999999999997 0.0000000000204117
-0.6329999999999997 0.0000000000200322
-0.6319999999999997 0.0000000000196489
-0.6309999999999997 0.0000000000192617
-0.6299999999999997 0.0000000000188709
-0.6289999999999997 0.0000000000184764
-0.6279999999999997 0.0000000000180785
-0.6269999999999997 0.0000000000176770
-0.6259999999999997 0.0000000000172722
-0.6249999999999997 0.0000000000168640
-0.6239999999999997 0.0000000000164525
-0.6229999999999997 0.0000000000160378
-0.6219999999999997 0.0000000000156203
-0.6209999999999997 0.0000000000151994
-0.6199999999999997 0.0000000000147756
-0.6189999999999997 0.0000000000143490
-0.6179999999999997 0.0000000000139194
-0.6169999999999997 0.0000000000134873
-0.6159999999999997 0.0000000000130524
-0.6149999999999997 0.0000000000126150
-0.6139999999999997 0.0000000000121751
-0.6129999999999997 0.0000000000117327
-0.6119999999999997 0.0000000000112880
-0.6109999999999997 0.0000000000108410
-0.6099999999999997 0.0000000000103917
-0.6089999999999997 0.0000000000099403
-0.6079999999999997 0.0000000000094869
-0.6069999999999997 0.0000000000090314
-0.6059999999999997 0.0000000000085740
-0.6049999999999996 0.0000000000081148
-0.6039999999999996 0.0000000000076540
-0.6029999999999996 0.0000000000071912
-0.6019999999999996 0.0000000000067271
-0.6009999999999996 0.0000000000062614
-0.5999999999999996 0.0000000000057941
-0.5989999999999996 0.0000000000053255
-0.5979999999999996 0.0000000000048558
-0.5969999999999996 0.0000000000043847
-0.5959999999999996 0.0000000000039125
-0.5949999999999996 0.0000000000034392
-0.5939999999999996 0.0000000000029651
-0.5929999999999996 0.0000000000024899
-0.5919999999999996 0.0000000000020139
-0.5909999999999996 0.0000000000015371
-0.5899999999999996 0.0000000000010597
-0.5889999999999996 0.0000000000005816
-0.5879999999999996 0.0000000000001030
-0.5869999999999996 0.0000000000003760
-0.5859999999999996 0.0000000000008554
-0.5849999999999996 0.0000000000013352
-0.5839999999999996 0.0000000000018151
-0.5829999999999996 0.0000000000022951
-0.5819999999999996 0.0000000000027752
-0.5809999999999996 0.0000000000032553
-0.5799999999999996 0.0000000000037356
-0.5789999999999996 0.0000000000042154
-0.5779999999999996 0.0000000000046951
-0.5769999999999996 0.0000000000051745
-0.5759999999999996 0.0000000000056535
-0.5749999999999996 0.0000000000061322
-0.5739999999999996 0.0000000000066104
-0.5729999999999996 0.0000000000070878
-0.5719999999999996 0.0000000000075647
-0.5709999999999996 0.0000000000080408
-0.5699999999999996 0.0000000000085160
-0.5689999999999996 0.0000000000089905
-0.5679999999999996 0.0000000000094640
-0.5669999999999996 0.0000000000099364
-0.5659999999999996 0.0000000000104078
-0.5649999999999996 0.0000000000108780
-0.5639999999999996 0.0000000000113468
-0.5629999999999996 0.0000000000118147
-0.5619999999999996 0.0000000000122808
-0.5609999999999996 0.0000000000127458
-0.5599999999999996 0.0000000000132091
-0.5589999999999996 0.0000000000136708
-0.5579999999999996 0.0000000000141309
-0.5569999999999996 0.0000000000145893
-0.5559999999999996 0.0000000000150460
-0.5549999999999996 0.0000000000155008
-0.5539999999999996 0.0000000000159537
-0.5529999999999996 0.0000000000164045
-0.5519999999999996 0.0000000000168535
-0.5509999999999996 0.0000000000173002
-0.5499999999999996 0.0000000000177448
-0.5489999999999996 0.0000000000181870
-0.5479999999999996 0.0000000000186271
-0.5469999999999996 0.0000000000190647
-0.5459999999999996 0.0000000000195000
-0.5449999999999996 0.0000000000199327
-0.5439999999999996 0.0000000000203628
-0.5429999999999996 0.0000000000207905
-0.5419999999999996 0.0000000000212154
-0.5409999999999996 0.0000000000216376
-0.5399999999999996 0.0000000000220571
-0.5389999999999996 0.0000000000224736
-0.5379999999999996 0.0000000000228874
-0.5369999999999996 0.0000000000232980
-0.5359999999999996 0.0000000000237058
-0.5349999999999996 0.0000000000241104
-0.5339999999999996 0.0000000000245118
-0.5329999999999996 0.0000000000249102
-0.5319999999999996 0.0000000000253052
-0.5309999999999996 0.0000000000256969
-0.5299999999999996 0.0000000000260854
-0.5289999999999996 0.0000000000264703
-0.5279999999999996 0.0000000000268520
-0.5269999999999996 0.0000000000272300
-0.5259999999999996 0.0000000000276044
-0.5249999999999996 0.0000000000279753
-0.5239999999999996 0.0000000000283426
-0.5229999999999996 0.0000000000287061
-0.5219999999999996 0.0000000000290659
-0.5209999999999996 0.0000000000294217
-0.5199999999999996 0.0000000000297739
-0.5189999999999996 0.0000000000301221
-0.5179999999999996 0.0000000000304663
-0.5169999999999996 0.0000000000308065
-0.5159999999999996 0.0000000000311428
-0.5149999999999996 0.0000000000314750
-0.5139999999999996 0.0000000000318031
-0.5129999999999996 0.0000000000321269
-0.5119999999999996 0.0000000000324465
-0.5109999999999996 0.0000000000327620
-0.5099999999999996 0.0000000000330731
-0.5089999999999996 0.0000000000333799
-0.5079999999999996 0.0000000000336822
-0.5069999999999996 0.0000000000339803
-0.5059999999999996 0.0000000000342739
-0.5049999999999996 0.0000000000345629
-0.5039999999999996 0.0000000000348476
-0.5029999999999996 0.0000000000351275
-0.5019999999999996 0.0000000000354030
-0.5009999999999996 0.0000000000356737
-0.4999999999999996 0.0000000000359399
-0.4989999999999996 0.0000000000362013
-0.4979999999999996 0.0000000000364581
-0.4969999999999996 0.0000000000367100
-0.4959999999999996 0.0000000000369572
-0.4949999999999996 0.0000000000371995
-0.4939999999999996 0.0000000000374371
-0.4929999999999995 0.0000000000376696
-0.4919999999999995 0.0000000000378974
-0.4909999999999995 0.0000000000381202
-0.4899999999999995 0.0000000000383379
-0.4889999999999995 0.0000000000385508
-0.4879999999999995 0.0000000000387587
-0.4869999999999995 0.0000000000389614
-0.4859999999999995 0.0000000000391592
-0.4849999999999995 0.0000000000393518
-0.4839999999999995 0.0000000000395393
-0.4829999999999995 0.0000000000397217
-0.4819999999999995 0.0000000000398990
-0.4809999999999995 0.0000000000400711
-0.4799999999999995 0.0000000000402380
-0.4789999999999995 0.0000000000403997
-0.4779999999999995 0.0000000000405561
-0.4769999999999995 0.0000000000407074
-0.4759999999999995 0.0000000000408533
-0.4749999999999995 0.0000000000409940
-0.4739999999999995 0.0000000000411294
-0.4729999999999995 0.0000000000412595
-0.4719999999999995 0.0000000000413843
-0.4709999999999995 0.0000000000415036
-0.4699999999999995 0.0000000000416178
-0.4689999999999995 0.0000000000417265
-0.4679999999999995 0.0000000000418299
-0.4669999999999995 0.0000000000419279
-0.4659999999999995 0.0000000000420204
-0.4649999999999995 0.0000000000421077
-0.4639999999999995 0.0000000000421895
-0.4629999999999995 0.0000000000422658
-0.4619999999999995 0.0000000000423367
-0.4609999999999995 0.0000000000424022
-0.4599999999999995 0.0000000000424624
-0.4589999999999995 0.0000000000425172
-0.4579999999999995 0.0000000000425663
-0.4569999999999995 0.0000000000426101
-0.4559999999999995 0.0000000000426485
-0.4549999999999995 0.0000000000426814
-0.4539999999999995 0.0000000000427088
-0.4529999999999995 0.0000000000427308
-0.4519999999999995 0.0000000000427474
-0.4509999999999995 0.0000000000427585
-0.4499999999999995 0.0000000000427641
-0.4489999999999995 0.0000000000427643
-0.4479999999999995 0.0000000000427591
-0.4469999999999995 0.0000000000427485
-0.4459999999999995 0.0000000000427324
-0.4449999999999995 0.0000000000427109
-0.4439999999999995 0.0000000000426840
-0.4429999999999995 0.0000000000426516
-0.4419999999999995 0.0000000000426139
-0.4409999999999995 0.0000000000425708
-0.4399999999999995 0.0000000000425222
-0.4389999999999995 0.0000000000424683
-0.4379999999999995 0.0000000000424090
-0.4369999999999995 0.0000000000423443
-0.4359999999999995 0.0000000000422744
-0.4349999999999995 0.0000000000421991
-0.4339999999999995 0.0000000000421184
-0.4329999999999995 0.0000000000420324
-0.4319999999999995 0.0000000000419412
-0.4309999999999995 0.0000000000418445
-0.4299999999999995 0.0000000000417427
-0.4289999999999995 0.0000000000416357
-0.4279999999999995 0.0000000000415234
-0.4269999999999995 0.0000000000414058
-0.4259999999999995 0.0000000000412831
-0.4249999999999995 0.0000000000411552
-0.4239999999999995 0.0000000000410222
-0.4229999999999995 0.0000000000408840
-0.4219999999999995 0.0000000000407406
-0.4209999999999995 0.0000000000405921
-0.4199999999999995 0.0000000000404387
-0.4189999999999995 0.0000000000402800
-0.4179999999999995 0.0000000000401164
-0.4169999999999995 0.0000000000399478
-0.4159999999999995 0.0000000000397741
-0.4149999999999995 0.0000000000395954
-0.4139999999999995 0.0000000000394119
-0.4129999999999995 0.0000000000392234
-0.4119999999999995 0.0000000000390301
-0.4109999999999995 0.0000000000388318
-0.4099999999999995 0.0000000000386288
-0.4089999999999995 0.0000000000384209
-0.4079999999999995 0.0000000000382082
-0.4069999999999995 0.0000000000379907
-0.4059999999999995 0.0000000000377686
-0.4049999999999995 0.0000000000375418
-0.4039999999999995 0.0000000000373102
-0.4029999999999995 0.0000000000370741
-0.4019999999999995 0.0000000000368333
-0.4009999999999995 0.0000000000365879
-0.3999999999999995 0.0000000000363380
-0.3989999999999995 0.0000000000360836
-0.3979999999999995 0.0000000000358247
-0.3969999999999995 0.0000000000355615
-0.3959999999999995 0.0000000000352938
-0.3949999999999995 0.0000000000350217
-0.3939999999999995 0.0000000000347452
-0.3929999999999995 0.0000000000344645
-0.3919999999999995 0.0000000000341795
-0.3909999999999995 0.0000000000338903
-0.3899999999999995 0.0000000000335968
-0.3889999999999995 0.0000000000332993
-0.3879999999999995 0.0000000000329976
-0.3869999999999995 0.0000000000326918
-0.3859999999999995 0.0000000000323820
-0.3849999999999995 0.0000000000320682
-0.3839999999999995 0.0000000000317504
-0.3829999999999995 0.0000000000314287
-0.3819999999999995 0.0000000000311031
-0.3809999999999995 0.0000000000307737
-0.3799999999999994 0.0000000000304405
-0.3789999999999994 0.0000000000301035
-0.3779999999999994 0.0000000000297628
-0.3769999999999994 0.0000000000294184
-0.3759999999999994 0.0000000000290704
-0.3749999999999994 0.0000000000287189
-0.3739999999999994 0.0000000000283638
-0.3729999999999994 0.0000000000280051
-0.3719999999999994 0.0000000000276431
-0.3709999999999994 0.0000000000272775
-0.3699999999999994 0.0000000000269086
-0.3689999999999994 0.0000000000265365
-0.3679999999999994 0.0000000000261610
-0.3669999999999994 0.0000000000257823
-0.3659999999999994 0.0000000000254005
-0.3649999999999994 0.0000000000250154
-0.3639999999999994 0.0000000000246273
-0.3629999999999994 0.0000000000242362
-0.3619999999999994 0.0000000000238420
-0.3609999999999994 0.0000000000234449
-0.3599999999999994 0.0000000000230449
-0.3589999999999994 0.0000000000226421
-0.3579999999999994 0.0000000000222364
-0.3569999999999994 0.0000000000218280
-0.3559999999999994 0.0000000000214169
-0.3549999999999994 0.0000000000210031
-0.3539999999999994 0.0000000000205868
-0.3529999999999994 0.0000000000201679
-0.3519999999999994 0.0000000000197465
-0.3509999999999994 0.0000000000193225
-0.3499999999999994 0.0000000000188963
-0.3489999999999994 0.0000000000184676
-0.3479999999999994 0.0000000000180366
-0.3469999999999994 0.0000000000176034
-0.3459999999999994 0.0000000000171680
-0.3449999999999994 0.0000000000167305
-0.3439999999999994 0.0000000000162908
-0.3429999999999994 0.0000000000158490
-0.3419999999999994 0.0000000000154054
-0.3409999999999994 0.0000000000149597
-0.3399999999999994 0.0000000000145122
-0.3389999999999994 0.0000000000140628
-0.3379999999999994 0.0000000000136116
-0.3369999999999994 0.0000000000131586
-0.3359999999999994 0.0000000000127041
-0.3349999999999994 0.0000000000122479
-0.3339999999999994 0.0000000000117902
-0.3329999999999994 0.0000000000113309
-0.3319999999999994 0.0000000000108701
-0.3309999999999994 0.0000000000104079
-0.3299999999999994 0.0000000000099444
-0.3289999999999994 0.0000000000094795
-0.3279999999999994 0.0000000000090134
-0.3269999999999994 0.0000000000085461
-0.3259999999999994 0.0000000000080777
-0.3249999999999994 0.0000000000076081
-0.3239999999999994 0.0000000000071376
-0.3229999999999994 0.0000000000066660
-0.3219999999999994 0.0000000000061935
-0.3209999999999994 0.0000000000057203
-0.3199999999999994 0.0000000000052460
-0.3189999999999994 0.0000000000047712
-0.3179999999999994 0.0000000000042955
-0.3169999999999994 0.0000000000038192
-0.3159999999999994 0.0000000000033423
-0.3149999999999994 0.0000000000028649
-0.3139999999999994 0.0000000000023869
-0.3129999999999994 0.0000000000019085
-0.3119999999999994 0.0000000000014297
-0.3109999999999994 0.0000000000009506
-0.3099999999999994 0.0000000000004713
-0.3089999999999994 0.0000000000000083
-0.3079999999999994 0.0000000000004881
-0.3069999999999994 0.0000000000009679
-0.3059999999999994 0.0000000000014478
-0.3049999999999994 0.0000000000019277
-0.3039999999999994 0.0000000000024076
-0.3029999999999994 0.0000000000028874
-0.3019999999999994 0.0000000000033670
-0.3009999999999994 0.0000000000038465
-0.2999999999999994 0.0000000000043255
-0.2989999999999994 0.0000000000048044
-0.2979999999999994 0.0000000000052829
-0.2969999999999994 0.0000000000057609
-0.2959999999999994 0.0000000000062384
-0.2949999999999994 0.0000000000067155
-0.2939999999999994 0.0000000000071919
-0.2929999999999994 0.0000000000076676
-0.2919999999999994 0.0000000000081427
-0.2909999999999994 0.0000000000086171
-0.2899999999999994 0.0000000000090906
-0.2889999999999994 0.0000000000095633
-0.2879999999999994 0.0000000000100351
-0.2869999999999994 0.0000000000105059
-0.2859999999999994 0.0000000000109757
-0.2849999999999994 0.0000000000114445
-0.2839999999999994 0.0000000000119122
-0.2829999999999994 0.0000000000123787
-0.2819999999999994 0.0000000000128439
-0.2809999999999994 0.0000000000133080
-0.2799999999999994 0.0000000000137706
-0.2789999999999994 0.0000000000142319
-0.2779999999999994 0.0000000000146919
-0.2769999999999994 0.0000000000151503
-0.2759999999999994 0.0000000000156072
-0.2749999999999994 0.0000000000160625
-0.2739999999999994 0.0000000000165162
-0.2729999999999994 0.0000000000169684
-0.2719999999999994 0.0000000000174186
-0.2709999999999994 0.0000000000178672
-0.2699999999999994 0.0000000000183140
-0.2689999999999994 0.0000000000187589
-0.2679999999999993 0.0000000000192018
-0.2669999999999993 0.0000000000196428
-0.2659999999999993 0.0000000000200819
-0.2649999999999993 0.0000000000205188
-0.2639999999999993 0.0000000000209537
-0.2629999999999993 0.0000000000213863
-0.2619999999999993 0.0000000000218169
-0.2609999999999993 0.0000000000222452
-0.2599999999999993 0.0000000000226710
-0.2589999999999993 0.0000000000230946
-0.2579999999999993 0.0000000000235159
-0.2569999999999993 0.0000000000239346
-0.2559999999999993 0.0000000000243510
-0.2549999999999993 0.0000000000247648
-0.2539999999999993 0.0000000000251760
-0.2529999999999993 0.0000000000255846
-0.2519999999999993 0.0000000000259907
-0.2509999999999993 0.0000000000263939
-0.2499999999999993 0.0000000000267944
-0.2489999999999993 0.0000000000271922
-0.2479999999999993 0.0000000000275872
-0.2469999999999993 0.0000000000279792
-0.2459999999999993 0.0000000000283684
-0.2449999999999993 0.0000000000287546
-0.2439999999999993 0.0000000000291378
-0.2429999999999993 0.0000000000295180
-0.2419999999999993 0.0000000000298952
-0.2409999999999993 0.0000000000302692
-0.2399999999999993 0.0000000000306400
-0.2389999999999993 0.0000000000310077
-0.2379999999999993 0.0000000000313721
-0.2369999999999993 0.0000000000317333
-0.2359999999999993 0.0000000000320911
-0.2349999999999993 0.0000000000324456
-0.2339999999999993 0.0000000000327968
-0.2329999999999993 0.0000000000331444
-0.2319999999999993 0.0000000000334887
-0.2309999999999993 0.0000000000338294
-0.2299999999999993 0.0000000000341667
-0.2289999999999993 0.0000000000345003
-0.2279999999999993 0.0000000000348304
-0.2269999999999993 0.0000000000351568
-0.2259999999999993 0.0000000000354796
-0.2249999999999993 0.0000000000357987
-0.2239999999999993 0.0000000000361140
-0.2229999999999993 0.0000000000364255
-0.2219999999999993 0.0000000000367333
-0.2209999999999993 0.0000000000370372
-0.2199999999999993 0.0000000000373372
-0.2189999999999993 0.0000000000376334
-0.2179999999999993 0.0000000000379256
-0.2169999999999993 0.0000000000382138
-0.2159999999999993 0.0000000000384981
-0.2149999999999993 0.0000000000387784
-0.2139999999999993 0.0000000000390546
-0.2129999999999993 0.0000000000393268
-0.2119999999999993 0.0000000000395948
-0.2109999999999993 0.0000000000398587
-0.2099999999999993 0.0000000000401184
-0.2089999999999993 0.0000000000403740
-0.2079999999999993 0.0000000000406254
-0.2069999999999993 0.0000000000408725
-0.2059999999999993 0.0000000000411153
-0.2049999999999993 0.0000000000413539
-0.2039999999999993 0.0000000000415881
-0.2029999999999993 0.0000000000418180
-0.2019999999999993 0.0000000000420436
-0.2009999999999993 0.0000000000422648
-0.1999999999999993 0.0000000000424815
-0.1989999999999993 0.0000000000426939
-0.1979999999999993 0.0000000000429018
-0.1969999999999993 0.0000000000431052
-0.1959999999999993 0.0000000000433041
-0.1949999999999993 0.0000000000434985
-0.1939999999999993 0.0000000000436884
-0.1929999999999993 0.0000000000438737
-0.1919999999999993 0.0000000000440545
-0.1909999999999993 0.0000000000442306
-0.1899999999999993 0.0000000000444023
-0.1889999999999993 0.0000000000445692
-0.1879999999999993 0.0000000000447315
-0.1869999999999993 0.0000000000448891
-0.1859999999999993 0.0000000000450421
-0.1849999999999993 0.0000000000451905
-0.1839999999999993 0.0000000000453340
-0.1829999999999993 0.0000000000454729
-0.1819999999999993 0.0000000000456071
-0.1809999999999993 0.0000000000457365
-0.1799999999999993 0.0000000000458611
-0.1789999999999993 0.0000000000459810
-0.1779999999999993 0.0000000000460961
-0.1769999999999993 0.0000000000462064
-0.1759999999999993 0.0000000000463120
-0.1749999999999993 0.0000000000464126
-0.1739999999999993 0.0000000000465085
-0.1729999999999993 0.0000000000465996
-0.1719999999999993 0.0000000000466858
-0.1709999999999993 0.0000000000467672
-0.1699999999999993 0.0000000000468437
-0.1689999999999993 0.0000000000469153
-0.1679999999999993 0.0000000000469821
-0.1669999999999993 0.0000000000470440
-0.1659999999999993 0.0000000000471010
-0.1649999999999993 0.0000000000471532
-0.1639999999999993 0.0000000000472004
-0.1629999999999993 0.0000000000472428
-0.1619999999999993 0.0000000000472802
-0.1609999999999993 0.0000000000473127
-0.1599999999999993 0.0000000000473404
-0.1589999999999993 0.0000000000473631
-0.1579999999999993 0.0000000000473810
-0.1569999999999993 0.0000000000473939
-0.1559999999999993 0.0000000000474019
-0.1549999999999992 0.0000000000474051
-0.1539999999999992 0.0000000000474032
-0.1529999999999992 0.0000000000473965
-0.1519999999999992 0.0000000000473849
-0.1509999999999992 0.0000000000473684
-0.1499999999999992 0.0000000000473470
-0.1489999999999992 0.0000000000473206
-0.1479999999999992 0.0000000000472894
-0.1469999999999992 0.0000000000472534
-0.1459999999999992 0.0000000000472123
-0.1449999999999992 0.0000000000471665
-0.1439999999999992 0.0000000000471157
-0.1429999999999992 0.0000000000470601
-0.1419999999999992 0.0000000000469997
-0.1409999999999992 0.0000000000469343
-0.1399999999999992 0.0000000000468641
-0.1389999999999992 0.0000000000467891
-0.1379999999999992 0.0000000000467092
-0.1369999999999992 0.0000000000466245
-0.1359999999999992 0.0000000000465350
-0.1349999999999992 0.0000000000464407
-0.1339999999999992 0.0000000000463416
-0.1329999999999992 0.0000000000462378
-0.1319999999999992 0.0000000000461291
-0.1309999999999992 0.0000000000460157
-0.1299999999999992 0.0000000000458975
-0.1289999999999992 0.0000000000457746
-0.1279999999999992 0.0000000000456470
-0.1269999999999992 0.0000000000455147
-0.1259999999999992 0.0000000000453777
-0.1249999999999992 0.0000000000452360
-0.1239999999999992 0.0000000000450897
-0.1229999999999992 0.0000000000449387
-0.1219999999999992 0.0000000000447831
-0.1209999999999992 0.0000000000446228
-0.1199999999999992 0.0000000000444580
-0.1189999999999992 0.0000000000442886
-0.1179999999999992 0.0000000000441146
-0.1169999999999992 0.0000000000439361
-0.1159999999999992 0.0000000000437530
-0.1149999999999992 0.0000000000435655
-0.1139999999999992 0.0000000000433735
-0.1129999999999992 0.0000000000431770
-0.1119999999999992 0.0000000000429761
-0.1109999999999992 0.0000000000427707
-0.1099999999999992 0.0000000000425610
-0.1089999999999992 0.0000000000423468
-0.1079999999999992 0.0000000000421283
-0.1069999999999992 0.0000000000419055
-0.1059999999999992 0.0000000000416784
-0.1049999999999992 0.0000000000414470
-0.1039999999999992 0.0000000000412113
-0.1029999999999992 0.0000000000409714
-0.1019999999999992 0.0000000000407273
-0.1009999999999992 0.0000000000404790
-0.0999999999999992 0.0000000000402266
-0.0989999999999992 0.0000000000399700
-0.0979999999999992 0.0000000000397093
-0.0969999999999992 0.0000000000394445
-0.0959999999999992 0.0000000000391757
-0.0949999999999992 0.0000000000389029
-0.0939999999999992 0.0000000000386260
-0.0929999999999992 0.0000000000383452
-0.0919999999999992 0.0000000000380605
-0.0909999999999992 0.0000000000377719
-0.0899999999999992 0.0000000000374794
-0.0889999999999992 0.0000000000371830
-0.0879999999999992 0.0000000000368829
-0.0869999999999992 0.0000000000365789
-0.0859999999999992 0.0000000000362712
-0.0849999999999992 0.0000000000359598
-0.0839999999999992 0.0000000000356447
-0.0829999999999992 0.0000000000353259
-0.0819999999999992 0.0000000000350035
-0.0809999999999992 0.0000000000346776
-0.0799999999999992 0.0000000000343480
-0.0789999999999992 0.0000000000340150
-0.0779999999999992 0.0000000000336784
-0.0769999999999992 0.0000000000333385
-0.0759999999999992 0.0000000000329951
-0.0749999999999992 0.0000000000326483
-0.0739999999999992 0.0000000000322982
-0.0729999999999992 0.0000000000319448
-0.0719999999999992 0.0000000000315880
-0.0709999999999992 0.0000000000312281
-0.0699999999999992 0.0000000000308650
-0.0689999999999992 0.0000000000304987
-0.0679999999999992 0.0000000000301293
-0.0669999999999992 0.0000000000297568
-0.0659999999999992 0.0000000000293812
-0.0649999999999992 0.0000000000290027
-0.0639999999999992 0.0000000000286212
-0.0629999999999992 0.0000000000282367
-0.0619999999999992 0.0000000000278494
-0.0609999999999992 0.0000000000274592
-0.0599999999999992 0.0000000000270662
-0.0589999999999992 0.0000000000266705
-0.0579999999999992 0.0000000000262720
-0.0569999999999992 0.0000000000258708
-0.0559999999999992 0.0000000000254670
-0.0549999999999992 0.0000000000250606
-0.0539999999999992 0.0000000000246516
-0.0529999999999992 0.0000000000242401
-0.0519999999999992 0.0000000000238261
-0.0509999999999992 0.0000000000234097
-0.0499999999999992 0.0000000000229909
-0.0489999999999992 0.0000000000225697
-0.0479999999999992 0.0000000000221462
-0.0469999999999992 0.0000000000217205
-0.0459999999999992 0.0000000000212926
-0.0449999999999992 0.0000000000208624
-0.0439999999999992 0.0000000000204302
-0.0429999999999992 0.0000000000199958
-0.0419999999999991 0.0000000000195594
-0.0409999999999991 0.0000000000191210
-0.0399999999999991 0.0000000000186807
-0.0389999999999991 0.0000000000182384
-0.0379999999999991 0.0000000000177943
-0.0369999999999991 0.0000000000173484
-0.0359999999999991 0.0000000000169007
-0.0349999999999991 0.0000000000164513
-0.0339999999999991 0.0000000000160002
-0.0329999999999991 0.0000000000155474
-0.0319999999999991 0.0000000000150931
-0.0309999999999991 0.0000000000146372
-0.0299999999999991 0.0000000000141799
-0.0289999999999991 0.0000000000137211
-0.0279999999999991 0.0000000000132608
-0.0269999999999991 0.0000000000127993
-0.0259999999999991 0.0000000000123364
-0.0249999999999991 0.0000000000118723
-0.0239999999999991 0.0000000000114069
-0.0229999999999991 0.0000000000109404
-0.0219999999999991 0.0000000000104728
-0.0209999999999991 0.0000000000100041
-0.0199999999999991 0.0000000000095344
-0.0189999999999991 0.0000000000090637
-0.0179999999999991 0.0000000000085921
-0.0169999999999991 0.0000000000081196
-0.0159999999999991 0.0000000000076463
-0.0149999999999991 0.0000000000071722
-0.0139999999999991 0.0000000000066973
-0.0129999999999991 0.0000000000062218
-0.0119999999999991 0.0000000000057457
-0.0109999999999991 0.0000000000052689
-0.0099999999999991 0.0000000000047917
-0.0089999999999991 0.0000000000043139
-0.0079999999999991 0.0000000000038357
-0.0069999999999991 0.0000000000033571
-0.0059999999999991 0.0000000000028782
-0.0049999999999991 0.0000000000023989
-0.0039999999999991 0.0000000000019194
-0.0029999999999991 0.0000000000014398
-0.0019999999999991 0.0000000000009600
-0.0009999999999991 0.0000000000004800
0.0000000000000009 0.0000000000000001
0.0010000000000009 0.0000000000004799
0.0020000000000009 0.0000000000009598
0.0030000000000009 0.0000000000014396
0.0040000000000009 0.0000000000019193
0.0050000000000009 0.0000000000023988
0.0060000000000009 0.0000000000028780
0.0070000000000009 0.0000000000033569
0.0080000000000009 0.0000000000038355
0.0090000000000009 0.0000000000043137
0.0100000000000009 0.0000000000047915
0.0110000000000009 0.0000000000052688
0.0120000000000009 0.0000000000057455
0.0130000000000009 0.0000000000062217
0.0140000000000009 0.0000000000066972
0.0150000000000009 0.0000000000071720
0.0160000000000009 0.0000000000076461
0.0170000000000009 0.0000000000081194
0.0180000000000009 0.0000000000085919
0.0190000000000009 0.0000000000090635
0.0200000000000009 0.0000000000095342
0.0210000000000009 0.0000000000100039
0.0220000000000009 0.0000000000104726
0.0230000000000009 0.0000000000109403
0.0240000000000009 0.0000000000114068
0.0250000000000009 0.0000000000118721
0.0260000000000009 0.0000000000123363
0.0270000000000009 0.0000000000127991
0.0280000000000009 0.0000000000132607
0.0290000000000009 0.0000000000137209
0.0300000000000009 0.0000000000141797
0.0310000000000009 0.0000000000146371
0.0320000000000009 0.0000000000150930
0.0330000000000009 0.0000000000155473
0.0340000000000009 0.0000000000160000
0.0350000000000009 0.0000000000164511
0.0360000000000009 0.0000000000169006
0.0370000000000009 0.0000000000173483
0.0380000000000009 0.0000000000177942
0.0390000000000009 0.0000000000182383
0.0400000000000009 0.0000000000186806
0.0410000000000009 0.0000000000191209
0.0420000000000009 0.0000000000195593
0.0430000000000009 0.0000000000199957
0.0440000000000009 0.0000000000204300
0.0450000000000009 0.0000000000208623
0.0460000000000009 0.0000000000212924
0.0470000000000009 0.0000000000217204
0.0480000000000009 0.0000000000221461
0.0490000000000009 0.0000000000225696
0.0500000000000009 0.0000000000229907
0.0510000000000009 0.0000000000234095
0.0520000000000009 0.0000000000238260
0.0530000000000009 0.0000000000242399
0.0540000000000009 0.0000000000246514
0.0550000000000009 0.0000000000250604
0.0560000000000009 0.0000000000254669
0.0570000000000009 0.0000000000258707
0.0580000000000009 0.0000000000262719
0.0590000000000009 0.0000000000266703
0.0600000000000009 0.0000000000270661
0.0610000000000009 0.0000000000274591
0.0620000000000009 0.0000000000278493
0.0630000000000009 0.0000000000282366
0.0640000000000009 0.0000000000286210
0.0650000000000009 0.0000000000290026
0.0660000000000009 0.0000000000293811
0.0670000000000009 0.0000000000297566
0.0680000000000009 0.0000000000301291
0.0690000000000009 0.0000000000304986
0.0700000000000009 0.0000000000308649
0.0710000000000009 0.0000000000312280
0.0720000000000009 0.0000000000315879
0.0730000000000009 0.0000000000319446
0.0740000000000009 0.0000000000322980
0.0750000000000009 0.0000000000326482
0.0760000000000009 0.0000000000329949
0.0770000000000009 0.0000000000333383
0.0780000000000009 0.0000000000336783
0.0790000000000009 0.0000000000340149
0.0800000000000009 0.0000000000343479
0.0810000000000009 0.0000000000346774
0.0820000000000009 0.0000000000350034
0.0830000000000009 0.0000000000353258
0.0840000000000009 0.0000000000356445
0.0850000000000009 0.0000000000359597
0.0860000000000010 0.0000000000362711
0.0870000000000010 0.0000000000365788
0.0880000000000010 0.0000000000368827
0.0890000000000010 0.0000000000371829
0.0900000000000010 0.0000000000374793
0.0910000000000010 0.0000000000377718
0.0920000000000010 0.0000000000380604
0.0930000000000010 0.0000000000383451
0.0940000000000010 0.0000000000386259
0.0950000000000010 0.0000000000389028
0.0960000000000010 0.0000000000391756
0.0970000000000010 0.0000000000394444
0.0980000000000010 0.0000000000397092
0.0990000000000010 0.0000000000399699
0.1000000000000010 0.0000000000402265
0.1010000000000010 0.0000000000404789
0.1020000000000010 0.0000000000407272
0.1030000000000010 0.0000000000409713
0.1040000000000010 0.0000000000412112
0.1050000000000010 0.0000000000414469
0.1060000000000010 0.0000000000416783
0.1070000000000010 0.0000000000419054
0.1080000000000010 0.0000000000421282
0.1090000000000010 0.0000000000423467
0.1100000000000010 0.0000000000425608
0.1110000000000010 0.0000000000427706
0.1120000000000010 0.0000000000429759
0.1130000000000010 0.0000000000431769
0.1140000000000010 0.0000000000433733
0.1150000000000010 0.0000000000435654
0.1160000000000010 0.0000000000437529
0.1170000000000010 0.0000000000439360
0.1180000000000010 0.0000000000441145
0.1190000000000010 0.0000000000442884
0.1200000000000010 0.0000000000444579
0.1210000000000010 0.0000000000446227
0.1220000000000010 0.0000000000447830
0.1230000000000010 0.0000000000449386
0.1240000000000010 0.0000000000450896
0.1250000000000010 0.0000000000452359
0.1260000000000010 0.0000000000453776
0.1270000000000010 0.0000000000455146
0.1280000000000010 0.0000000000456469
0.1290000000000010 0.0000000000457745
0.1300000000000010 0.0000000000458974
0.1310000000000010 0.0000000000460156
0.1320000000000010 0.0000000000461290
0.1330000000000010 0.0000000000462376
0.1340000000000010 0.0000000000463415
0.1350000000000010 0.0000000000464406
0.1360000000000010 0.0000000000465349
0.1370000000000010 0.0000000000466244
0.1380000000000010 0.0000000000467091
0.1390000000000010 0.0000000000467890
0.1400000000000010 0.0000000000468640
0.1410000000000010 0.0000000000469342
0.1420000000000010 0.0000000000469995
0.1430000000000010 0.0000000000470600
0.1440000000000010 0.0000000000471156
0.1450000000000010 0.0000000000471664
0.1460000000000010 0.0000000000472123
0.1470000000000010 0.0000000000472533
0.1480000000000010 0.0000000000472894
0.1490000000000010 0.0000000000473205
0.1500000000000010 0.0000000000473469
0.1510000000000010 0.0000000000473683
0.1520000000000010 0.0000000000473848
0.1530000000000010 0.0000000000473964
0.1540000000000010 0.0000000000474031
0.1550000000000010 0.0000000000474049
0.1560000000000010 0.0000000000474018
0.1570000000000010 0.0000000000473938
0.1580000000000010 0.0000000000473809
0.1590000000000010 0.0000000000473630
0.1600000000000010 0.0000000000473403
0.1610000000000010 0.0000000000473127
0.1620000000000010 0.0000000000472801
0.1630000000000010 0.0000000000472427
0.1640000000000010 0.0000000000472003
0.1650000000000010 0.0000000000471531
0.1660000000000010 0.0000000000471009
0.1670000000000010 0.0000000000470439
0.1680000000000010 0.0000000000469820
0.1690000000000010 0.0000000000469152
0.1700000000000010 0.0000000000468436
0.1710000000000010 0.0000000000467671
0.1720000000000010 0.0000000000466857
0.1730000000000010 0.0000000000465995
0.1740000000000010 0.0000000000465084
0.1750000000000010 0.0000000000464125
0.1760000000000010 0.0000000000463118
0.1770000000000010 0.0000000000462063
0.1780000000000010 0.0000000000460960
0.1790000000000010 0.0000000000459809
0.1800000000000010 0.0000000000458610
0.1810000000000010 0.0000000000457364
0.1820000000000010 0.0000000000456070
0.1830000000000010 0.0000000000454728
0.1840000000000010 0.0000000000453339
0.1850000000000010 0.0000000000451904
0.1860000000000010 0.0000000000450421
0.1870000000000010 0.0000000000448890
0.1880000000000010 0.0000000000447314
0.1890000000000010 0.0000000000445691
0.1900000000000010 0.0000000000444022
0.1910000000000010 0.0000000000442306
0.1920000000000010 0.0000000000440544
0.1930000000000010 0.0000000000438736
0.1940000000000010 0.0000000000436883
0.1950000000000010 0.0000000000434984
0.1960000000000010 0.0000000000433040
0.1970000000000010 0.0000000000431051
0.1980000000000010 0.0000000000429017
0.1990000000000010 0.0000000000426938
0.2000000000000010 0.0000000000424814
0.2010000000000010 0.0000000000422647
0.2020000000000010 0.0000000000420435
0.2030000000000010 0.0000000000418180
0.2040000000000010 0.0000000000415880
0.2050000000000010 0.0000000000413538
0.2060000000000010 0.0000000000411153
0.2070000000000010 0.0000000000408724
0.2080000000000010 0.0000000000406253
0.2090000000000010 0.0000000000403740
0.2100000000000010 0.0000000000401184
0.2110000000000010 0.0000000000398586
0.2120000000000010 0.0000000000395947
0.2130000000000010 0.0000000000393267
0.2140000000000011 0.0000000000390545
0.2150000000000011 0.0000000000387783
0.2160000000000011 0.0000000000384980
0.2170000000000011 0.0000000000382138
0.2180000000000011 0.0000000000379255
0.2190000000000011 0.0000000000376333
0.2200000000000011 0.0000000000373371
0.2210000000000011 0.0000000000370371
0.2220000000000011 0.0000000000367331
0.2230000000000011 0.0000000000364254
0.2240000000000011 0.0000000000361138
0.2250000000000011 0.0000000000357985
0.2260000000000011 0.0000000000354795
0.2270000000000011 0.0000000000351567
0.2280000000000011 0.0000000000348303
0.2290000000000011 0.0000000000345002
0.2300000000000011 0.0000000000341666
0.2310000000000011 0.0000000000338294
0.2320000000000011 0.0000000000334886
0.2330000000000011 0.0000000000331443
0.2340000000000011 0.0000000000327967
0.2350000000000011 0.0000000000324455
0.2360000000000011 0.0000000000320910
0.2370000000000011 0.0000000000317332
0.2380000000000011 0.0000000000313720
0.2390000000000011 0.0000000000310076
0.2400000000000011 0.0000000000306399
0.2410000000000011 0.0000000000302691
0.2420000000000011 0.0000000000298951
0.2430000000000011 0.0000000000295179
0.2440000000000011 0.0000000000291377
0.2450000000000011 0.0000000000287545
0.2460000000000011 0.0000000000283683
0.2470000000000011 0.0000000000279791
0.2480000000000011 0.0000000000275871
0.2490000000000011 0.0000000000271921
0.2500000000000011 0.0000000000267944
0.2510000000000011 0.0000000000263938
0.2520000000000011 0.0000000000259905
0.2530000000000011 0.0000000000255845
0.2540000000000011 0.0000000000251759
0.2550000000000011 0.0000000000247647
0.2560000000000011 0.0000000000243509
0.2570000000000011 0.0000000000239346
0.2580000000000011 0.0000000000235157
0.2590000000000011 0.0000000000230946
0.2600000000000011 0.0000000000226709
0.2610000000000011 0.0000000000222450
0.2620000000000011 0.0000000000218167
0.2630000000000011 0.0000000000213862
0.2640000000000011 0.0000000000209536
0.2650000000000011 0.0000000000205188
0.2660000000000011 0.0000000000200818
0.2670000000000011 0.0000000000196428
0.2680000000000011 0.0000000000192018
0.2690000000000011 0.0000000000187588
0.2700000000000011 0.0000000000183139
0.2710000000000011 0.0000000000178672
0.2720000000000011 0.0000000000174186
0.2730000000000011 0.0000000000169682
0.2740000000000011 0.0000000000165162
0.2750000000000011 0.0000000000160624
0.2760000000000011 0.0000000000156070
0.2770000000000011 0.0000000000151502
0.2780000000000011 0.0000000000146917
0.2790000000000011 0.0000000000142318
0.2800000000000011 0.0000000000137705
0.2810000000000011 0.0000000000133078
0.2820000000000011 0.0000000000128438
0.2830000000000011 0.0000000000123785
0.2840000000000011 0.0000000000119120
0.2850000000000011 0.0000000000114444
0.2860000000000011 0.0000000000109756
0.2870000000000011 0.0000000000105058
0.2880000000000011 0.0000000000100349
0.2890000000000011 0.0000000000095631
0.2900000000000011 0.0000000000090905
0.2910000000000011 0.0000000000086169
0.2920000000000011 0.0000000000081425
0.2930000000000011 0.0000000000076675
0.2940000000000011 0.0000000000071917
0.2950000000000011 0.0000000000067153
0.2960000000000011 0.0000000000062382
0.2970000000000011 0.0000000000057607
0.2980000000000011 0.0000000000052827
0.2990000000000011 0.0000000000048043
0.3000000000000011 0.0000000000043254
0.3010000000000011 0.0000000000038463
0.3020000000000011 0.0000000000033669
0.3030000000000011 0.0000000000028873
0.3040000000000011 0.0000000000024075
0.3050000000000011 0.0000000000019276
0.3060000000000011 0.0000000000014476
0.3070000000000011 0.0000000000009677
0.3080000000000011 0.0000000000004879
0.3090000000000011 0.0000000000000081
0.3100000000000011 0.0000000000004715
0.3110000000000011 0.0000000000009509
0.3120000000000011 0.0000000000014299
0.3130000000000011 0.0000000000019087
0.3140000000000011 0.0000000000023870
0.3150000000000011 0.0000000000028649
0.3160000000000011 0.0000000000033425
0.3170000000000011 0.0000000000038194
0.3180000000000011 0.0000000000042956
0.3190000000000011 0.0000000000047713
0.3200000000000011 0.0000000000052462
0.3210000000000011 0.0000000000057204
0.3220000000000011 0.0000000000061937
0.3230000000000011 0.0000000000066662
0.3240000000000011 0.0000000000071378
0.3250000000000011 0.0000000000076083
0.3260000000000011 0.0000000000080779
0.3270000000000011 0.0000000000085463
0.3280000000000011 0.0000000000090136
0.3290000000000011 0.0000000000094796
0.3300000000000011 0.0000000000099445
0.3310000000000011 0.0000000000104081
0.3320000000000011 0.0000000000108702
0.3330000000000011 0.0000000000113310
0.3340000000000011 0.0000000000117903
0.3350000000000011 0.0000000000122481
0.3360000000000011 0.0000000000127043
0.3370000000000011 0.0000000000131589
0.3380000000000011 0.0000000000136118
0.3390000000000011 0.0000000000140630
0.3400000000000011 0.0000000000145123
0.3410000000000011 0.0000000000149599
0.3420000000000011 0.0000000000154055
0.3430000000000011 0.0000000000158492
0.3440000000000011 0.0000000000162910
0.3450000000000011 0.0000000000167306
0.3460000000000011 0.0000000000171682
0.3470000000000011 0.0000000000176036
0.3480000000000011 0.0000000000180368
0.3490000000000011 0.0000000000184678
0.3500000000000011 0.0000000000188964
0.3510000000000011 0.0000000000193227
0.3520000000000011 0.0000000000197466
0.3530000000000011 0.0000000000201681
0.3540000000000011 0.0000000000205870
0.3550000000000011 0.0000000000210033
0.3560000000000011 0.0000000000214171
0.3570000000000011 0.0000000000218282
0.3580000000000012 0.0000000000222367
0.3590000000000012 0.0000000000226422
0.3600000000000012 0.0000000000230451
0.3610000000000012 0.0000000000234451
0.3620000000000012 0.0000000000238422
0.3630000000000012 0.0000000000242363
0.3640000000000012 0.0000000000246275
0.3650000000000012 0.0000000000250155
0.3660000000000012 0.0000000000254006
0.3670000000000012 0.0000000000257824
0.3680000000000012 0.0000000000261612
0.3690000000000012 0.0000000000265367
0.3700000000000012 0.0000000000269089
0.3710000000000012 0.0000000000272777
0.3720000000000012 0.0000000000276432
0.3730000000000012 0.0000000000280053
0.3740000000000012 0.0000000000283639
0.3750000000000012 0.0000000000287191
0.3760000000000012 0.0000000000290706
0.3770000000000012 0.0000000000294187
0.3780000000000012 0.0000000000297630
0.3790000000000012 0.0000000000301038
0.3800000000000012 0.0000000000304408
0.3810000000000012 0.0000000000307739
0.3820000000000012 0.0000000000311034
0.3830000000000012 0.0000000000314290
0.3840000000000012 0.0000000000317506
0.3850000000000012 0.0000000000320683
0.3860000000000012 0.0000000000323823
0.3870000000000012 0.0000000000326920
0.3880000000000012 0.0000000000329977
0.3890000000000012 0.0000000000332994
0.3900000000000012 0.0000000000335970
0.3910000000000012 0.0000000000338905
0.3920000000000012 0.0000000000341797
0.3930000000000012 0.0000000000344647
0.3940000000000012 0.0000000000347454
0.3950000000000012 0.0000000000350218
0.3960000000000012 0.0000000000352940
0.3970000000000012 0.0000000000355617
0.3980000000000012 0.0000000000358250
0.3990000000000012 0.0000000000360839
0.4000000000000012 0.0000000000363383
0.4010000000000012 0.0000000000365882
0.4020000000000012 0.0000000000368334
0.4030000000000012 0.0000000000370742
0.4040000000000012 0.0000000000373104
0.4050000000000012 0.0000000000375419
0.4060000000000012 0.0000000000377687
0.4070000000000012 0.0000000000379909
0.4080000000000012 0.0000000000382083
0.4090000000000012 0.0000000000384210
0.4100000000000012 0.0000000000386289
0.4110000000000012 0.0000000000388320
0.4120000000000012 0.0000000000390302
0.4130000000000012 0.0000000000392236
0.4140000000000012 0.0000000000394121
0.4150000000000012 0.0000000000395957
0.4160000000000012 0.0000000000397743
0.4170000000000012 0.0000000000399479
0.4180000000000012 0.0000000000401166
0.4190000000000012 0.0000000000402802
0.4200000000000012 0.0000000000404388
0.4210000000000012 0.0000000000405924
0.4220000000000012 0.0000000000407408
0.4230000000000012 0.0000000000408841
0.4240000000000012 0.0000000000410224
0.4250000000000012 0.0000000000411555
0.4260000000000012 0.0000000000412834
0.4270000000000012 0.0000000000414060
0.4280000000000012 0.0000000000415236
0.4290000000000012 0.0000000000416359
0.4300000000000012 0.0000000000417430
0.4310000000000012 0.0000000000418448
0.4320000000000012 0.0000000000419413
0.4330000000000012 0.0000000000420326
0.4340000000000012 0.0000000000421185
0.4350000000000012 0.0000000000421993
0.4360000000000012 0.0000000000422745
0.4370000000000012 0.0000000000423445
0.4380000000000012 0.0000000000424092
0.4390000000000012 0.0000000000424685
0.4400000000000012 0.0000000000425224
0.4410000000000012 0.0000000000425709
0.4420000000000012 0.0000000000426140
0.4430000000000012 0.0000000000426518
0.4440000000000012 0.0000000000426842
0.4450000000000012 0.0000000000427111
0.4460000000000012 0.0000000000427326
0.4470000000000012 0.0000000000427487
0.4480000000000012 0.0000000000427594
0.4490000000000012 0.0000000000427646
0.4500000000000012 0.0000000000427643
0.4510000000000012 0.0000000000427587
0.4520000000000012 0.0000000000427475
0.4530000000000012 0.0000000000427310
0.4540000000000012 0.0000000000427090
0.4550000000000012 0.0000000000426815
0.4560000000000012 0.0000000000426487
0.4570000000000012 0.0000000000426103
0.4580000000000012 0.0000000000425666
0.4590000000000012 0.0000000000425173
0.4600000000000012 0.0000000000424626
0.4610000000000012 0.0000000000424025
0.4620000000000012 0.0000000000423370
0.4630000000000012 0.0000000000422660
0.4640000000000012 0.0000000000421897
0.4650000000000012 0.0000000000421078
0.4660000000000012 0.0000000000420207
0.4670000000000012 0.0000000000419281
0.4680000000000012 0.0000000000418301
0.4690000000000012 0.0000000000417268
0.4700000000000013 0.0000000000416180
0.4710000000000013 0.0000000000415040
0.4720000000000013 0.0000000000413845
0.4730000000000013 0.0000000000412598
0.4740000000000013 0.0000000000411297
0.4750000000000013 0.0000000000409943
0.4760000000000013 0.0000000000408536
0.4770000000000013 0.0000000000407077
0.4780000000000013 0.0000000000405564
0.4790000000000013 0.0000000000403999
0.4800000000000013 0.0000000000402382
0.4810000000000013 0.0000000000400713
0.4820000000000013 0.0000000000398993
0.4830000000000013 0.0000000000397220
0.4840000000000013 0.0000000000395396
0.4850000000000013 0.0000000000393521
0.4860000000000013 0.0000000000391594
0.4870000000000013 0.0000000000389616
0.4880000000000013 0.0000000000387588
0.4890000000000013 0.0000000000385511
0.4900000000000013 0.0000000000383382
0.4910000000000013 0.0000000000381204
0.4920000000000013 0.0000000000378976
0.4930000000000013 0.0000000000376699
0.4940000000000013 0.0000000000374372
0.4950000000000013 0.0000000000371997
0.4960000000000013 0.0000000000369574
0.4970000000000013 0.0000000000367102
0.4980000000000013 0.0000000000364583
0.4990000000000013 0.0000000000362016
0.5000000000000012 0.0000000000359401
0.5010000000000012 0.0000000000356740
0.5020000000000012 0.0000000000354032
0.5030000000000012 0.0000000000351278
0.5040000000000012 0.0000000000348477
0.5050000000000012 0.0000000000345632
0.5060000000000012 0.0000000000342741
0.5070000000000012 0.0000000000339805
0.5080000000000012 0.0000000000336826
0.5090000000000012 0.0000000000333801
0.5100000000000012 0.0000000000330733
0.5110000000000012 0.0000000000327622
0.5120000000000012 0.0000000000324468
0.5130000000000012 0.0000000000321271
0.5140000000000012 0.0000000000318032
0.5150000000000012 0.0000000000314752
0.5160000000000012 0.0000000000311431
0.5170000000000012 0.0000000000308069
0.5180000000000012 0.0000000000304666
0.5190000000000012 0.0000000000301223
0.5200000000000012 0.0000000000297741
0.5210000000000012 0.0000000000294220
0.5220000000000012 0.0000000000290661
0.5230000000000012 0.0000000000287063
0.5240000000000012 0.0000000000283429
0.5250000000000012 0.0000000000279756
0.5260000000000012 0.0000000000276047
0.5270000000000012 0.0000000000272302
0.5280000000000012 0.0000000000268522
0.5290000000000012 0.0000000000264706
0.5300000000000012 0.0000000000260856
0.5310000000000012 0.0000000000256972
0.5320000000000012 0.0000000000253055
0.5330000000000013 0.0000000000249104
0.5340000000000013 0.0000000000245122
0.5350000000000013 0.0000000000241106
0.5360000000000013 0.0000000000237060
0.5370000000000013 0.0000000000232984
0.5380000000000013 0.0000000000228876
0.5390000000000013 0.0000000000224740
0.5400000000000013 0.0000000000220574
0.5410000000000013 0.0000000000216380
0.5420000000000013 0.0000000000212158
0.5430000000000013 0.0000000000207908
0.5440000000000013 0.0000000000203633
0.5450000000000013 0.0000000000199331
0.5460000000000013 0.0000000000195003
0.5470000000000013 0.0000000000190650
0.5480000000000013 0.0000000000186273
0.5490000000000013 0.0000000000181872
0.5500000000000013 0.0000000000177449
0.5510000000000013 0.0000000000173005
0.5520000000000013 0.0000000000168536
0.5530000000000013 0.0000000000164049
0.5540000000000013 0.0000000000159539
0.5550000000000013 0.0000000000155009
0.5560000000000013 0.0000000000150463
0.5570000000000013 0.0000000000145897
0.5580000000000013 0.0000000000141314
0.5590000000000013 0.0000000000136711
0.5600000000000013 0.0000000000132093
0.5610000000000013 0.0000000000127460
0.5620000000000013 0.0000000000122812
0.5630000000000013 0.0000000000118149
0.5640000000000013 0.0000000000113473
0.5650000000000013 0.0000000000108782
0.5660000000000013 0.0000000000104081
0.5670000000000013 0.0000000000099367
0.5680000000000013 0.0000000000094641
0.5690000000000013 0.0000000000089909
0.5700000000000013 0.0000000000085164
0.5710000000000013 0.0000000000080410
0.5720000000000013 0.0000000000075649
0.5730000000000013 0.0000000000070881
0.5740000000000013 0.0000000000066106
0.5750000000000013 0.0000000000061324
0.5760000000000013 0.0000000000056539
0.5770000000000013 0.0000000000051749
0.5780000000000013 0.0000000000046954
0.5790000000000013 0.0000000000042156
0.5800000000000013 0.0000000000037357
0.5810000000000013 0.0000000000032556
0.5820000000000013 0.0000000000027754
0.5830000000000013 0.0000000000022953
0.5840000000000013 0.0000000000018152
0.5850000000000013 0.0000000000013353
0.5860000000000013 0.0000000000008554
0.5870000000000013 0.0000000000003760
0.5880000000000013 0.0000000000001029
0.5890000000000013 0.0000000000005814
0.5900000000000013 0.0000000000010595
0.5910000000000013 0.0000000000015369
0.5920000000000013 0.0000000000020136
0.5930000000000013 0.0000000000024897
0.5940000000000013 0.0000000000029647
0.5950000000000013 0.0000000000034390
0.5960000000000013 0.0000000000039123
0.5970000000000013 0.0000000000043846
0.5980000000000013 0.0000000000048557
0.5990000000000013 0.0000000000053255
0.6000000000000013 0.0000000000057940
0.6010000000000013 0.0000000000062612
0.6020000000000013 0.0000000000067271
0.6030000000000013 0.0000000000071911
0.6040000000000013 0.0000000000076537
0.6050000000000013 0.0000000000081146
0.6060000000000013 0.0000000000085738
0.6070000000000013 0.0000000000090312
0.6080000000000013 0.0000000000094866
0.6090000000000013 0.0000000000099400
0.6100000000000013 0.0000000000103915
0.6110000000000013 0.0000000000108407
0.6120000000000013 0.0000000000112879
0.6130000000000013 0.0000000000117325
0.6140000000000013 0.0000000000121749
0.6150000000000013 0.0000000000126149
0.6160000000000013 0.0000000000130523
0.6170000000000013 0.0000000000134872
0.6180000000000013 0.0000000000139194
0.6190000000000013 0.0000000000143489
0.6200000000000013 0.0000000000147754
0.6210000000000013 0.0000000000151992
0.6220000000000013 0.0000000000156199
0.6230000000000013 0.0000000000160377
0.6240000000000013 0.0000000000164523
0.6250000000000013 0.0000000000168637
0.6260000000000013 0.0000000000172721
0.6270000000000013 0.0000000000176769
0.6280000000000013 0.0000000000180783
0.6290000000000013 0.0000000000184762
0.6300000000000013 0.0000000000188707
0.6310000000000013 0.0000000000192616
0.6320000000000013 0.0000000000196487
0.6330000000000013 0.0000000000200320
0.6340000000000013 0.0000000000204116
0.6350000000000013 0.0000000000207871
0.6360000000000013 0.0000000000211587
0.6370000000000013 0.0000000000215264
0.6380000000000013 0.0000000000218899
0.6390000000000013 0.0000000000222493
0.6400000000000013 0.0000000000226045
0.6410000000000013 0.0000000000229551
0.6420000000000013 0.0000000000233017
0.6430000000000013 0.0000000000236436
0.6440000000000013 0.0000000000239810
0.6450000000000014 0.0000000000243140
0.6460000000000014 0.0000000000246422
0.6470000000000014 0.0000000000249657
0.6480000000000014 0.0000000000252846
0.6490000000000014 0.0000000000255986
0.6500000000000014 0.0000000000259077
0.6510000000000014 0.0000000000262118
0.6520000000000014 0.0000000000265110
0.6530000000000014 0.0000000000268049
0.6540000000000014 0.0000000000270940
0.6550000000000014 0.0000000000273778
0.6560000000000014 0.0000000000276561
0.6570000000000014 0.0000000000279294
0.6580000000000014 0.0000000000281972
0.6590000000000014 0.0000000000284597
0.6600000000000014 0.0000000000287168
0.6610000000000014 0.0000000000289683
0.6620000000000014 0.0000000000292140
0.6630000000000014 0.0000000000294544
0.6640000000000014 0.0000000000296890
0.6650000000000014 0.0000000000299177
0.6660000000000014 0.0000000000301409
0.6670000000000014 0.0000000000303580
0.6680000000000014 0.0000000000305694
0.6690000000000014 0.0000000000307752
0.6700000000000014 0.0000000000309744
0.6710000000000014 0.0000000000311680
0.6720000000000014 0.0000000000313555
0.6730000000000014 0.0000000000315368
0.6740000000000014 0.0000000000317120
0.6750000000000014 0.0000000000318809
0.6760000000000014 0.0000000000320437
0.6770000000000014 0.0000000000322004
0.6780000000000014 0.0000000000323505
0.6790000000000014 0.0000000000324945
0.6800000000000014 0.0000000000326319
0.6810000000000014 0.0000000000327631
0.6820000000000014 0.0000000000328877
0.6830000000000014 0.0000000000330059
0.6840000000000014 0.0000000000331175
0.6850000000000014 0.0000000000332228
0.6860000000000014 0.0000000000333213
0.6870000000000014 0.0000000000334133
0.6880000000000014 0.0000000000334988
0.6890000000000014 0.0000000000335774
0.6900000000000014 0.0000000000336494
0.6910000000000014 0.0000000000337148
0.6920000000000014 0.0000000000337734
0.6930000000000014 0.0000000000338254
0.6940000000000014 0.0000000000338705
0.6950000000000014 0.0000000000339088
0.6960000000000014 0.0000000000339403
0.6970000000000014 0.0000000000339652
0.6980000000000014 0.0000000000339830
0.6990000000000014 0.0000000000339941
0.7000000000000014 0.0000000000339982
0.7010000000000014 0.0000000000339958
0.7020000000000014 0.0000000000339861
0.7030000000000014 0.0000000000339698
0.7040000000000014 0.0000000000339466
0.7050000000000014 0.0000000000339164
0.7060000000000014 0.0000000000338792
0.7070000000000014 0.0000000000338353
0.7080000000000014 0.0000000000337844
0.7090000000000014 0.0000000000337267
0.7100000000000014 0.0000000000336621
0.7110000000000014 0.0000000000335906
0.7120000000000014 0.0000000000335120
0.7130000000000014 0.0000000000334267
0.7140000000000014 0.0000000000333346
0.7150000000000014 0.0000000000332354
0.7160000000000014 0.0000000000331294
0.7170000000000014 0.0000000000330168
0.7180000000000014 0.0000000000328969
0.7190000000000014 0.0000000000327706
0.7200000000000014 0.0000000000326373
0.7210000000000014 0.0000000000324973
0.7220000000000014 0.0000000000323505
0.7230000000000014 0.0000000000321970
0.7240000000000014 0.0000000000320367
0.7250000000000014 0.0000000000318698
0.7260000000000014 0.0000000000316961
0.7270000000000014 0.0000000000315159
0.7280000000000014 0.0000000000313289
0.7290000000000014 0.0000000000311355
0.7300000000000014 0.0000000000309354
0.7310000000000014 0.0000000000307289
0.7320000000000014 0.0000000000305160
0.7330000000000014 0.0000000000302965
0.7340000000000014 0.0000000000300705
0.7350000000000014 0.0000000000298384
0.7360000000000014 0.0000000000295997
0.7370000000000014 0.0000000000293547
0.7380000000000014 0.0000000000291037
0.7390000000000014 0.0000000000288465
0.7400000000000014 0.0000000000285830
0.7410000000000014 0.0000000000283135
0.7420000000000014 0.0000000000280379
0.7430000000000014 0.0000000000277565
0.7440000000000014 0.0000000000274688
0.7450000000000014 0.0000000000271754
0.7460000000000014 0.0000000000268762
0.7470000000000014 0.0000000000265714
0.7480000000000014 0.0000000000262607
0.7490000000000014 0.0000000000259444
0.7500000000000014 0.0000000000256225
0.7510000000000014 0.0000000000252951
0.7520000000000014 0.0000000000249623
0.7530000000000014 0.0000000000246243
0.7540000000000014 0.0000000000242806
0.7550000000000014 0.0000000000239320
0.7560000000000014 0.0000000000235783
0.7570000000000014 0.0000000000232193
0.7580000000000015 0.0000000000228554
0.7590000000000015 0.0000000000224868
0.7600000000000015 0.0000000000221130
0.7610000000000015 0.0000000000217346
0.7620000000000015 0.0000000000213516
0.7630000000000015 0.0000000000209639
0.7640000000000015 0.0000000000205719
0.7650000000000015 0.0000000000201754
0.7660000000000015 0.0000000000197745
0.7670000000000015 0.0000000000193695
0.7680000000000015 0.0000000000189604
0.7690000000000015 0.0000000000185473
0.7700000000000015 0.0000000000181302
0.7710000000000015 0.0000000000177093
0.7720000000000015 0.0000000000172846
0.7730000000000015 0.0000000000168563
0.7740000000000015 0.0000000000164244
0.7750000000000015 0.0000000000159892
0.7760000000000015 0.0000000000155508
0.7770000000000015 0.0000000000151090
0.7780000000000015 0.0000000000146643
0.7790000000000015 0.0000000000142165
0.7800000000000015 0.0000000000137659
0.7810000000000015 0.0000000000133125
0.7820000000000015 0.0000000000128564
0.7830000000000015 0.0000000000123979
0.7840000000000015 0.0000000000119368
0.7850000000000015 0.0000000000114736
0.7860000000000015 0.0000000000110083
0.7870000000000015 0.0000000000105408
0.7880000000000015 0.0000000000100715
0.7890000000000015 0.0000000000096003
0.7900000000000015 0.0000000000091276
0.7910000000000015 0.0000000000086534
0.7920000000000015 0.0000000000081776
0.7930000000000015 0.0000000000077006
0.7940000000000015 0.0000000000072226
0.7950000000000015 0.0000000000067435
0.7960000000000015 0.0000000000062635
0.7970000000000015 0.0000000000057829
0.7980000000000015 0.0000000000053016
0.7990000000000015 0.0000000000048198
0.8000000000000015 0.0000000000043378
0.8010000000000015 0.0000000000038555
0.8020000000000015 0.0000000000033732
0.8030000000000015 0.0000000000028910
0.8040000000000015 0.0000000000024091
0.8050000000000015 0.0000000000019275
0.8060000000000015 0.0000000000014465
0.8070000000000015 0.0000000000009661
0.8080000000000015 0.0000000000004868
0.8090000000000015 0.0000000000000081
0.8100000000000015 0.0000000000004692
0.8110000000000015 0.0000000000009454
0.8120000000000015 0.0000000000014200
0.8130000000000015 0.0000000000018930
0.8140000000000015 0.0000000000023644
0.8150000000000015 0.0000000000028340
0.8160000000000015 0.0000000000033015
0.8170000000000015 0.0000000000037668
0.8180000000000015 0.0000000000042297
0.8190000000000015 0.0000000000046901
0.8200000000000015 0.0000000000051480
0.8210000000000015 0.0000000000056030
0.8220000000000015 0.0000000000060548
0.8230000000000015 0.0000000000065039
0.8240000000000015 0.0000000000069497
0.8250000000000015 0.0000000000073918
0.8260000000000015 0.0000000000078305
0.8270000000000015 0.0000000000082653
0.8280000000000015 0.0000000000086963
0.8290000000000015 0.0000000000091233
0.8300000000000015 0.0000000000095459
0.8310000000000015 0.0000000000099644
0.8320000000000015 0.0000000000103781
0.8330000000000015 0.0000000000107873
0.8340000000000015 0.0000000000111916
0.8350000000000015 0.0000000000115910
0.8360000000000015 0.0000000000119852
0.8370000000000015 0.0000000000123741
0.8380000000000015 0.0000000000127576
0.8390000000000015 0.0000000000131353
0.8400000000000015 0.0000000000135075
0.8410000000000015 0.0000000000138737
0.8420000000000015 0.0000000000142337
0.8430000000000015 0.0000000000145876
0.8440000000000015 0.0000000000149352
0.8450000000000015 0.0000000000152760
0.8460000000000015 0.0000000000156103
0.8470000000000015 0.0000000000159378
0.8480000000000015 0.0000000000162582
0.8490000000000015 0.0000000000165719
0.8500000000000015 0.0000000000168779
0.8510000000000015 0.0000000000171767
0.8520000000000015 0.0000000000174680
0.8530000000000015 0.0000000000177515
0.8540000000000015 0.0000000000180272
0.8550000000000015 0.0000000000182953
0.8560000000000015 0.0000000000185549
0.8570000000000015 0.0000000000188063
0.8580000000000015 0.0000000000190494
0.8590000000000015 0.0000000000192841
0.8600000000000015 0.0000000000195103
0.8610000000000015 0.0000000000197276
0.8620000000000015 0.0000000000199362
0.8630000000000015 0.0000000000201357
0.8640000000000015 0.0000000000203260
0.8650000000000015 0.0000000000205073
0.8660000000000015 0.0000000000206790
0.8670000000000015 0.0000000000208416
0.8680000000000015 0.0000000000209944
0.8690000000000015 0.0000000000211378
0.8700000000000015 0.0000000000212712
0.8710000000000016 0.0000000000213949
0.8720000000000016 0.0000000000215086
0.8730000000000016 0.0000000000216124
0.8740000000000016 0.0000000000217060
0.8750000000000016 0.0000000000217892
0.8760000000000016 0.0000000000218623
0.8770000000000016 0.0000000000219251
0.8780000000000016 0.0000000000219774
0.8790000000000016 0.0000000000220191
0.8800000000000016 0.0000000000220503
0.8810000000000016 0.0000000000220709
0.8820000000000016 0.0000000000220807
0.8830000000000016 0.0000000000220797
0.8840000000000016 0.0000000000220680
0.8850000000000016 0.0000000000220453
0.8860000000000016 0.0000000000220117
0.8870000000000016 0.0000000000219673
0.8880000000000016 0.0000000000219119
0.8890000000000016 0.0000000000218456
0.8900000000000016 0.0000000000217683
0.8910000000000016 0.0000000000216799
0.8920000000000016 0.0000000000215805
0.8930000000000016 0.0000000000214700
0.8940000000000016 0.0000000000213486
0.8950000000000016 0.0000000000212160
0.8960000000000016 0.0000000000210725
0.8970000000000016 0.0000000000209180
0.8980000000000016 0.0000000000207526
0.8990000000000016 0.0000000000205762
0.9000000000000016 0.0000000000203890
0.9010000000000016 0.0000000000201910
0.9020000000000016 0.0000000000199822
0.9030000000000016 0.0000000000197625
0.9040000000000016 0.0000000000195323
0.9050000000000016 0.0000000000192916
0.9060000000000016 0.0000000000190401
0.9070000000000016 0.0000000000187785
0.9080000000000016 0.0000000000185064
0.9090000000000016 0.0000000000182241
0.9100000000000016 0.0000000000179320
0.9110000000000016 0.0000000000176296
0.9120000000000016 0.0000000000173175
0.9130000000000016 0.0000000000169958
0.9140000000000016 0.0000000000166644
0.9150000000000016 0.0000000000163238
0.9160000000000016 0.0000000000159738
0.9170000000000016 0.0000000000156148
0.9180000000000016 0.0000000000152470
0.9190000000000016 0.0000000000148705
0.9200000000000016 0.0000000000144856
0.9210000000000016 0.0000000000140925
0.9220000000000016 0.0000000000136916
0.9230000000000016 0.0000000000132826
0.9240000000000016 0.0000000000128660
0.9250000000000016 0.0000000000124426
0.9260000000000016 0.0000000000120119
0.9270000000000016 0.0000000000115747
0.9280000000000016 0.0000000000111310
0.9290000000000016 0.0000000000106812
0.9300000000000016 0.0000000000102257
0.9310000000000016 0.0000000000097646
0.9320000000000016 0.0000000000092985
0.9330000000000016 0.0000000000088276
0.9340000000000016 0.0000000000083523
0.9350000000000016 0.0000000000078729
0.9360000000000016 0.0000000000073901
0.9370000000000016 0.0000000000069040
0.9380000000000016 0.0000000000064153
0.9390000000000016 0.0000000000059240
0.9400000000000016 0.0000000000054310
0.9410000000000016 0.0000000000049366
0.9420000000000016 0.0000000000044412
0.9430000000000016 0.0000000000039453
0.9440000000000016 0.0000000000034492
0.9450000000000016 0.0000000000029543
0.9460000000000016 0.0000000000024603
0.9470000000000016 0.0000000000019678
0.9480000000000016 0.0000000000014778
0.9490000000000016 0.0000000000009904
0.9500000000000016 0.0000000000005066
0.9510000000000016 0.0000000000000269
0.9520000000000016 0.0000000000004481
0.9530000000000016 0.0000000000009176
0.9540000000000016 0.0000000000013812
0.9550000000000016 0.0000000000018380
0.9560000000000016 0.0000000000022873
0.9570000000000016 0.0000000000027284
0.9580000000000016 0.0000000000031604
0.9590000000000016 0.0000000000035828
0.9600000000000016 0.0000000000039947
0.9610000000000016 0.0000000000043953
0.9620000000000016 0.0000000000047837
0.9630000000000016 0.0000000000051590
0.9640000000000016 0.0000000000055204
0.9650000000000016 0.0000000000058672
0.9660000000000016 0.0000000000061982
0.9670000000000016 0.0000000000065126
0.9680000000000016 0.0000000000068093
0.9690000000000016 0.0000000000070876
0.9700000000000016 0.0000000000073462
0.9710000000000016 0.0000000000075842
0.9720000000000016 0.0000000000078008
0.9730000000000016 0.0000000000079944
0.9740000000000016 0.0000000000081640
0.9750000000000016 0.0000000000083090
0.9760000000000016 0.0000000000084277
0.9770000000000016 0.0000000000085194
0.9780000000000016 0.0000000000085824
0.9790000000000016 0.0000000000086159
0.9800000000000016 0.0000000000086182
0.9810000000000016 0.0000000000085885
0.9820000000000016 0.0000000000085253
0.9830000000000017 0.0000000000084271
0.9840000000000017 0.0000000000082929
0.9850000000000017 0.0000000000081208
0.9860000000000017 0.0000000000079100
0.9870000000000017 0.0000000000076588
0.9880000000000017 0.0000000000073656
0.9890000000000017 0.0000000000070289
0.9900000000000017 0.0000000000066471
0.9910000000000017 0.0000000000062190
0.9920000000000017 0.0000000000057429
0.9930000000000017 0.0000000000052170
0.9940000000000017 0.0000000000046396
0.9950000000000017 0.0000000000040092
0.9960000000000017 0.0000000000033240
0.9970000000000017 0.0000000000025824
0.9980000000000017 0.0000000000017825
0.9990000000000017 0.0000000000009223
