3.0000000000000000
2.6666667461395264
2.7272727489471436
2.7169811725616455
2.7184464931488037
2.7182633876800537
2.7182836532592773
2.7182817459106445
2.7182817459106445
2.7182817459106445
2.7182817459106445
2.7182817459106445
2.7182817459106445
2.7182817459106445
2.7182817459106445
2.7182817459106445
2.7182817459106445
2.7182817459106445
2.7182817459106445
2.7182817459106445
2.7182817459106445
2.7182817459106445
2.7182817459106445
2.7182817459106445
2.7182817459106445
2.7182817459106445
2.7182817459106445
2.7182817459106445
2.7182817459106445
2.7182817459106445
2.7182817459106445
2.7182817459106445
2.7182817459106445
2.7182817459106445
2.7182817459106445
2.7182817459106445
2.7182817459106445
2.7182817459106445
2.7182817459106445
2.7182817459106445
2.7182817459106445
2.7182817459106445
2.7182817459106445
2.7182817459106445
2.7182817459106445
2.7182817459106445
2.7182817459106445
2.7182817459106445
2.7182817459106445
2.7182817459106445
