3.1666667461395264
3.1333334445953369
3.1452381610870361
3.1396825313568115
3.1427128314971924
3.1408812999725342
3.1420717239379883
3.1412549018859863
3.1418395042419434
3.1414067745208740
3.1417360305786133
3.1414797306060791
3.1416831016540527
3.1415190696716309
3.1416532993316650
3.1415419578552246
3.1416354179382324
3.1415562629699707
3.1416237354278564
3.1415657997131348
3.1416161060333252
3.1415722370147705
3.1416106224060059
3.1415767669677734
3.1416068077087402
3.1415798664093018
3.1416039466857910
3.1415824890136719
3.1416018009185791
3.1415841579437256
