0.0250740051269531
0.0082592964172363
0.0036454200744629
0.0019102096557617
0.0011200904846191
0.0007114410400391
0.0004789829254150
0.0003383159637451
0.0002467632293701
0.0001862049102783
0.0001430511474609
0.0001132488250732
0.0000901222229004
0.0000739097595215
0.0000603199005127
0.0000510215759277
0.0000422000885010
0.0000367164611816
0.0000309944152832
0.0000274181365967
0.0000231266021729
0.0000212192535400
0.0000174045562744
0.0000169277191162
0.0000138282775879
0.0000135898590088
inf
nan
nan
nan
