3.1666667461395264
3.1333334445953369
3.1452381610870361
3.1396825313568115
3.1427128314971924
3.1408812999725342
3.1420717239379883
3.1412544250488281
3.1418395042419434
3.1414065361022949
3.1417357921600342
3.1414794921875000
3.1416828632354736
3.1415188312530518
3.1416530609130859
3.1415417194366455
3.1416349411010742
3.1415560245513916
3.1416237354278564
3.1415653228759766
3.1416158676147461
3.1415715217590332
3.1416101455688477
3.1415758132934570
3.1416065692901611
3.1415791511535645
inf
nan
nan
nan
