0.0250740051269531
0.0082592964172363
0.0036454200744629
0.0019102096557617
0.0011200904846191
0.0007114410400391
0.0004789829254150
0.0003378391265869
0.0002467632293701
0.0001859664916992
0.0001432895660400
0.0001130104064941
0.0000903606414795
0.0000736713409424
0.0000605583190918
0.0000507831573486
0.0000426769256592
0.0000364780426025
0.0000309944152832
0.0000269412994385
0.0000233650207520
0.0000205039978027
0.0000178813934326
0.0000159740447998
0.0000140666961670
0.0000128746032715
0.0000112056732178
0.0000102519989014
0.0000090599060059
0.0000085830688477
